feature_evaluation_data/dense/herz_jesu/0001-small.png
919.8266666666666 0.0 506.89666666666665
0.0 921.8365624999999 335.7672021484375
0 0 1 
0.00320929 0.999994 0.000997781 -4.23231 
0.111242 -0.0013486 0.993792 -12.8649 
0.993788 -0.00307837 -0.111246 0.0678932 

feature_evaluation_data/dense/herz_jesu/0003-small.png
919.8266666666666 0.0 506.89666666666665
0.0 921.8365624999999 335.7672021484375
0 0 1 
0.267665 0.963503 0.00428434 -5.67296 
0.106626 -0.0340398 0.993716 -8.26979 
0.957594 -0.265526 -0.111846 0.354114 