feature_evaluation_data/dense/fountain/left_0005-small.png
919.8266666666666 0.0 506.89666666666665
0.0 921.8365624999999 335.7672021484375
0 0 1 
0.962742 -0.270399 0.00344709 -14.1604 
-0.0160548 -0.0444283 0.998884 -3.32084 
-0.269944 -0.961723 -0.0471142 0.0862032 

feature_evaluation_data/dense/fountain/right_0004-small.png
919.8266666666666 0.0 506.89666666666665
0.0 921.8365624999999 335.7672021484375
0 0 1 
0.890856 -0.454283 -0.00158434 -12.404 
-0.0211638 -0.0449857 0.998763 -3.81315 
-0.453793 -0.889721 -0.0496901 0.110559 