feature_evaluation_data/dense/herz_jesu/0002-small.png
919.8266666666666 0.0 506.89666666666665
0.0 921.8365624999999 335.7672021484375
0 0 1 
0.172591 0.984984 0.00429789 -5.23479 
0.125561 -0.0263284 0.991737 -10.1829 
0.976958 -0.170625 -0.128219 0.285673 

feature_evaluation_data/dense/herz_jesu/0004-small.png
919.8266666666666 0.0 506.89666666666665
0.0 921.8365624999999 335.7672021484375
0 0 1 
0.359338 0.933185 -0.00641675 -4.58094 
0.176807 -0.0613277 0.982333 -5.84533 
0.916305 -0.354124 -0.187031 0.298433