C:\Users\user\Documents\Research\FeatureCorrespondenes\data\origin\fountain\0009.png
2759.48 0.0 1520.69
0.0 2764.16 1006.81
0.0 0.0 1.0
0.84137 0.540262 0.0145864 -20.9553
0.00860137 -0.0403709 0.999148 -4.61897
0.540391 -0.840528 -0.0386139 -0.0303931

C:\Users\user\Documents\Research\FeatureCorrespondenes\data\origin\fountain\0008.png
2759.48 0.0 1520.69
0.0 2764.16 1006.81
0.0 0.0 1.0
0.928942 0.370116 0.00895096 -19.6309
0.000956298 -0.0265758 0.999646 -3.81958
0.370223 -0.928605 -0.0250414 -0.00781603
