C:\Users\user\Documents\Research\FeatureCorrespondenes\data\origin\castle\0011.png
2759.48 0.0 1520.69
0.0 2764.16 1006.81
0.0 0.0 1.0
-0.194639 -0.980869 0.00353191 24.8213
-0.169858 0.0372518 0.984764 -13.7242
-0.966056 0.191073 -0.173859 0.596135

C:\Users\user\Documents\Research\FeatureCorrespondenes\data\origin\castle\0013.png
2759.48 0.0 1520.69
0.0 2764.16 1006.81
0.0 0.0 1.0
-0.911239 -0.411504 0.0175407 16.3028
-0.0816411 0.222201 0.971577 -23.3803
-0.403705 0.883907 -0.236074 0.554704
