C:\Users\user\Documents\Research\FeatureCorrespondenes\data\origin\herzjesu\0003.png
2759.48 0.0 1520.69
0.0 2764.16 1006.81
0.0 0.0 1.0
0.267665 0.963503 0.00428434 -5.67296
0.106626 -0.0340398 0.993716 -8.26979
0.957594 -0.265526 -0.111846 0.354114

C:\Users\user\Documents\Research\FeatureCorrespondenes\data\origin\herzjesu\0005.png
2759.48 0.0 1520.69
0.0 2764.16 1006.81
0.0 0.0 1.0
0.44845 0.893807 -0.00146672 -4.05799
0.222462 -0.110026 0.968713 -2.77303
0.865681 -0.434746 -0.248179 0.600184
