feature_evaluation_data/dense/herz_jesu/0004-small.png
919.8266666666666 0.0 506.89666666666665
0.0 921.8365624999999 335.7672021484375
0 0 1 
0.359338 0.933185 -0.00641675 -4.58094 
0.176807 -0.0613277 0.982333 -5.84533 
0.916305 -0.354124 -0.187031 0.298433 

feature_evaluation_data/dense/herz_jesu/0005-small.png
919.8266666666666 0.0 506.89666666666665
0.0 921.8365624999999 335.7672021484375
0 0 1 
0.44845 0.893807 -0.00146672 -4.05799 
0.222462 -0.110026 0.968713 -2.77303 
0.865681 -0.434746 -0.248179 0.600184 