C:\Users\user\Documents\Research\FeatureCorrespondenes\data\origin\castle\0014.png
2759.48 0.0 1520.69
0.0 2764.16 1006.81
0.0 0.0 1.0
-0.962903 -0.268327 -0.0286181 10.1316
-0.0850306 0.201054 0.975883 -22.7412
-0.256102 0.942113 -0.216412 0.339821

C:\Users\user\Documents\Research\FeatureCorrespondenes\data\origin\castle\0016.png
2759.48 0.0 1520.69
0.0 2764.16 1006.81
0.0 0.0 1.0
-0.812039 0.583603 -0.000462797 -3.59693
0.134122 0.187393 0.973085 -21.7098
0.567982 0.790121 -0.230444 0.385599
