C:\Users\user\Documents\Research\FeatureCorrespondenes\data\origin\fountain\0009.png
2759.48 0.0 1520.69
0.0 2764.16 1006.81
0.0 0.0 1.0
0.84137 0.540262 0.0145864 -20.9553
0.00860137 -0.0403709 0.999148 -4.61897
0.540391 -0.840528 -0.0386139 -0.0303931

C:\Users\user\Documents\Research\FeatureCorrespondenes\data\origin\fountain\0007.png
2759.48 0.0 1520.69
0.0 2764.16 1006.81
0.0 0.0 1.0
0.995535 0.0943815 -0.00170578 -17.6302
0.003721 -0.02118 0.999769 -3.36186
0.0943235 -0.995311 -0.0214366 0.0325247
