C:\Users\user\Documents\Research\FeatureCorrespondenes\data\origin\fountain\0001.png
2759.48 0.0 1520.69
0.0 2764.16 1006.81
0.0 0.0 1.0
0.582226 -0.813027 -0.000148752 -8.31326
-0.0983866 -0.0706383 0.992638 -6.3181
-0.807052 -0.577925 -0.121118 0.16107

C:\Users\user\Documents\Research\FeatureCorrespondenes\data\origin\fountain\0000.png
2759.48 0.0 1520.69
0.0 2764.16 1006.81
0.0 0.0 1.0
0.450927 -0.892535 0.00679989 -7.28137
-0.0945642 -0.0401974 0.994707 -7.57667
-0.887537 -0.449183 -0.102528 0.204446
