feature_evaluation_data/dense/herz_jesu/0006-small.png
919.8266666666666 0.0 506.89666666666665
0.0 921.8365624999999 335.7672021484375
0 0 1 
0.508394 0.8611 -0.00651118 -3.38936 
0.205159 -0.113776 0.972093 -0.132223 
0.836328 -0.495542 -0.234505 0.897199 

feature_evaluation_data/dense/herz_jesu/0007-small.png
919.8266666666666 0.0 506.89666666666665
0.0 921.8365624999999 335.7672021484375
0 0 1 
0.625896 0.779905 -0.00167672 -1.35346 
0.192417 -0.152336 0.969417 2.36884 
0.755798 -0.607077 -0.245413 0.869515 