C:\Users\user\Documents\Research\FeatureCorrespondenes\data\origin\entry\0004.png
2759.48 0.0 1520.69
0.0 2764.16 1006.81
0.0 0.0 1.0
0.991201 -0.132257 -0.00537791 5.36394
-0.0374974 -0.319525 0.946836 -9.60514
-0.126944 -0.938303 -0.321673 0.329877

C:\Users\user\Documents\Research\FeatureCorrespondenes\data\origin\entry\0006.png
2759.48 0.0 1520.69
0.0 2764.16 1006.81
0.0 0.0 1.0
0.908136 -0.418657 -0.00380527 13.1219
-0.0902783 -0.204687 0.974655 -6.2745
-0.408825 -0.884776 -0.22368 0.395776
