C:\Users\user\Documents\Research\FeatureCorrespondenes\data\origin\fountain\0006.png
2759.48 0.0 1520.69
0.0 2764.16 1006.81
0.0 0.0 1.0
0.994915 -0.100715 0.00117536 -15.8818
-0.00462005 -0.0339759 0.999412 -3.15083
-0.100616 -0.994335 -0.0342684 0.0592619

C:\Users\user\Documents\Research\FeatureCorrespondenes\data\origin\fountain\0004.png
2759.48 0.0 1520.69
0.0 2764.16 1006.81
0.0 0.0 1.0
0.890856 -0.454283 -0.00158434 -12.404
-0.0211638 -0.0449857 0.998763 -3.81315
-0.453793 -0.889721 -0.0496901 0.110559
