C:\Users\user\Documents\Research\FeatureCorrespondenes\data\origin\fountain\0006.png
2759.48 0.0 1520.69
0.0 2764.16 1006.81
0.0 0.0 1.0
0.994915 -0.100715 0.00117536 -15.8818
-0.00462005 -0.0339759 0.999412 -3.15083
-0.100616 -0.994335 -0.0342684 0.0592619

C:\Users\user\Documents\Research\FeatureCorrespondenes\data\origin\fountain\0005.png
2759.48 0.0 1520.69
0.0 2764.16 1006.81
0.0 0.0 1.0
0.962742 -0.270399 0.00344709 -14.1604
-0.0160548 -0.0444283 0.998884 -3.32084
-0.269944 -0.961723 -0.0471142 0.0862032
