C:\Users\user\Documents\Research\FeatureCorrespondenes\data\origin\castle\0014.png
2759.48 0.0 1520.69
0.0 2764.16 1006.81
0.0 0.0 1.0
-0.962903 -0.268327 -0.0286181 10.1316
-0.0850306 0.201054 0.975883 -22.7412
-0.256102 0.942113 -0.216412 0.339821

C:\Users\user\Documents\Research\FeatureCorrespondenes\data\origin\castle\0015.png
2759.48 0.0 1520.69
0.0 2764.16 1006.81
0.0 0.0 1.0
-0.990234 0.139402 -0.00164336 2.68067
0.0207785 0.159234 0.987022 -20.9895
0.137855 0.977349 -0.160576 -0.289124
