C:\Users\user\Documents\Research\FeatureCorrespondenes\data\origin\herzjesu\0006.png
2759.48 0.0 1520.69
0.0 2764.16 1006.81
0.0 0.0 1.0
0.508394 0.8611 -0.00651118 -3.38936
0.205159 -0.113776 0.972093 -0.132223
0.836328 -0.495542 -0.234505 0.897199

C:\Users\user\Documents\Research\FeatureCorrespondenes\data\origin\herzjesu\0007.png
2759.48 0.0 1520.69
0.0 2764.16 1006.81
0.0 0.0 1.0
0.625896 0.779905 -0.00167672 -1.35346
0.192417 -0.152336 0.969417 2.36884
0.755798 -0.607077 -0.245413 0.869515
