C:\Users\user\Documents\Research\FeatureCorrespondenes\data\origin\castle\0012.png
2759.48 0.0 1520.69
0.0 2764.16 1006.81
0.0 0.0 1.0
-0.640069 -0.768299 -0.00524624 22.5565
-0.144444 0.113624 0.982968 -22.4049
-0.754617 0.629925 -0.183704 0.637345

C:\Users\user\Documents\Research\FeatureCorrespondenes\data\origin\castle\0013.png
2759.48 0.0 1520.69
0.0 2764.16 1006.81
0.0 0.0 1.0
-0.911239 -0.411504 0.0175407 16.3028
-0.0816411 0.222201 0.971577 -23.3803
-0.403705 0.883907 -0.236074 0.554704
