feature_evaluation_data/dense/herz_jesu/0005-small.png
919.8266666666666 0.0 506.89666666666665
0.0 921.8365624999999 335.7672021484375
0 0 1 
0.44845 0.893807 -0.00146672 -4.05799 
0.222462 -0.110026 0.968713 -2.77303 
0.865681 -0.434746 -0.248179 0.600184 

feature_evaluation_data/dense/herz_jesu/0007-small.png
919.8266666666666 0.0 506.89666666666665
0.0 921.8365624999999 335.7672021484375
0 0 1 
0.625896 0.779905 -0.00167672 -1.35346 
0.192417 -0.152336 0.969417 2.36884 
0.755798 -0.607077 -0.245413 0.869515