C:\Users\user\Documents\Research\FeatureCorrespondenes\data\origin\castle\0005.png
2759.48 0.0 1520.69
0.0 2764.16 1006.81
0.0 0.0 1.0
0.999554 0.0256577 0.0152526 5.93738
-0.00963004 -0.206467 0.978406 9.05511
0.0282528 -0.978117 -0.206128 0.299889

C:\Users\user\Documents\Research\FeatureCorrespondenes\data\origin\castle\0006.png
2759.48 0.0 1520.69
0.0 2764.16 1006.81
0.0 0.0 1.0
0.986744 -0.162221 0.00459356 13.1591
-0.0333958 -0.175275 0.983953 8.01508
-0.158813 -0.971063 -0.178369 0.468933
