C:\Users\user\Documents\Research\FeatureCorrespondenes\data\origin\fountain\0003.png
2759.48 0.0 1520.69
0.0 2764.16 1006.81
0.0 0.0 1.0
0.795163 -0.606377 -0.00477103 -10.8142
-0.050195 -0.0736593 0.996019 -4.53704
-0.604314 -0.791759 -0.0890082 0.122293

C:\Users\user\Documents\Research\FeatureCorrespondenes\data\origin\fountain\0001.png
2759.48 0.0 1520.69
0.0 2764.16 1006.81
0.0 0.0 1.0
0.582226 -0.813027 -0.000148752 -8.31326
-0.0983866 -0.0706383 0.992638 -6.3181
-0.807052 -0.577925 -0.121118 0.16107
