C:\Users\user\Documents\Research\FeatureCorrespondenes\data\origin\castle\0012.png
2759.48 0.0 1520.69
0.0 2764.16 1006.81
0.0 0.0 1.0
-0.640069 -0.768299 -0.00524624 22.5565
-0.144444 0.113624 0.982968 -22.4049
-0.754617 0.629925 -0.183704 0.637345

C:\Users\user\Documents\Research\FeatureCorrespondenes\data\origin\castle\0014.png
2759.48 0.0 1520.69
0.0 2764.16 1006.81
0.0 0.0 1.0
-0.962903 -0.268327 -0.0286181 10.1316
-0.0850306 0.201054 0.975883 -22.7412
-0.256102 0.942113 -0.216412 0.339821
