C:\Users\user\Documents\Research\FeatureCorrespondenes\data\origin\castle\0010.png
2759.48 0.0 1520.69
0.0 2764.16 1006.81
0.0 0.0 1.0
0.150451 -0.988602 -0.00558083 23.3943
-0.216797 -0.0385 0.975457 -7.71051
-0.964553 -0.145548 -0.220119 0.573282

C:\Users\user\Documents\Research\FeatureCorrespondenes\data\origin\castle\0011.png
2759.48 0.0 1520.69
0.0 2764.16 1006.81
0.0 0.0 1.0
-0.194639 -0.980869 0.00353191 24.8213
-0.169858 0.0372518 0.984764 -13.7242
-0.966056 0.191073 -0.173859 0.596135
