C:\Users\user\Documents\Research\FeatureCorrespondenes\data\origin\herzjesu\0002.png
2759.48 0.0 1520.69
0.0 2764.16 1006.81
0.0 0.0 1.0
0.172591 0.984984 0.00429789 -5.23479
0.125561 -0.0263284 0.991737 -10.1829
0.976958 -0.170625 -0.128219 0.285673

C:\Users\user\Documents\Research\FeatureCorrespondenes\data\origin\herzjesu\0003.png
2759.48 0.0 1520.69
0.0 2764.16 1006.81
0.0 0.0 1.0
0.267665 0.963503 0.00428434 -5.67296
0.106626 -0.0340398 0.993716 -8.26979
0.957594 -0.265526 -0.111846 0.354114
