feature_evaluation_data/dense/herz_jesu/0005-small.png
919.8266666666666 0.0 506.89666666666665
0.0 921.8365624999999 335.7672021484375
0 0 1 
0.44845 0.893807 -0.00146672 -4.05799 
0.222462 -0.110026 0.968713 -2.77303 
0.865681 -0.434746 -0.248179 0.600184 

feature_evaluation_data/dense/herz_jesu/0006-small.png
919.8266666666666 0.0 506.89666666666665
0.0 921.8365624999999 335.7672021484375
0 0 1 
0.508394 0.8611 -0.00651118 -3.38936 
0.205159 -0.113776 0.972093 -0.132223 
0.836328 -0.495542 -0.234505 0.897199 