feature_evaluation_data/dense/herz_jesu/0000-small.png
919.8266666666666 0.0 506.89666666666665
0.0 921.8365624999999 335.7672021484375
0 0 1 
-0.0552 0.998433 -0.00921322 -6.71999 
0.132982 0.0164966 0.990981 -14.2551 
0.98958 0.0534769 -0.133684 0.279539 

feature_evaluation_data/dense/herz_jesu/0001-small.png
919.8266666666666 0.0 506.89666666666665
0.0 921.8365624999999 335.7672021484375
0 0 1 
0.00320929 0.999994 0.000997781 -4.23231 
0.111242 -0.0013486 0.993792 -12.8649 
0.993788 -0.00307837 -0.111246 0.0678932 