C:\Users\user\Documents\Research\FeatureCorrespondenes\data\origin\fountain\0003.png
2759.48 0.0 1520.69
0.0 2764.16 1006.81
0.0 0.0 1.0
0.795163 -0.606377 -0.00477103 -10.8142
-0.050195 -0.0736593 0.996019 -4.53704
-0.604314 -0.791759 -0.0890082 0.122293

C:\Users\user\Documents\Research\FeatureCorrespondenes\data\origin\fountain\0002.png
2759.48 0.0 1520.69
0.0 2764.16 1006.81
0.0 0.0 1.0
0.666779 -0.74495 0.021334 -9.46627
-0.0831384 -0.0459057 0.99548 -5.58174
-0.740603 -0.665539 -0.0925429 0.147736
