C:\Users\user\Documents\Research\FeatureCorrespondenes\data\origin\fountain\0008.png
2759.48 0.0 1520.69
0.0 2764.16 1006.81
0.0 0.0 1.0
0.928942 0.370116 0.00895096 -19.6309
0.000956298 -0.0265758 0.999646 -3.81958
0.370223 -0.928605 -0.0250414 -0.00781603

C:\Users\user\Documents\Research\FeatureCorrespondenes\data\origin\fountain\0007.png
2759.48 0.0 1520.69
0.0 2764.16 1006.81
0.0 0.0 1.0
0.995535 0.0943815 -0.00170578 -17.6302
0.003721 -0.02118 0.999769 -3.36186
0.0943235 -0.995311 -0.0214366 0.0325247
