C:\Users\user\Documents\Research\FeatureCorrespondenes\data\origin\fountain\0008.png
2759.48 0.0 1520.69
0.0 2764.16 1006.81
0.0 0.0 1.0
0.928942 0.370116 0.00895096 -19.6309
0.000956298 -0.0265758 0.999646 -3.81958
0.370223 -0.928605 -0.0250414 -0.00781603

C:\Users\user\Documents\Research\FeatureCorrespondenes\data\origin\fountain\0006.png
2759.48 0.0 1520.69
0.0 2764.16 1006.81
0.0 0.0 1.0
0.994915 -0.100715 0.00117536 -15.8818
-0.00462005 -0.0339759 0.999412 -3.15083
-0.100616 -0.994335 -0.0342684 0.0592619
