C:\Users\user\Documents\Research\FeatureCorrespondenes\data\origin\castle\0007.png
2759.48 0.0 1520.69
0.0 2764.16 1006.81
0.0 0.0 1.0
0.911878 -0.410414 0.00628898 22.3953
-0.0936752 -0.193166 0.976684 6.95588
-0.39963 -0.891205 -0.214589 0.540451

C:\Users\user\Documents\Research\FeatureCorrespondenes\data\origin\castle\0008.png
2759.48 0.0 1520.69
0.0 2764.16 1006.81
0.0 0.0 1.0
0.648895 -0.760864 -0.00460934 26.1217
-0.153956 -0.137228 0.978502 3.87574
-0.745139 -0.634236 -0.206186 0.519044
