C:\Users\user\Documents\Research\FeatureCorrespondenes\data\origin\castle\0013.png
2759.48 0.0 1520.69
0.0 2764.16 1006.81
0.0 0.0 1.0
-0.911239 -0.411504 0.0175407 16.3028
-0.0816411 0.222201 0.971577 -23.3803
-0.403705 0.883907 -0.236074 0.554704

C:\Users\user\Documents\Research\FeatureCorrespondenes\data\origin\castle\0014.png
2759.48 0.0 1520.69
0.0 2764.16 1006.81
0.0 0.0 1.0
-0.962903 -0.268327 -0.0286181 10.1316
-0.0850306 0.201054 0.975883 -22.7412
-0.256102 0.942113 -0.216412 0.339821
