C:\Users\user\Documents\Research\FeatureCorrespondenes\data\origin\herzjesu\0002.png
2759.48 0.0 1520.69
0.0 2764.16 1006.81
0.0 0.0 1.0
0.172591 0.984984 0.00429789 -5.23479
0.125561 -0.0263284 0.991737 -10.1829
0.976958 -0.170625 -0.128219 0.285673

C:\Users\user\Documents\Research\FeatureCorrespondenes\data\origin\herzjesu\0004.png
2759.48 0.0 1520.69
0.0 2764.16 1006.81
0.0 0.0 1.0
0.359338 0.933185 -0.00641675 -4.58094
0.176807 -0.0613277 0.982333 -5.84533
0.916305 -0.354124 -0.187031 0.298433
