C:\Users\user\Documents\Research\FeatureCorrespondenes\data\origin\castle\0010.png
2759.48 0.0 1520.69
0.0 2764.16 1006.81
0.0 0.0 1.0
0.150451 -0.988602 -0.00558083 23.3943
-0.216797 -0.0385 0.975457 -7.71051
-0.964553 -0.145548 -0.220119 0.573282

C:\Users\user\Documents\Research\FeatureCorrespondenes\data\origin\castle\0012.png
2759.48 0.0 1520.69
0.0 2764.16 1006.81
0.0 0.0 1.0
-0.640069 -0.768299 -0.00524624 22.5565
-0.144444 0.113624 0.982968 -22.4049
-0.754617 0.629925 -0.183704 0.637345
