feature_evaluation_data/dense/fountain/left_0004-small.png
919.8266666666666 0.0 506.89666666666665
0.0 921.8365624999999 335.7672021484375
0 0 1 
0.890856 -0.454283 -0.00158434 -12.404 
-0.0211638 -0.0449857 0.998763 -3.81315 
-0.453793 -0.889721 -0.0496901 0.110559 

feature_evaluation_data/dense/fountain/right_0003-small.png
919.8266666666666 0.0 506.89666666666665
0.0 921.8365624999999 335.7672021484375
0 0 1 
0.795163 -0.606377 -0.00477103 -10.8142 
-0.050195 -0.0736593 0.996019 -4.53704 
-0.604314 -0.791759 -0.0890082 0.122293 