C:\Users\user\Documents\Research\FeatureCorrespondenes\data\origin\castle\0008.png
2759.48 0.0 1520.69
0.0 2764.16 1006.81
0.0 0.0 1.0
0.648895 -0.760864 -0.00460934 26.1217
-0.153956 -0.137228 0.978502 3.87574
-0.745139 -0.634236 -0.206186 0.519044

C:\Users\user\Documents\Research\FeatureCorrespondenes\data\origin\castle\0009.png
2759.48 0.0 1520.69
0.0 2764.16 1006.81
0.0 0.0 1.0
0.426283 -0.904452 -0.0157868 26.2209
-0.20412 -0.113177 0.972382 -2.16276
-0.881259 -0.411288 -0.232862 0.546378
