C:\Users\user\Documents\Research\FeatureCorrespondenes\data\origin\herzjesu\0000.png
2759.48 0.0 1520.69
0.0 2764.16 1006.81
0.0 0.0 1.0
-0.0552 0.998433 -0.00921322 -6.71999
0.132982 0.0164966 0.990981 -14.2551
0.98958 0.0534769 -0.133684 0.279539

C:\Users\user\Documents\Research\FeatureCorrespondenes\data\origin\herzjesu\0002.png
2759.48 0.0 1520.69
0.0 2764.16 1006.81
0.0 0.0 1.0
0.172591 0.984984 0.00429789 -5.23479
0.125561 -0.0263284 0.991737 -10.1829
0.976958 -0.170625 -0.128219 0.285673
