C:\Users\user\Documents\Research\FeatureCorrespondenes\data\origin\herzjesu\0003.png
2759.48 0.0 1520.69
0.0 2764.16 1006.81
0.0 0.0 1.0
0.267665 0.963503 0.00428434 -5.67296
0.106626 -0.0340398 0.993716 -8.26979
0.957594 -0.265526 -0.111846 0.354114

C:\Users\user\Documents\Research\FeatureCorrespondenes\data\origin\herzjesu\0004.png
2759.48 0.0 1520.69
0.0 2764.16 1006.81
0.0 0.0 1.0
0.359338 0.933185 -0.00641675 -4.58094
0.176807 -0.0613277 0.982333 -5.84533
0.916305 -0.354124 -0.187031 0.298433
