C:\Users\user\Documents\Research\FeatureCorrespondenes\data\origin\herzjesu\0001.png
2759.48 0.0 1520.69
0.0 2764.16 1006.81
0.0 0.0 1.0
0.00320929 0.999994 0.000997781 -4.23231
0.111242 -0.0013486 0.993792 -12.8649
0.993788 -0.00307837 -0.111246 0.0678932

C:\Users\user\Documents\Research\FeatureCorrespondenes\data\origin\herzjesu\0002.png
2759.48 0.0 1520.69
0.0 2764.16 1006.81
0.0 0.0 1.0
0.172591 0.984984 0.00429789 -5.23479
0.125561 -0.0263284 0.991737 -10.1829
0.976958 -0.170625 -0.128219 0.285673
