C:\Users\user\Documents\Research\FeatureCorrespondenes\data\origin\herzjesu\0004.png
2759.48 0.0 1520.69
0.0 2764.16 1006.81
0.0 0.0 1.0
0.359338 0.933185 -0.00641675 -4.58094
0.176807 -0.0613277 0.982333 -5.84533
0.916305 -0.354124 -0.187031 0.298433

C:\Users\user\Documents\Research\FeatureCorrespondenes\data\origin\herzjesu\0006.png
2759.48 0.0 1520.69
0.0 2764.16 1006.81
0.0 0.0 1.0
0.508394 0.8611 -0.00651118 -3.38936
0.205159 -0.113776 0.972093 -0.132223
0.836328 -0.495542 -0.234505 0.897199
