feature_evaluation_data/dense/fountain/left_0001-small.png
919.8266666666666 0.0 506.89666666666665
0.0 921.8365624999999 335.7672021484375
0 0 1 
0.582226 -0.813027 -0.000148752 -8.31326 
-0.0983866 -0.0706383 0.992638 -6.3181 
-0.807052 -0.577925 -0.121118 0.16107 

feature_evaluation_data/dense/fountain/right_0000-small.png
919.8266666666666 0.0 506.89666666666665
0.0 921.8365624999999 335.7672021484375
0 0 1 
0.450927 -0.892535 0.00679989 -7.28137 
-0.0945642 -0.0401974 0.994707 -7.57667 
-0.887537 -0.449183 -0.102528 0.204446