feature_evaluation_data/dense/herz_jesu/0001-small.png
919.8266666666666 0.0 506.89666666666665
0.0 921.8365624999999 335.7672021484375
0 0 1 
0.00320929 0.999994 0.000997781 -4.23231 
0.111242 -0.0013486 0.993792 -12.8649 
0.993788 -0.00307837 -0.111246 0.0678932 

feature_evaluation_data/dense/herz_jesu/0002-small.png
919.8266666666666 0.0 506.89666666666665
0.0 921.8365624999999 335.7672021484375
0 0 1 
0.172591 0.984984 0.00429789 -5.23479 
0.125561 -0.0263284 0.991737 -10.1829 
0.976958 -0.170625 -0.128219 0.285673 