C:\Users\user\Documents\Research\FeatureCorrespondenes\data\origin\fountain\0005.png
2759.48 0.0 1520.69
0.0 2764.16 1006.81
0.0 0.0 1.0
0.962742 -0.270399 0.00344709 -14.1604
-0.0160548 -0.0444283 0.998884 -3.32084
-0.269944 -0.961723 -0.0471142 0.0862032

C:\Users\user\Documents\Research\FeatureCorrespondenes\data\origin\fountain\0003.png
2759.48 0.0 1520.69
0.0 2764.16 1006.81
0.0 0.0 1.0
0.795163 -0.606377 -0.00477103 -10.8142
-0.050195 -0.0736593 0.996019 -4.53704
-0.604314 -0.791759 -0.0890082 0.122293
