feature_evaluation_data/dense/fountain/left_0002-small.png
919.8266666666666 0.0 506.89666666666665
0.0 921.8365624999999 335.7672021484375
0 0 1 
0.666779 -0.74495 0.021334 -9.46627 
-0.0831384 -0.0459057 0.99548 -5.58174 
-0.740603 -0.665539 -0.0925429 0.147736 

feature_evaluation_data/dense/fountain/right_0001-small.png
919.8266666666666 0.0 506.89666666666665
0.0 921.8365624999999 335.7672021484375
0 0 1 
0.582226 -0.813027 -0.000148752 -8.31326 
-0.0983866 -0.0706383 0.992638 -6.3181 
-0.807052 -0.577925 -0.121118 0.16107 