1439
446.872 2.96641
450.528 2.88476
464.488 3.1809
466.774 2.77295
919.236 2.875
433.009 3.77939
442.342 4.20763
466.118 5.39329
460.679 6.433
430.799 7.04994
437.211 7.2105
641.108 6.49286
449.404 8.32532
441.174 8.21753
505.575 8.7822
266.122 10.1936
433.095 10.57
462 9.03409
604.127 9.63297
691.728 10.014
20.8204 10.9766
4.24215 11.9048
447.014 12.44
452.008 11.7454
458.045 12.2385
497.355 11.9071
437.124 12.7261
427.695 13.7418
453.785 14.2048
433.009 15.1639
632.606 14.7896
959.959 14.6014
21.6584 16.8516
436.614 17.6745
443 19
919.143 18.8571
663.218 18.939
452.346 20.0608
937.813 19.2143
441.547 21.2001
548.773 21.3356
779.24 20.273
446.928 21.8859
449.599 21.5886
934.05 22.9242
943.805 23.2144
382.922 24.375
921.028 23.9521
378.833 25.7914
619.027 25.8052
626.909 26.2055
355.188 27.8025
378.146 28.107
930.092 27.5861
948.01 27.7712
129.769 29.0052
975.632 29.3198
498.646 30.0181
618.943 30.3647
614.251 31.0819
927.143 31.3967
950.033 32.9894
953.33 32.7534
954.491 32.8608
328.554 34.5642
721.114 35.651
459.329 36.6525
283.403 38.2913
712.967 38.3467
20.2163 39.4226
465.655 38.3063
3.26253 40.2034
274.56 40.5618
381.941 39.6296
581.621 39.6519
509.247 41.0288
961.508 41.4722
435.851 43.1273
738.774 44.0243
951.782 43.9945
20.8501 45.2483
921.764 45.8902
436.457 46.4742
1015.32 49.5142
438 52.3636
948.777 54.1461
579.991 54.2487
922.298 54.7398
426.581 55.9621
789.938 56.0483
1012.64 55.8849
233.68 57.7084
378.775 57.2226
941.923 58.697
782.492 59.7659
779.248 60.7083
373.323 62.6563
448.658 62.1746
383.66 63.1379
420.451 62.6106
489.013 62.4816
458.865 64.9445
466.456 65.5995
492.534 64.6243
942.324 65.753
445.379 66.5304
467.464 66.7557
18.4994 67.6055
19.7375 67.935
476.212 69.5327
688.99 68.8284
886.537 69.3331
318.47 69.7719
461.04 69.9436
472.867 69.8869
477.592 69.4581
23.8033 70.7623
276.068 70.8815
501.795 70.5412
507.338 70.6298
936.97 71.689
952.857 71.6297
471.432 73.1397
931.327 73.826
949.897 74.542
24.0733 75.09
953.508 77.9916
375.016 79.6322
531.173 80.9087
778.247 80.7888
780.588 81.8053
779.919 83.0561
951.769 85.0061
642.75 85.8069
234.769 87.1379
48.7835 88.0318
950.568 89.8344
51.879 93.2196
930.664 92.557
435.113 93.7407
206.973 94.9647
959.425 95.06
778.839 96.2067
952.433 96.8091
594.119 99.0343
252.357 101.173
128.542 102.938
593.503 103.526
926.101 103.645
314.541 105.625
943.618 109.915
945.808 111.37
557.494 112.389
760.412 113.946
737.262 116.23
906.058 115.408
924.596 116.797
272.009 119.109
322.116 118.606
187.27 120.292
925.123 123.565
936.306 128.887
613.827 129.123
926.165 130.108
804.827 132.478
319.247 134.198
324.45 141.193
950.47 141.38
951.209 141.579
329.878 145.131
923.655 146.006
332.529 146.775
538.762 146.981
338.101 149.23
263.924 149.998
692.488 151.414
923.684 152.205
910.725 153.108
534.571 153.469
548 154
902.872 155.935
481.529 157.454
545.058 158.249
944.272 158.065
958.117 157.744
238.864 159.105
316.882 158.89
532.643 158.839
914.55 158.901
576.321 159.937
481.045 161.176
496.674 161.733
185.155 162.389
545.226 161.529
483.108 163.914
480.796 166.271
450.505 167.413
456.93 167.678
597.337 167.777
480.664 169.435
916.313 168.667
808.345 169.958
114.856 172.191
480.419 171.518
929.014 172.33
122.335 173.201
718.91 173.574
123.623 173.596
467.281 173.515
490.258 173.896
453.583 177.353
345.862 180.061
381.35 179.875
374.357 182.238
475.873 182.288
734.281 181.89
383.196 182.882
483.691 182.911
716.758 183.292
722.885 183.268
381.119 186.297
361.297 186.299
352.611 189.134
380.902 189.231
946.936 189.23
214.356 189.816
294.565 193.546
319 193.787
211.872 193.835
126.71 194.71
951.638 195.751
315.99 197.893
375.591 199.384
977.038 199.977
255.537 201.03
949.837 200.997
951.895 201.943
840.518 202.841
935.967 202.716
485.537 205.261
945.966 205.255
452.89 207.606
485.618 206.618
410.521 209.174
210.345 210.939
434.224 218.482
906.869 227.948
458.497 231.459
429.048 232.383
438.139 233.54
433.958 234.211
420.038 235.306
442.673 237.053
446.546 238.058
398.446 239.175
399.722 239.53
452.836 239.813
450.425 243.485
453.186 245.269
952.821 247.054
454.931 252.106
942.359 254.513
259.039 256.083
528.208 256.029
941.118 256.045
459.927 258.715
959.459 262.379
173.469 267.61
697.452 270.238
365.415 270.896
425.044 271.225
850.65 271.436
312.288 271.682
790.55 273.847
424.768 274.775
422.964 276.727
413.959 280.723
125.323 283.159
927.883 283.749
971.698 285.49
978.15 287.046
728.733 292.187
483.098 294.197
419.756 295.199
471.923 295.058
343.901 299.388
952.043 298.166
726.806 300.431
492.305 300.808
552.533 301.047
262.122 302.181
467.116 303.374
948.239 302.85
474.931 304.252
516.958 303.959
728.985 304.755
939.389 305.058
375.102 305.899
441.326 306.951
846.511 307.68
393.231 311.063
840.548 310.641
940.307 310.868
950.294 310.959
729.246 311.927
378.296 313.552
728.388 315.965
483.212 316.812
553.123 317.249
922.709 316.954
939.027 317.033
536.252 318.005
541.433 318.079
569.634 319.444
262.366 322.622
445.074 322.688
365.758 324.351
795.114 324.19
798.749 323.584
439.279 325.022
491.43 327.38
263.54 328.371
485.058 328.062
184.571 329.51
261.827 328.673
425.333 328.77
429.787 329.504
442.807 329.692
475.295 328.851
228.575 329.604
469.32 329.314
263.225 331.262
426.18 330.18
983.035 332.037
214.874 332.922
432.523 332.861
352.788 334.52
355.484 334.212
642.521 334.19
343.627 335.567
392.176 335.371
386.507 336.167
159.666 336.74
372.616 337.848
518.148 337.938
332.176 339.232
556.938 339.938
485.28 343.846
920.592 342.755
476.223 344.382
432.762 347.956
542.768 347.899
378.751 351.116
386.4 351.065
422.217 351.533
435.519 351.832
443.518 351.615
562.728 353.303
858.536 354.212
493.756 355.547
576.991 355.71
763.668 355.967
252.573 356.611
468.361 357.009
260.874 357.898
475.626 357.766
476.002 358.244
744.8 358.285
829.942 358.942
412.92 359.355
522.189 359.713
573.016 360.022
380.612 361.362
558.84 361.426
393.885 361.906
420.535 361.957
372.018 363.279
408.742 363.18
411.255 363.225
417.842 363.914
519.266 363.193
378.542 363.571
424.787 363.607
437.695 363.645
358.976 365.355
428.174 365.38
610.898 367.407
415.03 368.874
428.427 369.756
924.748 368.88
426.395 370.114
423.264 371.888
428 371
484.372 371.714
366.385 373.268
441.108 374.55
742.569 374.441
448.17 374.817
460.174 375.462
386.059 376.414
413.453 376.498
422.563 376.617
454.615 375.735
123.035 377.613
448 376
927.588 376.561
462.603 377.235
422.248 379.255
434.234 379.239
454.314 379.071
924.1 378.715
426.739 380.757
410.68 382.282
447.478 381.478
452.341 382.575
555.289 382.231
947.486 381.83
404.032 382.938
486.561 383.27
492.922 383.159
739.317 383.146
305.037 383.78
401.218 384.754
454 384.828
470.648 383.984
489.602 384.217
415.015 385.038
453.063 385.131
460.281 386.763
387.522 388.728
393.189 388.338
621.88 388.909
631.974 388.111
677.941 388.357
373.582 389.346
379.156 389.249
536.306 391.541
581.81 393.299
594.411 392.917
621.343 393.837
395.493 396.228
118.637 398.064
477.866 399.235
486.3 398.406
482.138 400.036
326.418 403.387
380.08 403.325
386.964 403.561
283.252 411.782
770.26 413.302
851.748 413.243
230.705 413.83
217.574 415.548
219.111 418.002
118.627 419.392
208.276 420.542
120.785 422.124
118.759 425.098
208.072 425.053
211.905 425.905
216.055 425.731
214.087 428.673
211.676 432.186
207.575 432.774
216.018 433.518
207.645 437.419
118.145 438.834
205.077 439.148
218.698 438.782
411.096 439.861
768.133 439.998
210.252 441.247
213.962 440.545
638.594 441.26
120.318 442.097
207.041 442.208
409.41 442.487
493.155 442.137
513.243 442.269
557.033 441.825
580.802 441.822
217.04 442.408
342.667 442.889
451.774 442.297
671.538 442.975
245.846 443.605
278.473 444.209
293.41 443.673
674 444
739.258 443.341
465.25 445.75
479.632 445.468
527.584 445.262
542.347 445.217
596.209 444.754
611.434 444.931
642.717 444.854
353.13 446.191
365.824 445.959
420.322 445.577
239.073 447.235
268.333 446.547
455.009 448.28
516.043 448.301
554.784 447.934
583.492 448.662
625.848 447.947
929.793 448.247
121.527 449.35
274.755 448.583
296.214 449.297
472.568 449.51
534.879 449.799
604 450.585
262.729 450.414
718.568 451.141
928.477 451.394
232.632 453.612
708.79 456.892
285.312 460.049
333.943 459.697
709.902 460.018
568.755 461.283
569.01 460.356
431.633 462.923
455.193 462.692
491.627 463.028
497.987 463.283
515.942 463.168
555.196 463.953
562.399 464.212
583.146 463.668
626.819 464.049
72.4447 466.971
293.772 467.709
378.29 468.016
433.166 469.035
799.249 468.215
493.19 470.306
659.07 469.706
932.711 470.219
218.074 485.863
166.394 491.09
153.414 494.464
829.078 505.978
979.159 505.791
725.633 506.854
742.721 506.331
113.723 508.309
738.505 508.003
981.719 508.32
164.396 509.126
116.714 509.779
599.524 513.966
548.355 515.341
970.798 515.091
540.141 516.398
153.469 519.536
971.122 521.121
506.275 523.057
971.656 524.709
101.526 526.028
496.112 526.193
151.789 528.568
509.741 529.515
541.963 529.059
549.34 531.946
498.873 537.766
117.459 539.795
151.339 541.78
495.39 544.546
241.17 544.623
144.416 547.775
960.259 548.779
972.586 548.729
43.0848 550.068
143.458 550.032
205.243 549.908
365.249 549.982
131.974 551.052
214.912 550.956
326.141 551.099
116.853 551.422
233.277 552.911
423.305 552.547
521.872 553.147
241.196 554.283
284.94 556.191
836.81 557.37
873.95 557.099
318.018 560.032
422.434 560.274
845.01 560.006
973.776 560.776
326.41 560.911
235.114 565.779
202.82 566.933
521.105 568.123
56.2139 572.983
319.758 573.832
440.205 575.208
559.717 575.511
61.9078 576.03
703.503 579.424
437.237 581.254
990.591 581.743
798.835 583.53
955.44 591.731
892.678 594.618
935.379 595.655
932.93 596.501
930.25 598.75
903.012 599.104
921.904 599.405
934.251 601.529
992.26 602.281
935.058 604.526
39.5516 604.905
996.596 607.031
913.923 608.128
994.555 609.578
917.245 611.45
995.603 610.825
914.807 614.058
906.914 621.957
940.718 621.593
926.474 622.947
221.266 624.222
932.494 624.575
765.202 625.793
770.338 628.408
774.579 627.936
14.5554 630.936
255.796 634.548
258.983 636.45
232.508 637.894
275.856 637.548
279.508 637.643
721.848 637.972
236.409 639.352
253.608 640.159
581.897 640.139
256.627 642.77
262.415 678.97
460 6
903.984 5.372
464.125 4.825
441.73 8.73045
462.822 9.01977
20.6663 9.29359
266.068 10.3831
919.72 10.7761
6.58189 13.8108
426.778 14.0634
481.957 13.3418
431.38 15.8801
435.709 15.8321
21.1714 17.7755
430.75 16.75
943.49 21.1446
382.327 23.273
920.789 26.433
499.118 30.3401
613.895 32.9094
19.7202 37.5818
460.04 37.0695
464.562 40.187
581.95 39.4811
274.418 40.7118
4.94863 42.0699
437.779 45.2247
462.211 46.6336
402.064 53.5697
406.196 52.421
453.534 53.4174
837.112 56.035
631.307 57.4108
787.324 56.6107
378.437 58.4946
952.645 58.8698
421.455 61.7074
448.57 63.2516
383.6 64.3729
491.935 65.1667
17.9745 66.6928
466 65
956.416 67.1235
931.907 67.907
942.301 67.5831
23.0375 70.2072
476.371 69.8408
472.046 72.6063
932.364 72.4674
373.174 72.4113
695.458 74.7599
375.23 78.3271
513.666 81.9349
842.755 85.8294
47.9514 88.2734
49.312 96.2441
952.55 96.0779
593.614 103.361
926.101 103.645
315.288 105.392
943.191 104.695
556.967 113.131
189.131 120.108
570.988 121.768
803.698 132.528
619.557 134.125
325.496 140.957
951.175 141.52
333.499 147.217
548.084 148.839
338.709 151.654
692.96 151.431
923.935 153.554
346.399 155.77
829.846 157.952
316.882 158.89
511.667 159.779
550.35 159.933
544.763 160.76
498.026 163.052
450.176 168.176
453.641 175.84
483.975 183.963
307.107 192.224
648.075 196.879
984.889 199.155
255.529 201.347
839.531 203.093
314.713 204.697
485.707 205.641
917.085 205.69
705.575 213.517
403.969 214.882
912.67 224.243
429.445 234.432
424.737 235.672
438.303 235.218
412.897 243.616
407.213 252.975
942.134 254.119
459.097 257.584
528 256
173.158 267.455
514.159 271.631
697.339 271.147
849.43 271.748
790.691 273.688
258.242 276.129
544.291 283.22
672.098 286.712
942.05 288.53
929.951 291.595
477.085 296.427
626.792 298.279
622.357 303.275
938.983 302.974
379.897 305.986
846.401 306.407
540.636 318.216
265.75 320
433.617 321.797
692.215 323.14
366.234 325.611
264.273 328.601
425.571 330.54
430.489 329.586
200.515 334.7
642.514 334.815
342.762 335.824
518.082 337.167
476.234 344.558
386.425 350.985
429.205 351.737
442.75 350.049
712.869 351.956
562.719 355.646
476.377 357.101
441.1 360.536
379.99 362.044
558.843 361.434
393.658 362.727
428.139 370.172
326.737 370.952
921.641 370.438
234.551 372.267
366 373
408.089 373.58
583.312 374.231
419.301 374.849
407.962 376.845
122.975 377.618
418.234 378.239
436.139 378.394
430.661 379.665
459.081 378.589
415.805 381.272
445.812 381.581
544.527 383.098
460.774 385.3
470.332 385.09
235.929 389.119
521.492 390.94
635.201 397.909
486.319 399.478
477.663 399.933
618.498 402.118
924.518 403.748
761.602 412.065
771.128 413.132
217 415
207.005 416.755
216.052 420.29
212.031 425.408
216.01 428.804
937.358 435.201
207.071 441.365
417.948 441.681
630.25 442.75
637.055 441.142
450.234 442.636
510.774 442.547
672.339 442.933
739.122 443.771
279.864 445.095
291.528 444.154
406.865 445.834
465.45 445.905
479.945 445.921
527.452 445.454
542.673 445.468
251.887 448.06
268.48 446.662
456.057 447.842
518.221 447.695
555.208 448.75
732.207 446.804
120.81 449.09
297.249 448.508
535.012 449.012
604 450
666.15 450.092
202.985 454.804
716.819 455.515
799.945 458.512
503.115 460.862
576.085 463.928
929.785 464.674
514.75 471.25
580.863 469.863
932.866 470.85
153.317 495.348
742.834 505.58
731.884 507.274
978.677 509.324
151.732 515.069
540.141 516.398
153.418 519.578
971 521
979.881 527.319
714.192 537.112
471.319 546.475
949.728 547.845
326.129 551.103
440 551.316
423.211 552.367
738.044 551.838
982.909 551.684
241.522 553.426
781.956 553.953
985.768 556.383
870.788 558.651
600.442 559.925
689.61 560.92
981.465 561.328
450.603 564.072
473.735 569.754
567.36 576.078
703.584 579.072
984.5 580.5
426.5 582.5
799.29 584.093
990.6 594.3
897.13 597.858
890.661 597.998
929.146 598.671
904.469 599.697
922.174 600.174
914.41 606.338
996.681 608.266
911.244 611.24
918.302 611.359
914.846 614.815
982.335 615.176
901.643 621.226
908.467 621.709
940.958 622.958
897.86 623.685
902.119 623.456
970.905 631.648
253.95 634.242
276 639
280.894 637.525
231.964 638.786
690.951 7.58349
904.155 6.73715
942.784 7.04512
441.467 8.4584
434.5 12.5
437.265 11.2894
500.755 10.7265
920.301 13.667
436.352 16.456
364.376 18.7895
943.665 18.0727
436.011 20.2709
956.205 23.207
614.416 24.9878
626.484 26.3873
921.053 26.5116
130.561 29.3583
378.325 28.3235
944.805 32.902
920.923 34.2264
20.7439 37.289
952.083 44.2196
19.9424 47.9442
812.467 50.8192
304.643 52.1746
404.209 53.1975
441.097 53.5588
453.75 53.25
937.919 58.8239
422.25 62.25
782.497 60.132
375.085 61.5214
448.517 63.6591
758.652 62.1249
931.849 64.1882
17.2129 66.0132
476.654 71.1025
22.0356 73.775
274.802 74.323
373.799 72.6614
951.644 76.81
523.207 83.0221
779.713 82.591
370.5 82.5
411.332 92.778
600.585 92.5989
952.615 96.5
48.4973 95.8651
756.213 100.303
129.033 103.23
926.425 102.119
315.847 104.594
559.948 105.338
945.75 110.25
760.397 113.02
556.394 113.34
925.083 114.1
803.514 133.01
321.637 134.249
926.944 134.117
694.858 145.087
538.317 147.057
548.334 149.089
693.75 152.25
346.649 156.02
531.938 158.514
944.517 157.912
560.191 160.039
914.486 160.473
544.913 160.733
929.029 163.627
499.318 163.502
447.572 167.928
479.975 168.771
800.745 170.677
343.607 173.106
454.146 172.445
488.868 177.216
462.328 182.485
214.5 192.5
322.5 194.5
553.475 193.449
126.953 195.075
283.857 197.133
647.939 196.557
364.085 198.767
984.5 200.5
312.845 205.021
917.597 213.397
403.328 214.672
359.709 216.36
435.202 217.995
205.544 220.593
386.793 222.667
644.631 224.857
381.001 226.968
407.968 226.721
399.143 239.427
549.024 239.033
416.992 240.503
449.437 241.737
526.5 257.125
540.365 260.368
611.646 262.687
437.625 269.833
424.079 272.016
246.021 278.315
425.588 286.235
686.36 290.36
722.94 288.352
425.557 291.789
622.349 292.759
637.745 293.361
930.162 292.896
417.302 296.443
626.964 299.498
553.415 300.52
476.114 303.951
622.487 303.985
443.547 313.507
485.036 314.489
537.889 318.66
269.38 319.428
386.842 323.371
682.08 325.146
269.621 327.134
214.3 332.67
340.491 336.617
919.942 341.788
440.183 345.306
476.682 345.062
484.684 345.151
386.25 351.75
424.39 354.348
430.3 350.7
853.238 352.494
252.987 356.391
449.863 356.21
416.175 358.718
420.378 364.277
409.558 368.392
457.923 368.026
486.044 369.015
427.749 369.96
924.759 369.884
366.514 373.532
417.411 373.931
580.5 373.295
411 374.5
462.275 375.62
453.335 383.144
454.892 386.419
619.102 386.157
246.478 388.609
321.268 391.806
521.747 393.24
634.972 398.055
759.804 412.014
845.651 412.318
118.86 417.131
214.281 420.5
119.903 422.66
939.744 423.744
118.799 428.684
208.446 429.493
215.681 429.681
118.836 435.74
213.284 437.221
656.225 440.715
413.509 441.495
434.968 442.626
496.569 442.844
510.207 443.013
559.758 442.319
578.122 442.475
243.002 444.668
282.474 444.836
302.412 447.012
316.643 446.566
349.29 448.387
353.527 446.643
366.51 446.496
457.295 447.169
472.601 446.86
480.195 446.171
585.853 447.729
622.669 447.137
120.873 448.997
332.582 460.842
440.557 462.434
457.506 461.185
518.765 461.053
569.26 461.226
654.249 460.181
585.888 461.91
560.396 469.844
579.205 469.104
629.506 470.736
715.991 476.42
880.111 480.538
154.949 490.479
153.397 495.399
116.171 507.471
979.58 509.451
120.209 516.412
980.63 516.366
984.547 522.955
101.853 526.986
982.637 528.819
713.302 536.785
118.559 539.87
106.021 542.173
145.666 545.562
737.745 545.706
42.532 550.508
133.263 551.056
231.593 553.342
391.177 552.7
954.245 552.55
810.678 554.681
869.084 558.129
328.602 560.792
422.775 560.639
568.697 576.613
999.254 576.905
984.378 579.389
979.35 581.47
426.179 582.223
984.168 581.007
990.405 582.302
185.676 587.302
935.63 596.991
891.035 598.426
928.78 599.458
934.87 600.151
935.413 602.5
920.811 611.139
891.141 617.208
913.689 616.464
922.204 620.505
935.239 620.298
896.973 623.125
231.749 638.709
238.406 638.589
273.097 637.76
252.126 640.726
257.829 642.474
468.57 11.0297
426.682 13.7758
460.224 12.9934
943.476 18.804
18.29 21.8765
935.146 21.0256
620.25 29.9773
950.567 29.0036
418.072 58.0683
934.771 58.6813
377.286 60.2516
427.687 62.5587
16.0592 63.6638
23.5163 69.8612
492.146 72.4855
369.857 83.9156
846.049 85.3512
361.207 88.0439
925.552 100.021
322.413 102.808
559.388 104.296
925.211 112.353
945.009 117.009
532 160
507.971 162.663
521.5 165.5
445.872 168.839
913.894 174.708
387.901 178.752
912.961 175.389
313.818 202.818
428.829 209.452
707.813 214.509
741.981 213.98
548.5 238.5
437.971 270.519
696.98 271.648
848.197 271.522
425.043 277.491
926.526 276.931
423.895 286.418
544.324 289.657
422.967 289.287
637.79 293.612
929.5 297.5
639.298 297.949
442.21 307.815
425.144 313.66
433.604 321.11
439.227 324.785
447.401 323.728
423.394 327.464
649.817 333.537
440.592 351.157
430.1 352.216
852.92 352.204
418.36 357.67
454.708 368.704
427.749 369.96
414.294 371.577
457 379
346.469 376.994
428.734 377.624
586.659 380.659
923.215 387.176
321.03 391.132
523.064 391.655
757.616 412.389
938.788 419.242
120.929 433.496
513.338 431.648
415.942 441.532
636.983 444.85
594.453 445.06
613.655 445.011
586.859 446.402
120.5 448.5
569.231 461.686
808.2 478.87
978.542 502.4
95.9454 524.674
150.946 525.805
118.417 538.209
739.236 540.455
640.251 553.572
690.949 560.189
943.916 562.14
186.746 586.373
954.374 598.387
914.874 601.062
910.573 602.485
927.738 603.998
890.5 616.5
913.373 619.354
931.429 619.422
980.907 627.097
461.5 20.5
901.274 17.962
920.281 16.4275
15.8219 28.8574
920.1 28.6571
441.264 48.2636
405.434 54.8783
417.161 56.2143
785.096 57.9605
17 65
378.361 62.7605
391.425 66.3151
426.127 63.9186
493.65 67.9
941.151 73.9349
497.057 85.177
46.8881 88.7885
411.394 91.6788
954.345 96.7277
324.029 134.659
785.118 134.264
918.255 136.016
336.487 143.544
561.439 153.439
913.549 147.894
342.211 155.251
508.335 162.964
522.106 166.301
547.826 167.174
445.022 169.363
929.682 168.573
344.863 174.338
389.15 180.425
427.938 209.63
482.681 213.875
917.217 214.618
914.902 228.231
384.574 229.489
422.712 239.238
550.553 241.226
631.776 282.818
425 287
720.256 290.101
430.516 292.551
638.29 294.112
929.996 300.224
348.731 313.092
442.08 310.143
268.754 320.922
433.228 320.946
425 329
447.079 331.382
438.5 333.304
650.317 334.037
930.067 349.319
439.134 352.141
852.493 353.208
417.5 361.5
542.212 360.954
553.664 358.81
546.337 365.425
428.51 370.457
586.25 377.5
456.738 379.705
439.926 386.195
245.104 389.55
924.267 388.019
484.942 400.279
778.002 413.606
937.13 415.843
121.231 424.811
213.784 421.781
416.125 440.634
933.268 447.335
121.726 449.697
99.1925 517.993
110.872 517.306
974.923 522.675
99.9119 522.475
122 525.5
91.6126 537.01
108.674 542.88
149 545
161.989 541.662
953.982 547.698
830.872 554.346
943.854 556.279
973.815 554.764
945.5 557.5
960.643 570.231
984.935 580.646
890.816 597.019
898.229 602.226
911.904 603.753
901.305 616.522
976.626 619.928
940.914 625.071
976.212 626.273
245.391 637.463
272 635
265.5 643.871
459.639 15.6394
448.207 24.8137
920.968 30.844
914.576 60.6346
933.667 59.8288
378.163 68.7083
46.1511 88.2793
522.005 86.8686
528.068 86.4661
554.5 104.5
914.896 97.7214
551.134 113.262
332.276 140.065
504.833 168.833
548.607 170.641
368.468 217.145
926.13 269.431
327.684 273.184
506.541 273.789
544.148 289.151
931.381 308.337
442.072 322.072
930.582 346.72
438.697 354.679
416.282 366.526
452.937 375.532
321.067 392.846
937.582 410.537
242.387 446.91
933.268 447.335
194.805 501.309
107.57 512.5
121.5 528.071
992.5 547.5
945.22 558.932
962.45 581.402
912.362 600.2
943.261 598.977
899.082 611.46
981.794 616.829
978.09 625.68
468.595 51.413
430.836 61.8958
491.614 75.6591
548.678 111.773
939.943 123.786
526.508 168.91
469.935 197.908
320.471 213.276
324.571 209.061
428.156 244.925
576.302 245.634
411.633 285.066
627.746 290.879
288.868 314.324
418.017 321.003
627.307 323.698
931.429 338.455
457.853 355.5
429.261 366.835
419.5 392.232
212.687 436.745
190.5 502.5
90.3778 523.338
136.403 519.185
111.581 543.405
988.719 547.406
958.812 584.296
931.5 616.306
256.296 637.613
401.558 77.7531
43.1414 87.3526
533.5 113.5
941.326 124.905
342.599 136.294
331.532 170.395
578.789 192.56
319.992 214.786
284.197 315.694
662.254 329.053
929.5 324.94
271.016 344.398
941.798 468.156
679.603 496.064
149.5 521.5
76.6622 520.108
114.688 523.936
965.5 593.5
