1351
682.418 3.96524
767.953 4.02288
825.829 5.40359
428.765 6.77224
437.678 8.84541
429.616 10.4109
840.105 9.84739
844.798 9.90424
439.285 10.8167
640.454 10.9077
58.2897 13.353
433.183 12.9628
619.3 12.7072
99.9368 14.9419
431.231 14.8622
437.915 14.6966
508.049 14.9269
428.264 16.253
830.032 16.3824
838.55 15.6158
440.106 16.5607
422.504 18.3005
644.546 18.3745
827.309 18.2476
838.07 17.6445
854.425 17.8061
873.966 18.0839
221.197 19.1371
419.835 19.2119
439.984 19.1222
466.554 18.4858
424.198 20.282
431.553 20.5499
827.385 20.154
844.537 21.4907
107.474 21.7054
417.75 23.6226
423.631 22.6307
426 22.0639
441.948 22.9153
444.83 23.497
843.596 23.6309
837.444 24.2617
144.912 25.1674
381.89 24.6774
427.242 25.2421
437.506 24.5612
428.851 25.8607
441.024 25.0252
146.927 26.6959
852.373 26.6983
368.049 27.8537
401.417 27.5962
442 27
473.642 27.7898
859.104 28.134
869.487 28.5336
427.877 29.048
433.511 28.9029
418.495 30.5883
436.511 29.6059
442 30.6
833.897 30.2567
486.748 31.4852
610.085 31.0675
1013.59 32.0596
146.392 33.1323
421.29 33.7693
428.426 33.7691
832.893 34.0149
836.37 33.9769
839.105 33.8544
1001.54 33.9967
440.013 35.989
341.466 35.8995
416.841 35.9541
430.99 35.9058
441 36.2917
442 37.8836
495.401 36.939
680.322 36.5915
425.964 37.87
449.868 39.2628
831.302 39.6222
864.836 40.0776
437.709 40.421
860.397 40.9115
337.06 41.5848
427.215 41.7691
440.062 42.062
826.182 41.8098
830.691 41.6913
411.534 43.6796
424.131 43.2918
472.541 43.6677
861.073 44.189
414.938 44.9767
589.48 46.3688
831.081 45.8736
835.029 45.6759
96.0152 46.8732
423.584 47.4485
437.664 46.58
428.002 47.8947
826.881 48.109
417.29 50.4486
426.087 50.9206
435.62 50.1689
834.892 51.4798
419.741 51.7537
503.863 52.1768
560.786 52.6543
837.985 52.5566
826.956 52.7187
841.675 53.6293
848.774 53.4549
634.117 55.4092
141.54 56.1283
419.005 55.6528
555.324 56.5769
417.371 58.0696
551.642 57.809
307.845 58.7241
428.908 58.933
819.08 58.9612
848.677 60.2893
385.7 63.9409
467.318 63.6161
862.09 65.1341
386.046 65.1932
849.183 67.2112
843 67.36
382.043 68.6626
725.292 68.9102
839.243 68.6109
366.817 70.0565
416.031 69.8022
686.519 70.8817
94.8869 71.2623
861.939 72.6244
836.739 74.4676
842.138 74.2569
853.689 74.8035
678.131 76.092
860.462 76.0907
345.153 76.1492
421.64 77.5807
832.449 78.0406
765.019 78.6096
141.231 79.4535
837.122 81.1751
218.216 83.1061
403.794 84.2712
403.859 84.0419
833.311 86.1964
836.739 88.7038
409.648 90.4193
464.443 92.2547
833.123 92.9358
838.782 92.9855
839.393 93.6564
835.818 95.3922
843.695 94.7083
864.928 95.3365
93.9715 95.7489
730.235 97.5111
362.771 98.5055
867.168 98.0971
383.244 99.2586
678.583 98.6984
864.506 98.5051
419.995 100.304
463.388 100.029
833.866 99.9214
850.875 100.046
411.73 102.188
840.743 102.493
844.259 102.078
859.341 101.338
285.825 102.806
359.007 102.566
366.818 102.875
450.622 103.235
432.657 104.055
834.036 106.254
841.472 105.759
429.74 107.279
843.166 110.138
359.407 111.089
374.158 112.172
840.759 112.555
472.88 114.236
848.307 113.855
851.381 113.816
30.5147 118.789
95.5159 120.163
644.038 122.182
138.901 122.975
535.512 122.959
792.983 122.539
141.903 125.076
34.75 127.75
380.623 126.505
534.733 127.221
557.961 126.765
390.952 127.952
828.04 127.937
510.578 128.701
662.054 129.241
645.377 132.579
274.162 134.458
267.909 136.815
164.646 139.668
163.258 142.585
697.138 145.553
216.582 147.065
855.223 147.096
858.368 148.676
549.801 150.674
853.426 153.866
625.992 159.93
800.386 159.331
326.483 160.715
615.343 161.624
811.43 163.206
324.532 163.391
815.531 165.318
321.648 169.098
612.448 168.368
717.869 169.262
324.528 174.248
325.676 174.387
481.076 174.175
472.834 174.652
838.798 178.161
478.875 180
839.275 180.804
700.286 181.777
840.768 181.824
480.47 183.355
428.9 184.209
457.656 184.57
799.094 185.377
843.364 187.151
428.482 187.64
339.318 189.295
870.385 191.766
849.378 192.378
854.677 192.935
406.319 194.223
345.18 194.825
412.656 195.059
641.041 195.975
873.592 196.116
427.903 196.74
797.691 199.108
341.557 202.378
409.467 202.043
890.101 202.164
881.501 202.866
845.648 206.071
416.314 207.032
425.437 207.363
361.687 207.259
356.778 210.08
363.07 210.248
886.213 210.983
574.441 213.603
725.602 213.303
349.131 214.669
439.276 216.105
845.528 216.896
834.327 217.711
271.069 219.796
326.427 221.239
357.943 225.432
214.193 226.347
322.512 225.601
801.381 226.189
872.161 226.129
842.763 228.888
318.495 231.171
387.158 233.004
382.208 237.558
853.332 237.744
800.987 242.9
850.809 242.898
265.677 246.772
314.383 250.067
851.762 253.009
399.738 253.776
402.761 254.669
645.568 254.432
396.636 256.621
393.857 257.765
408.79 257.372
394.023 257.611
840.492 265.094
876.101 266.716
862.348 267.961
841.254 271.249
474.563 273.32
845.438 276.87
545.474 277.465
732.275 280.556
841 280.091
846.234 284.872
13.3615 288.795
10.1553 291.756
486.031 290.915
15.7561 291.639
394 291.172
849.559 291.761
9.15143 294.523
16.9173 295.119
8 296.199
17.0933 298.13
849.242 299.021
7.91211 301.906
17.5534 302.319
212.747 302.701
844.174 303.971
837.824 304.775
18.6687 305.183
27.0435 305.043
31.0623 306.938
426.709 310.249
633.038 310.97
838.502 311.039
6.30083 312.464
16 313
11.3843 312.884
22.75 313.75
23.5267 313.443
842.353 313.565
441.866 314.724
300.962 317.964
430.37 317.657
846 319
8.80763 319.518
726.986 319.114
723.678 319.717
842.811 320.621
846.298 323.791
364.968 326.777
843.034 327.857
436.141 329.045
844.653 329.111
480.33 330.129
482.627 330.253
503.888 331.151
4.62744 332.188
9.08646 331.891
848.702 331.92
14.4964 332.694
403.192 332.664
688.959 333.014
409.961 334.338
842.991 333.871
857.061 334.061
3.16849 335.423
17 336
2.80766 336.155
6.48059 337.509
12.8914 337.7
369.319 337.668
441.251 339.797
284.738 341.472
391.655 340.871
395.452 341.128
425.417 341.679
436.057 341.798
6.69684 343.169
11 344
3.38982 345.362
354.661 346.289
10.977 346.966
346.243 347.278
360.229 349.19
494.128 349.96
280.361 354.925
430.466 355.146
435.939 354.472
497.317 356.37
409.866 357.712
868.383 359.574
369.002 361.429
389.585 362.329
410.529 361.449
844.261 362.165
497.846 362.999
734.712 362.602
385.707 364.445
431.72 364.469
509.071 364.92
868.633 364.57
381.682 366.542
442.029 365.791
848.314 366.172
425.017 366.676
430.499 367.064
646.906 367.033
714.232 367.305
355.754 368.411
469.191 368.724
365.483 370.286
844.455 369.459
383.81 370.703
364.817 372.036
374.119 372.113
387.198 371.805
383.604 372.889
843.743 373.114
848.733 372.872
390.139 373.602
2.95541 374.702
355.615 374.955
844.7 376.163
373.161 377.515
377.686 376.678
388.191 377.818
282.171 379.859
384.927 379.932
436.142 379.506
850 380
815 381.079
420.886 383.299
210.371 384.326
369.192 384.095
383.63 383.784
402.59 383.957
856.436 383.715
410.694 386.232
394.967 387.967
807.866 386.881
814.797 387.802
387.988 388.101
390.592 387.362
418.15 388.035
852.605 387.662
409.304 389.509
436.972 390.251
411.652 390.9
425.849 390.682
441.617 390.892
641.51 391.187
409.648 392.076
417.649 392.037
355.497 392.879
289.112 394.168
853.373 395.162
360.183 395.809
534 395
540.34 395.428
827.636 395.869
479.109 398.909
521.374 400.104
539.138 400.338
533.49 400.589
430.935 405.344
436.601 405.41
364.341 408.251
368.783 409.286
846.013 410
300.983 414.955
850.535 415.215
270.093 417.61
263.753 418.866
267.711 419.65
846.354 418.574
206.037 419.579
264.854 421.518
850.159 421.259
207.447 422.465
206.025 425.111
846.597 425.338
266.243 425.931
265 428.588
268.7 428.587
846.918 428.965
851.552 430.415
265 432
266.245 432.468
861.364 431.732
205.293 443.328
266.582 442.769
289.282 442.809
297.039 442.884
321 444
328.885 443.2
373.584 443.152
401.026 443.857
430.933 445
271.745 445.723
442.731 444.535
474.395 444.669
489.644 445.022
524.82 445.23
530.731 445.401
303.753 446.248
344.873 446.03
300.301 447.444
420.563 446.514
662.525 446.602
331.404 447.688
500.077 447.8
512 448.75
404.273 449.065
641.603 449.246
458.51 451
492.056 451.139
300.616 456.818
800.919 455.719
624.525 456.558
794.468 456.467
323.556 458.126
395.041 459.975
435.98 461.569
808.715 460.715
848.204 460.958
404.238 462.025
823.381 462.308
481.678 462.815
445.383 463.656
852.886 464.335
492.268 465.003
689.051 465.009
389.352 467.606
848.47 468.47
429.839 469.41
250.285 470.664
852.064 470.865
206.196 472.05
196.255 472.775
201.712 472.689
688.514 474.613
849 476
164.332 479.503
848 479.519
853.478 480.061
795.519 486.301
860.284 486.491
716.916 490.783
167.068 493.899
862.038 506.173
170.426 507.426
643.799 510.541
850.195 510.93
640.289 512.104
854.839 514.456
796.279 518.589
850.324 518.448
853.341 521.102
490.03 521.903
449.254 524.249
198.103 526.048
850.85 525.87
873.36 526.488
851.366 529.013
100.523 530.339
105 530.269
142.033 529.706
855.436 530.19
192.151 533.234
869 534.211
878.347 535.568
869.276 540.243
328.341 544.889
124.193 547.026
240.053 552.839
425.244 557.762
868.004 557.224
852.133 561.849
797.654 562.98
324.089 565
747.662 564.9
857.254 564.697
860.772 564.793
723.257 566.332
474.197 568.946
76.0103 569.976
860.381 573.457
882.647 573.829
879.755 576.085
857.258 577.139
605.49 578.98
29.8615 587.01
679.453 587.395
179.836 592.18
911.529 592.577
977.095 594.105
994.107 596.227
190 600.257
191.446 602.902
194.02 602
754.355 602.315
172.73 603.63
201.836 603.828
183.233 605.111
204 604
181.08 606.07
752.575 606.318
762.034 606.824
784.404 607.342
778.261 608.646
788.888 614.519
771.586 616.432
752.658 622.424
772.089 622.516
622.077 624.037
628.091 626.345
765.91 630.133
559.951 630.796
761.377 631.75
781.201 631.925
793.497 631.826
762 632
855.479 632.864
795.468 634.709
855.391 636.991
65.036 652.957
274.982 675.864
666.68 678.624
834.065 5.92335
802.446 10.5009
837.239 9.4591
429.217 10.6281
436.761 9.26655
827.015 11.2351
840.617 11.8396
836.883 14.7576
852.181 14.9542
720.332 19.8841
826.625 20.6658
453.005 24.0906
147.141 25.6585
401.861 27.3424
436.48 28.6298
440.847 29.0214
837.153 29.6324
870.014 28.5182
427.75 29.0962
1013.15 32.0014
145.815 34.1678
444.169 34.7975
341.362 35.4005
600.097 36.4646
417.008 37.4016
428.663 41.0715
826.49 41.0367
471.861 43.2823
836.511 46.4289
435.988 50.7535
420.118 54.7257
842.179 56.0408
805.796 56.7909
627.075 58.7438
424.419 61.0453
848.148 60.605
618.733 61.5256
842.59 65.0158
378.671 66.3649
848.9 69.0785
853.486 74.12
419.771 76.0038
832 78
838.425 77.9959
839.859 78.2432
404.851 83.7771
833.63 85.3633
836.478 87.4784
854.727 87.6567
840.375 88.7578
409.174 90.2494
417.582 89.8645
843.085 93.3492
835.627 96.0532
384.861 100.032
413.372 99.4707
441.734 99.5664
863.968 101.416
396.919 104.183
844.699 103.688
432.012 105.734
837.264 107.383
841.169 106.723
359 109
848 114
782.981 114.512
54.2765 114.276
540.429 116.219
36.0529 119.316
141.288 124.213
793.357 122.813
141.333 129.302
508.75 127.75
160.537 138.68
506.27 138.303
162.057 146.827
256.044 159.525
799.708 159.307
843.304 160.853
611.949 161.95
324.213 163.719
813.7 164.965
322.601 168.665
477.515 166.95
611.008 168.083
480.089 182.675
457.057 185.114
474.695 184.737
847.593 186.624
843.902 187.245
347.229 194.445
405.173 195.111
414.036 195.286
427.155 195.198
848.887 196.708
409.405 199.279
890.04 202.64
416.314 207.032
725.043 213.438
845.741 215.853
326.969 221.218
347.623 221.743
842.141 227.272
318.874 230.981
789.328 231.668
835.65 237.245
267.362 238.693
851.159 244.776
385.9 247.889
851.95 252.39
474.191 273.372
842.326 273.06
844.279 274.479
732.01 281.067
842.511 282.65
395.781 285.921
846.234 284.872
849.214 291.431
394.507 294.475
13.007 295.042
482.722 297.457
7.58774 299.673
17.4753 298.354
529.592 298.228
591.459 298.684
849.244 300.298
838.16 303.327
19.5833 305.388
527.402 306.61
395.301 308.132
531.073 311.762
791.198 311.256
838.497 311.902
5.41099 313.037
17 313
22.4367 313.922
527.812 315.602
430.906 316.716
845.802 318.027
844.743 322.743
1016.95 324.752
12.5769 325.608
387.125 329.014
5.92991 330.315
397.406 330.159
14 333
598.66 334.682
16.6072 336.909
858.247 337.664
391.685 341.142
10.6247 343.987
11.0654 348.032
467.085 348.304
411.228 352.811
844.604 360.467
497.88 363.696
431.981 365.215
409.396 365.279
380.961 367.576
845.066 369.17
364.506 371.519
391.787 370.631
5.68318 374.734
383.215 372.896
808.322 376.523
390.383 378.068
417.977 380.097
373.452 383.519
395 387
390.312 386.775
378.705 389.224
405.091 393.344
441.198 393.171
330.988 396.29
853.199 395.524
468.084 398.294
521.273 399.336
542.78 404.761
850.68 406.656
846.182 410.265
850.244 415.739
658.718 419.203
847.667 418.351
850 420
266.727 424.449
206.08 427.575
846.79 428.015
264.179 429.223
851.988 431.908
205.588 434.932
207.163 439.538
296.038 443.435
376.567 443.098
400.261 444.39
207.264 445.565
303.778 446.113
312.706 445.774
527.366 446.07
410.414 447.288
420.82 447.096
451.7 447.617
405.948 448.109
447.11 449.148
513.432 448.633
493.713 450.663
520.066 450.476
829.917 453.259
852.486 456.294
848.364 459.369
811.479 461.243
493.664 464.804
389.561 467.212
851.831 465.799
848.772 468.123
851.875 470.028
475.262 470.699
193.651 473.158
210.707 472.25
524.929 472.928
849.588 476.572
164.026 486.732
796.737 485.888
850.842 508.756
718.254 517.182
852.414 518.756
820.134 521.111
873.155 526.53
851.008 528.708
356.284 535.86
877.055 536.417
873.376 540.763
632.463 551.286
864.519 558.176
877.694 561.283
860.473 564.159
871.103 566.869
885.048 567.091
475.56 569.007
862.586 574.721
679.507 587.731
911.065 592.681
859.299 594.938
188.939 601.64
174.47 603.128
757.397 605.365
752.559 605.662
764.725 607.348
783.804 607.938
778.409 608.454
789.873 609.743
807.148 613.362
771.578 615.057
776.431 617.995
877.56 621.608
960.8 620.823
771.986 624.478
761.438 629.34
766.785 629.49
757.709 630.213
793.642 633.322
918.204 633.21
428.801 7.54216
826.537 8.5513
802.694 10.7283
654.268 11.9707
508.575 14.1767
837.203 14.6963
430.375 16.4943
467.049 18.9475
725.195 18.2809
423.988 19.9461
95.7718 21.2405
418.341 21.4475
444.253 22.2215
453.317 24.4014
851.875 26.6837
472.475 28.3984
870.264 28.7682
446.812 29.5765
147.75 35.25
452.573 36.6611
495.735 36.5475
482.779 38.4579
826.843 38.4372
439.178 40.1776
414.394 42.2241
438.566 45.0226
560.733 52.8604
634.508 55.5103
837.941 56.6789
428.768 58.7107
838.475 59.8963
618.417 62.4281
862.18 63.5347
862.884 70.828
682.982 73.1921
832.705 74.3365
840.015 78.4979
404.823 84.852
833.25 86.25
854.603 88.36
418.654 89.9359
381.757 93.5524
839.779 93.0813
846.029 93.0053
398.011 97.501
731.803 96.9786
835.251 95.9088
863.54 97.1192
386.343 100.245
413.169 100.598
441.75 99.75
362.5 104.465
395.854 101.901
431.646 106.339
443.226 105.506
840.832 108.832
830.607 110.607
357.473 116.193
783.349 114.786
31.8334 117.763
658.503 116.474
34.823 126.686
140.047 127.069
380.613 128.1
324.5 164.482
813.309 164.169
497.798 172.147
840.62 179.084
488.681 181.675
504.748 182.565
456.331 186.927
788.086 194.475
409.972 198.446
797.432 198.717
342.25 202.565
845.426 213.928
834.505 217.091
270.362 220.439
215.023 227.169
647.984 226.795
802.589 226.849
319.64 231.85
429.382 233.823
398.222 233.761
589.036 240.106
266.528 246.549
385.983 246.096
851.323 247.462
363.145 250.977
484.941 256.807
418.275 272.298
473.889 274.289
686.28 284.108
14.25 290.25
849.75 290.25
14.5 294.5
529.381 299.539
396.133 301.49
630.476 299.444
839.113 300.386
537.029 303.029
538.5 302.25
843.202 301.854
486.58 303.957
542.905 304.513
532.25 306.654
27.3039 307.815
394.829 308.869
5.25 314.25
20.2528 314.293
431.414 315.817
528.5 318.5
409.961 319.961
845.775 320.37
12.878 322.514
6.42898 328.703
391.73 329.951
402.09 332.09
7.16414 334.935
290.369 334.856
412.642 333.785
846.162 339.108
551.34 344.517
8.41898 346.284
793.357 349.67
865.863 354.65
844.502 358.862
390.039 363.392
396.063 362.888
734.308 361.149
868.501 363.12
866.801 368.601
288.334 371.686
375.129 373.211
6.79705 374.183
385.223 372.5
376.462 378.196
391.145 378.037
793.188 378.786
807.085 378.913
372.422 380.141
378.803 382.373
418.228 381.288
510.69 382.558
349.093 383.761
377.184 383.982
854.25 386.25
378.595 391.265
410.751 392.077
286.997 395.022
824.454 397.581
853.342 397.329
479.297 399.285
799.455 412.749
820.359 416.114
849.56 418.009
669.181 420.522
726.508 420.538
207.622 423.032
267.207 421.836
268.085 428.733
266.437 436.045
266.149 443.25
377.561 442.317
433.765 445.85
440.747 444.74
452.247 448.329
464.809 448.715
498.916 448.818
826.5 452.5
835.045 453.311
568.939 454.634
798.5 458.022
799.813 456.006
810.5 462.5
481.699 464.298
494.594 463.176
431.075 468.311
854.072 470.08
227.638 471.395
197.124 471.282
210.622 471.108
688.622 473.745
622.304 481.653
165.673 482.997
798.336 486.292
650.721 489.05
170.329 499.572
712.109 511.949
101.76 530.701
873.52 530.517
877.037 536.37
873.668 540.993
852.443 558.37
599.279 563.279
800.332 564.396
324.895 564.791
870.918 566.526
865.034 575.091
846.601 581.453
909.416 592.834
977.565 599.453
188.25 602.25
199.57 604.178
186.173 606.49
788.652 607.446
788.323 614.225
877.474 623.295
752.998 625.01
771.932 626.543
786.844 632.092
945.464 632.276
776.745 633.721
856.326 636.853
852.021 10.7434
723.718 18.9151
145.796 21.6704
110.088 23.8756
838.002 25.1124
415.485 27.814
853.885 27.442
438.984 37.9555
471.515 43.6991
861.792 43.9209
860.039 46.9552
556.498 54.4286
726.681 58.8388
429.5 61.5
844.426 64.4262
834.687 69.6112
853.022 70.8593
859.231 75.8973
381.061 92.6637
397.405 97.2772
375.497 99.5465
365.422 105.216
840.817 106.548
35.207 120.276
140.91 126.242
507.368 129.456
696.832 144.879
813.632 165.411
325.029 169.066
455.197 187.948
620.003 228.676
399.395 232.099
791.987 231.42
434.048 233.879
835.162 239.32
484.623 256.6
13.1737 294.885
395.584 294.543
536.744 295.889
535 301
838.073 298.476
21.8712 301.101
486.64 303.606
394.813 302.701
541 307
27.4208 309.626
401.068 310.568
409.663 322.507
394.451 328.451
402.595 329.22
307.791 331.164
10.4839 334.129
401.653 332.891
16.2158 336.93
390.007 338.191
287.821 352.82
846.776 354.471
387.244 364.309
847.379 368.207
487.044 373.533
807.12 376.325
416.534 378.49
348.874 382.134
379.753 382.991
516.17 387.233
397.69 390.674
330.799 396.401
435.708 407.119
849.85 416.277
267.272 421.808
672.765 421.046
208.092 432.457
450.962 435.382
265.405 445.176
406.804 448.369
837.693 456.883
814.404 462.081
199.002 468.808
211 466
228.023 469.603
192.022 471.993
696.572 486.58
874 538
802.216 562.102
848.974 564.583
833.698 569.698
830.827 573.052
882.925 575.756
870.512 577.645
838.786 580.725
859.522 595.246
977.491 600.062
874.918 604.614
760 609.961
770.796 610.148
783.104 612.8
772.011 627.913
941.87 630.637
793.353 634.21
922.301 631.418
806.083 13.3503
145.974 17.8193
825.161 33.8915
1009.12 33.414
145.793 40.7991
416.932 41.7197
417.596 49.4916
433.5 61.5
861.5 77.025
830.173 81.6084
393.773 85.9186
846.623 87.7071
374.015 96.1842
392.083 98.5266
363.209 105.734
829.978 105.369
98.5456 115.175
57.583 115.826
136.505 127.482
381.104 129.342
505.785 129.819
159.16 139.812
480.313 190.933
336.404 214.88
853.311 220.05
432.948 235.5
368.541 253.131
553.712 293.893
388.063 302.301
487.757 302.965
542.078 306.253
25.7975 309.69
391.031 320.761
531.623 322.928
845.78 321.241
349.708 323.273
395.742 323.695
538.928 332.167
845.919 340.054
411.468 342.42
413.5 342.291
846.291 347.584
795.296 350.373
407.08 363.839
732.664 361.956
378.099 376.739
388.544 376.229
349.36 383.382
515.38 386.273
409.827 386.426
797.037 392.9
800.499 414.002
825.172 428.509
848.679 438.992
199.587 468.277
213.127 468.127
188.292 472.599
170.287 484.599
169.51 499.129
853.19 538.713
609.323 545.788
873.342 555.196
887.778 564.647
831.264 573.081
902.657 594.921
187.541 602.885
192.292 604.532
759.367 611.367
761.313 623.469
786.303 628.267
441.741 36.0047
418.235 43.5469
860.63 45.2965
817.117 95.4013
829.187 101.644
363.667 109.894
464.821 116.43
39.064 121.981
499.329 131.329
156.3 139.465
334.656 173.017
467.546 191.977
852.592 222.137
329.451 236.462
836.672 245.705
504.325 258.584
398.972 264.721
457.787 290.763
399.584 295.185
537.938 298.219
487.697 302.046
802.699 309.442
388.24 334.243
411.175 349.987
380.688 362.722
411.451 380.94
386.649 398.833
266.117 435.326
200.345 459.824
188.187 472.153
171.099 485.795
161.612 506.215
855.675 540.877
868.656 568.662
836.016 571.54
869.324 575.602
830.5 596.44
889.333 585.667
783.751 622.341
840.353 640.203
857.777 39.7435
440.992 55.0023
100.104 100.652
391.433 101.099
38.937 121.102
842.074 128.039
336.589 172.547
468.307 192.252
333.988 202.17
804.66 236.682
328.208 240.008
506.758 260.626
496.856 270.62
805.455 312.99
304.746 330.744
534.595 326.911
294.65 356.353
389.676 375.414
836.87 411.47
180.444 467.912
174.368 487.458
158.427 507.05
891.584 580.422
838.5 592.5
187.902 603.867
426.28 112.941
491.877 138.381
339.316 162.848
518.494 213.241
533.5 317.5
578.072 338.732
400.199 401.667
833.637 401.707
270.489 448.105
222.18 458.439
189.478 492.372
593.5 509.5
509.627 569.227
833.223 572.009
881.5 557.5
831.29 592.786
763.58 619.034
853.522 629.129
