1613
500.394 4.44844
510.497 5.22122
48.471 7.16129
509.294 6.55751
540.68 7.07159
933.981 7.41447
220.113 8.27459
511.612 7.71814
542.477 9.80782
885.711 10.4327
520.006 11.71
84.481 12.2146
534.518 12.5178
523.459 12.874
549.742 13.5658
618.215 14.0107
338.602 15.0237
370.692 17.1536
770.265 19.4448
290.241 19.8823
566.534 20.5674
1015.45 20.3546
761.801 21.1179
567.06 22.3829
663.947 25.624
215.931 27.1203
519.63 29.153
627.413 29.0951
638.425 30.4999
427.952 34.9756
937.959 39.0286
1016.36 40.3313
344.431 42.1947
945.21 42.9439
947.591 44.5673
346.54 46.5528
736.024 46.5821
863.486 47.8688
343.852 48.5743
1018.77 52.0162
827.464 53.0537
685.041 56.1059
722.086 59.2738
948.459 61.7458
79.7738 62.2878
203.869 61.8671
632.989 61.9295
323.699 63.4665
302.648 63.7471
165.164 68.1288
1019.26 69.727
666.58 72.3241
716.087 72.0048
942.449 72.8643
927.445 76.1044
942.852 79.1467
1019.41 81.4695
258.11 83.8904
450.562 84.1686
284.641 84.972
1019.4 87.2041
335.754 88.6333
940.684 87.5593
1019.25 90.9512
953.457 90.9966
808.438 91.7157
950.941 93.1446
956.2 92.8612
653.653 95.647
783.639 99.8653
661.154 100.589
949.458 101.518
99.0663 102.164
985.76 101.823
341.318 103.109
949.643 103.586
535.426 106.534
955.453 107.205
55.5686 108.208
372.769 107.867
591.916 109.421
533.739 110.939
560.905 112.617
496.374 112.773
513.516 113.066
541.889 113.454
954.348 113.158
576.049 114.261
281.338 115.302
502.602 114.504
612.909 115.019
996.928 115.82
495.514 116.586
533.74 115.892
404.005 116.557
515.57 116.806
945.539 117.067
246.462 118.08
606.198 117.524
608.98 118.385
951.024 117.795
367.229 118.994
406.165 119.369
533.117 119.05
605.571 120.703
739.226 120.254
180.513 120.964
375.076 121.004
950.529 120.346
516.458 121.791
532.859 121.909
324.748 122.869
759.127 123.07
949.146 124.109
385.148 125.198
121.129 125.49
386.054 126.909
650.96 128.732
736.088 128.29
369.285 130.361
512.264 133.171
257.934 134.05
531.946 134.966
527.516 143.319
375.293 144.769
503.023 145.322
531.665 144.65
947.309 146.97
415.322 148.422
254.033 150.311
374.045 150.219
605.064 152.064
116.1 153.203
431.59 152.446
763.463 152.803
226.446 154.546
237.796 154.014
767.103 154.618
534.329 157.865
953.375 160.74
760.528 162.245
766.754 163.107
778.698 162.815
787.723 163.043
660.777 167.858
951.19 169.66
684.257 172.001
954.243 174.959
951.597 181
414.363 183.484
492.649 182.808
449.517 184.485
417.492 184.761
472.294 187.501
261.073 188.006
949.305 192.749
1019.64 192.14
880.897 193.269
481.524 194.604
684.699 194.817
418.09 203.09
1000.91 203.634
487.528 204.418
1006.99 205.168
1019.74 207.953
954.135 212.295
959.317 212.54
567.12 215.425
1019.98 216.325
961.587 222.233
450.469 225.734
441.942 227.219
446.79 227.651
1019.89 228.319
648.114 230.634
433.626 232.626
810.067 232.107
462.461 233.176
276.715 233.717
435.202 233.661
984.527 233.49
1019.95 234.052
957.294 234.499
1007.29 234.835
962.344 235.946
269.03 239.029
952.264 239.435
967.085 238.488
989.477 240.578
195.566 241.548
981.024 240.954
1001.51 241.095
944.884 242.382
989.695 242.911
141.732 244.18
738.446 243.288
980.807 243.465
198.159 246.033
1020.17 246.037
989.136 247.019
1000.52 249.487
1002.47 250.669
509.719 251.772
523.198 251.948
1009.73 251
1020.21 251.752
431.244 253.075
974.078 253.516
1006 253.82
831.006 254.618
961.931 254.151
383.983 254.978
396.878 254.689
248.769 256.767
445.88 258.056
1002.56 257.94
254.768 259.01
533.325 259.442
653.319 259.493
995.36 259.501
460.615 259.693
501.551 259.984
969.208 260.297
982.029 260.395
989.65 260.312
976.182 260.447
1019.94 261.176
376.808 262.257
406.511 261.672
466.216 262.561
664.937 262.451
720.238 262.224
79.6127 264.275
552.275 264.283
593.977 263.761
953.104 264.316
89.2265 265.364
964.658 264.833
87.6218 268.108
468.107 267.838
968.938 268.314
145.286 269.337
470.956 271.169
690.467 270.644
983.6 271.556
993.791 271.187
1004.27 270.966
978.478 271.515
38.1028 272.121
767.996 275.531
231.742 275.912
469.749 275.867
768.147 275.453
228.965 278.892
947.655 279.079
574.841 280.422
607.881 280.007
766.383 280.257
581.369 281.043
594.187 280.694
985.087 282.036
995 283
455.911 284.429
946.073 283.805
979.771 283.707
328.965 285.435
340.699 285.381
947.749 285.151
459 286.981
978.188 286.25
455.582 287.047
511.144 287.524
523.089 287.322
530.877 287.241
950.853 286.742
503.798 287.782
977.971 289
981.894 287.966
996.747 287.79
311.949 288.838
378.065 289.443
385.633 289.198
396.775 288.861
404.146 288.77
461.14 289.025
501.623 289.37
990.156 288.531
769.121 290.439
883.135 289.173
877.308 291.649
880.875 292.13
984.462 293.607
990 295
950.941 294.659
991.6 294
963.79 296.77
552.329 299.653
977.7 300.301
987.651 300.619
833.94 302.031
837.636 301.686
968.882 302.184
1003.26 301.77
1010.47 301.991
511.958 303.701
522.483 303.469
957.222 303.086
386.022 305.278
396.137 304.8
599.318 304.844
946.252 305.103
955.092 311.142
586.15 311.974
588.925 312.059
330.867 314.116
471.066 314
449.348 315.908
474.978 316.136
533.334 316.524
376.127 317.562
406.177 317.47
440.714 316.714
501.605 316.802
434.925 318.131
454.735 317.265
524.511 318.608
604.446 318.441
384.422 319.171
397.466 318.918
510.55 318.203
603.635 319.302
954.447 318.548
154.063 320.165
450.038 321
469.546 319.358
436.563 320.874
620.324 321.244
458.39 321.122
557.302 322.392
947.308 321.474
469.065 322.825
453 323
362.547 324.393
751.55 324.583
553.181 326.21
561.068 325.901
945.955 326.163
959.22 326.024
450.286 327.26
455.284 327.817
1004.64 327.143
309.841 328.108
447.688 327.875
701.902 329.823
795.645 329.843
802.376 330.019
458 330
489.095 331.954
784.241 331.794
892.292 332.52
961.554 333.579
426.424 333.751
439.469 334.8
482.389 334.072
657.471 334.344
955.541 334.025
971.08 333.525
434.444 334.043
472.052 334.066
825.484 335.081
826.734 335.191
866.474 335.476
457.312 335.455
489.765 335.768
969.214 336.099
273.604 337.185
452.647 336.191
483.903 336.702
457.349 338.373
476.793 337.726
481.664 338.415
469.127 338.519
489.551 339.917
948.033 339.909
493.457 340.69
517.79 341.243
421.988 342.09
443.607 341.522
416.006 343.895
483.093 343.071
488.088 343.38
416.066 344.197
503.713 345.484
523.221 345.505
34.0264 346.174
385.428 346.703
396.733 346.424
404.138 346.378
435.746 345.664
511.411 345.556
530.955 345.511
378.056 346.872
489.435 347.262
527.036 347.021
594.498 347.229
376.755 347.744
493.578 348.462
582.777 347.518
328.885 349.179
414.26 349.527
778.075 354.913
572.553 355.997
678.8 356.095
689.108 356.022
348.479 358.362
714.96 357.87
965.457 357.937
624.705 359.566
638.64 359.206
302.654 360.535
956.222 359.868
1010.59 359.44
290.19 360.955
522.661 361.539
678.509 361.341
386.04 362.107
395.917 362.5
512.605 362.062
949.485 362.371
1011.57 363.405
390.84 363.759
956.238 364.415
970.889 364.089
1004.84 364.264
947.521 364.981
1009.25 365.924
674.386 369.149
950.244 369.161
113.843 370.604
117.388 372.465
112.431 372.335
132.579 373.412
945.767 377.576
669.406 379.376
114.481 380.823
128.46 381.539
121.484 383.569
807.23 383.774
668.16 384.707
884.951 386.092
879.157 387.141
200.021 387.712
120.661 389.292
1005.53 389.067
956.482 390.579
114.046 391.939
127.853 391.67
753.242 395.122
965.683 395.225
114.298 396.119
110.332 397.49
970.318 397.156
131.881 398.656
349.758 397.892
391.353 398.679
657.893 399.092
113.718 401.086
766.503 400.95
128.609 403.069
443.022 402.022
204.283 404.981
212.876 404.894
257.921 405.561
453.448 405.515
950.784 404.757
327.438 405.063
351.252 405.866
440.166 405.917
495.66 406.467
545.616 407.489
199.964 408.464
243.42 408.263
621.313 407.986
296.774 408.965
311.887 408.932
806.479 408.924
454.598 410.242
512.559 410.388
528.828 410.477
215.33 410.989
254.87 411.576
587.654 411.067
950.993 410.635
283.54 411.797
683.164 412.074
717.078 412.116
236.104 412.858
468.75 413.456
498.502 413.567
543.534 413.577
573.253 413.707
619.023 413.924
651.42 415.397
699.242 415.092
674.424 416.764
754.853 418.799
967.477 419.623
338.519 424.166
745.485 424.165
214.758 425.158
255.639 426.027
557.701 426.642
1005.76 426.416
324.81 426.622
634.617 427.363
653.171 427.054
746.422 427.035
1012.43 426.488
468.78 428.375
498.358 428.428
543.432 428.696
551.082 429.171
572.371 429.074
619.091 430.169
650.41 430.118
698.913 430.615
281.591 434
833.182 435.284
497.725 435.888
650 437
752.47 440.392
834.167 439.793
950.322 446.322
853.563 448.259
597.517 449.026
949.477 448.761
633 451
207.459 451.894
785.097 452.379
949.442 452.817
72 454.857
47 458.646
29.8945 460.669
733.074 460.524
27.0705 463.201
175.77 463.211
958.251 465.457
1006.62 465.474
1016.35 467.176
987.824 468.073
859.714 469.113
777.556 470.62
772.852 472.292
968.866 474.456
669.643 479.88
43.2704 481.123
964.664 482.73
24.0026 490.209
26.439 493.643
602.415 497.595
574.617 499.241
747.782 499.967
727.734 502.302
960.812 502.509
25.3362 506.217
215.282 506.087
666.213 506.477
959.524 506.887
919.566 509.014
959.222 508.795
962 509.154
817.423 510.266
760.852 510.664
828.454 512.059
47.6408 513.369
921.448 513.185
899.772 514.974
960.782 515.157
859.771 516.287
866.084 516.059
964.68 516.431
604.362 517.253
45.2843 517.852
573.951 517.868
873.519 517.907
950.86 518.56
379.69 519.871
29.1564 522.047
318.449 521.293
328.053 521.885
596.866 521.691
578.082 523.203
539.795 523.662
444.429 525.431
669.551 525.483
17.2275 528.74
178.549 529.647
18.7374 531.436
317.774 531.676
328.045 532.103
563.274 531.91
6.16201 533.24
359.677 532.805
586.734 534.807
444.099 535.98
454.301 536.245
567.577 537.592
379.858 538.956
556.289 539.321
604.444 539.444
626.203 539.368
836.938 541.124
589.948 543.356
628.459 542.665
236.467 544.556
921.612 546.689
922.14 546.815
958.455 547.329
267.786 549.015
955.322 548.436
33.4115 550.061
919.75 550.75
947.926 550.536
445.722 550.991
735.023 551.052
932.691 550.85
959.358 551.794
575.32 553.228
323.226 554.479
981.234 554.33
439.418 557.44
568.061 556.854
941.403 557.675
508.725 559.06
989.938 558.972
938.584 560.557
981.164 560.076
945.162 561.107
984.799 561.915
942.511 563.296
963.787 568.836
951.139 570.132
935.526 571.04
926.518 572.537
930.189 572.9
624.452 576.522
655.665 578.815
1019.95 579.978
836.726 580.849
845.131 582.081
827.943 594.938
18.0132 604.106
716.679 604.992
307.877 613.932
376.588 622.62
384 624.885
391.659 624.021
411.417 624.567
380.729 626.348
387.28 627.47
356.965 628.626
358.33 629.58
385 629
403.761 632.431
54.1922 640.05
338.394 646.939
489.861 670.9
500.316 4.51853
216.641 6.30352
84.4225 11.0839
541.202 10.1278
544.15 15.25
548.511 16.4709
829.123 14.5618
278.256 19.8158
770.587 19.398
369.455 20.359
567.139 21.4905
449.208 22.2739
675.52 25.9171
556.154 35.3534
589.279 36.1901
345.058 41.0717
324.313 43.8121
347.072 46.06
641.871 48.0341
836.188 50.2722
808.159 50.841
945.368 51.4189
639.721 56.2753
882.355 56.7392
783.284 58.8108
945.282 61.8136
299.56 63.5108
302.419 63.5813
325.244 63.8162
632.777 66.7047
716.087 72.0048
644.767 76.2543
280.534 81.2834
606.083 81.5787
942.516 81.013
886.959 85.4674
941 87
984.828 98.7874
126.886 100.821
807.257 100.723
84.119 102.33
660.304 101.183
949.968 101.65
123.971 105.046
56.4788 107.248
535.612 106.553
956.215 106.799
630.086 111.278
517.727 113.539
559.87 113.47
955.954 112.916
946.5 116.5
406.06 120.383
607.744 121.666
190.696 121.569
515.661 121.627
941.927 121.392
498.699 123.112
108.196 127.681
369.618 129.092
736.285 128.7
651.142 129.151
949.218 129.186
307.282 130.655
672.682 132.273
593.535 133.668
948.134 136.6
527.501 143.689
503 145
415.241 148.579
396.334 150.305
431.705 153.288
605.2 153.131
226.946 153.988
108.941 158.987
952.552 169.748
240.709 172.673
1010.92 179.057
454.959 182.072
952.327 182.224
449.181 183.198
461.454 182.859
466.826 183.428
999.83 182.42
443.343 184.687
438.223 188.008
61.351 189.299
477.695 189.807
432.566 191.066
484.859 190.857
949.08 192.398
481.421 193.421
424.755 200.178
492.298 202.271
1000.84 203.123
487.533 204.188
997.405 205.793
1006.66 205.371
418.516 207.414
273.371 210.387
492.5 210.5
960.354 212.685
969.483 211.97
567.325 215.338
961.707 223.676
276.719 232.589
462.607 234.172
961.578 234.213
1006.4 235.404
953.789 238.99
958.536 238.37
989.577 240.902
984.712 241.126
1001.54 240.978
957.708 242.582
438.426 247.96
1001.92 247.283
981.703 252.25
331.911 252.585
967.557 252.42
993.65 252.311
999.814 252.107
516.25 255.25
831.483 254.84
950.629 255.423
886.97 256.85
460.694 259.596
523.46 260.08
653 259
984.317 260.707
457.017 262.118
511.036 261.046
970.441 260.6
720.271 262.824
78.535 264.432
581.949 264.43
963.092 264.037
1007.89 267.319
145.286 269.337
1005.16 270.782
126.309 272
210.026 271.955
983.792 271.547
964.5 272.5
231.032 275.219
586.88 276.653
665.921 278.526
595.239 280.781
613.762 284.2
317.956 285.254
328.085 285.91
340.942 284.819
453.666 284.568
516.433 285.513
995.379 286.097
460.584 286.638
985.911 288.324
877.067 290.786
954.593 289.697
951.079 293.096
972.722 294.619
979.768 292.91
993.26 293.847
721.284 296.095
963.717 295.717
979.002 297.991
951.222 302.11
1003.43 302.287
1011.26 301.887
467.97 303.354
522.483 303.468
959.944 303.36
455.517 305.24
702.618 304.644
450.662 307.606
464.02 312.561
445.75 316.215
510.621 318.131
523.885 318.523
154.461 320.215
397.42 319.404
442.166 319.745
469.842 319.953
947.562 320.111
440.496 321.147
304.099 324.651
956.973 324.402
599.505 324.755
616.095 325.439
959.758 325.335
1004.47 325.687
461.939 328.871
956.799 329.575
792.047 330.204
426.287 333.344
892.584 332.349
964.5 334.5
972.222 333.538
439.211 335.017
455.276 334.696
489.446 335.609
421.684 337.174
866.098 335.203
453.25 336.27
480.887 337.63
443.866 341.28
461.856 340.914
489.278 346.848
404.648 347.277
556.236 354.071
965.163 357.083
957.561 360.137
961.644 359.931
1010.08 360.1
949.184 362.218
971 364
149.623 368.82
674.539 368.712
129.318 370.601
949.745 370.551
671.927 373.72
773.95 375.222
120.639 382.33
116.761 384.084
117.164 386.973
124.856 387.022
115.058 389.287
121.222 389.969
958.413 390.513
656.863 395.31
964.977 395.213
974.117 394.981
127.251 396.782
555.404 397.873
658.101 398.101
132.18 398.413
204.688 405.042
212.311 405.627
259.263 406.397
281.159 406.269
452.496 405.725
470.188 406.187
493.975 405.41
570.1 406.9
621.411 406.804
646.75 409.536
702.25 409.75
217.935 410.322
381.733 409.603
947.991 409.978
252.5 410.5
285.253 411.299
587.654 411.067
604.351 411.185
665.653 411.188
468.445 413.184
498.877 413.692
543.048 414.028
574.126 413.887
771.106 412.004
520.805 414.319
652.153 415.451
698.549 414.844
595.69 415.523
129.682 416.984
1012.66 421.704
752.968 422.891
957.457 425.381
1013.8 426.826
698.913 430.615
497.205 435.838
191.952 438.041
751.543 441.886
837.376 444.329
949.943 447.072
597.364 449.356
208.532 452.02
846.228 451.43
950.458 456.273
29.7882 459.788
632 457.75
142.371 461.092
732.809 459.844
776.99 470.46
765.981 471.482
910.879 472.884
961.949 477.92
615.344 481.852
951.14 481.458
957.192 481.709
960.936 486.786
26.8682 494.717
602.772 498.457
712.328 498.363
590.601 500.639
960.705 501.844
727.63 502.445
542.411 504.721
214.917 507.246
960.687 508.226
949.803 510.481
814.493 514.416
866.838 515.748
896.329 516.285
547.334 518.34
603.875 516.988
951.196 518.298
318.542 521.661
643.531 521.278
782.234 520.657
862.899 521.316
578.031 522.554
180.658 523.752
444.284 525.5
539.831 525.045
669.192 525.186
17.8042 528.231
180.536 530.14
616.765 529.648
18.3664 531.284
317.361 532.157
972.344 530.788
456.087 536.207
567.674 537.599
605.443 540.7
742.925 540.142
836.875 541.358
236.634 544.11
972.287 542.775
628.664 545.232
540.819 548.065
927.061 550.176
734.14 550.715
920.808 550.047
934.574 551.617
439.289 556.54
941.355 557.085
960.055 555.89
937.706 560.235
946.59 560.964
942.216 564.67
948.345 568.691
980.687 569.354
964.18 571.234
925.963 572.044
980.782 574.06
624.23 576.338
365.927 622.763
379.196 625.933
361.921 627.919
388.871 627.601
355.366 629.204
356.77 627.82
395.961 632.009
400.651 633.253
511.101 7.07537
932.01 9.04285
84.525 12.5
883.222 10.1975
535.331 14.8832
543.598 15.598
828.262 14.7293
547.537 16.121
540.376 16.5
771.75 20.25
1015.98 21.1121
752.307 22.3135
152.689 24.8609
514.347 28.4128
945.272 39.4526
1016.33 42.1195
341.581 45.5809
309.867 47.6597
833.744 51.0584
320.089 55.0929
639.985 56.4983
117.11 60.8471
82.1243 62.4297
596.487 61.9036
633.114 62.5392
302.763 64.2627
631.995 66.2511
339.956 83.8671
977.617 84.6842
940.834 87.8488
983.469 99.1093
784.47 100.689
127.405 102.474
342.458 104.054
576.558 103.25
57.0002 106.798
492.542 112.709
947.528 112.775
505.662 115.204
559.825 114.379
992.169 113.679
409.06 116.806
543.196 115.138
946.368 116.606
249.255 119.093
266.413 118.253
394.064 118.915
499.622 120.117
149.564 122.243
739.668 122.488
955.092 123.025
370.649 126.643
534.357 127.464
947.909 125.909
504.634 130.159
508.187 130.378
305.367 134.953
948.079 133.669
112.344 136.615
311.808 137.977
391.873 138.631
453.811 140.5
531.833 143.852
376.697 144.424
950.346 146.89
403.803 149.609
432.148 153.234
121.999 158.571
426.5 160.406
534.137 158.169
803.78 158.743
424.458 172.458
447.988 178.344
461.175 178.311
1012.3 180.726
474.121 182.475
493.612 182.937
449.5 183.648
999.919 183.919
444.026 186.058
472.673 186.968
60.4724 189.018
438.693 188.459
477.71 191.356
749.86 191.969
948.978 189.267
432.75 191.25
685.069 196.124
786.468 194.236
428.329 196.293
1000.39 200.571
1006.32 204.772
420.5 208.5
492.364 210.168
960.5 214.469
450.478 219.77
463.855 223.586
494.029 222.396
648.923 230.467
651.652 230.211
961.683 232.683
449.365 238.698
999.214 242.5
197.613 241.565
977.654 243.187
449.961 243.988
738.733 245.99
986.5 245
1002.5 248.25
977.635 247.462
984.185 251.883
516.302 253.352
523.432 252.587
390.288 254.011
1005.76 254.406
802.666 258.664
461.443 261.095
726.398 259.823
986.402 261.53
664.271 262.701
764.4 262.408
956.537 262.899
961.91 263.91
972.278 261.717
198.263 265.438
447.859 265.372
722.25 263.25
88.5 266.5
980.915 267.462
238.5 270.975
956.844 272.959
963.068 274.008
234.326 273.994
454.534 278.671
958.436 278.987
467.391 281.066
575.39 280.481
988.197 279.92
993.922 285.383
462.722 286.842
980.994 285.663
404.777 289.161
531.54 287.967
881.665 287.804
963.563 292.533
977.995 292.568
994.601 292.285
720.93 295.277
760.24 296.758
987.355 296.109
958.202 298.131
979.252 298.241
182.93 302.858
461.265 303.347
964.666 302.941
1002.5 304.477
522.747 304.941
951.185 303.994
959.546 303.655
968.219 307.161
470.89 313.086
448.196 315.551
477.484 316.736
377.003 319.065
435.822 319.789
468.5 316.5
154.51 318.503
453.044 322.077
1004.2 324.94
443.508 325.873
462.215 329.197
1000.3 329.075
522.904 330.986
437.188 332.087
453.394 334.5
964.085 334.616
972.75 333.75
453.842 335.039
421.974 338.003
472.784 338.811
157.169 340.362
461.546 341.628
434.777 343.099
404.632 347.576
473.384 346.473
595.244 347.325
415.202 349.287
964.722 355.46
974.854 354.332
572.255 356.967
349.016 358.98
303.081 360.573
958.811 360.134
523.068 363.136
956.423 364.852
974.408 364.49
1004.17 366.073
693.737 365.826
947.591 365.831
1010.2 368.341
130.404 370.892
113.731 372.735
118 376
368.045 373.693
775.05 382.741
796.668 382.282
809.852 384.863
878.471 384.672
126.781 386.219
1005.02 387.032
115.421 387.181
1011.14 390.427
124 394
964.5 396.416
116.733 395.565
350.25 398.25
555.696 397.884
111.035 398.719
965.361 396.764
971.034 400.633
277.57 406.187
332.572 407.062
348.3 406.672
441.15 404.5
450.948 405.473
200.88 408.72
566.203 408.755
623.719 408.212
646.333 408.615
704.459 410.467
712.414 410.5
218.185 410.572
252.157 410.971
286.421 410.858
438.197 410.288
454.602 410.342
511.897 411.016
529.269 410.89
501.349 412.615
576.427 413.062
654.301 412.301
665.853 412.017
683.585 413.257
674.859 414.361
950.077 414.839
966.51 416.277
976.667 416.367
726.82 418.107
1012.22 422.175
338.58 424.571
355.016 424.363
465.968 425.915
500.837 426.535
558.854 426.865
575.064 426.807
635.274 427.52
1004.01 428.169
279.661 432.439
189.723 436.725
568.5 434.5
648.099 436.541
751.476 442.177
881.003 445.139
906.057 446.313
626.079 448.171
210.579 452.019
632.98 452.13
591.948 454.255
730.842 461.766
1005.79 462.575
774.936 468.703
964.466 482.763
955.093 483.093
24.544 488.995
27.1768 495.037
604.071 498.883
960.894 498.436
606.054 501.067
24.3807 504.194
961.771 506.939
760.696 510.594
771.685 512.923
957.91 511.745
951.626 514.766
604.949 517.453
714.031 518.83
596.755 521.387
782.484 520.907
540.5 526.5
181.178 528.869
616.967 528.75
6.9435 532.066
315.194 532.297
548.966 534.768
598.493 538.493
626.25 537.75
970.811 541.893
590.89 544.609
734.091 544.476
629.056 547.071
634.217 547.944
544.042 549.8
944.681 551.642
953.938 551.251
566.986 555.607
208.932 556.921
507.009 557.962
989.304 558.633
920.889 567.772
941.556 566.962
938.5 571.778
981.796 571.081
987.097 571.426
622.916 576.814
410.491 624.299
404.35 625.67
362.677 627.988
389.359 627.753
54.4256 640.388
539.044 9.87326
880.795 9.52273
546.944 16.9349
561.868 31.5898
348.322 40.259
339.101 48.0743
833.12 51.1772
322.532 56.4231
595.105 57.9259
330.018 67.1293
339.704 84.1987
887.43 85.2419
983.547 101.14
954.832 102.583
499.905 118.652
359.814 124.748
523.062 130.31
947.383 128.782
113.045 137.334
595.312 136.607
403.824 149.237
456.461 158.845
608.388 154.289
401.25 168.842
949.061 188.288
749.866 191.717
1006.4 204.712
490.956 207.105
418.669 209.209
462.296 215.001
462.905 224.943
961.569 228.5
545.84 230.677
447.365 238.53
985.126 240.768
445.5 241.5
456.224 246.772
450.091 252.039
461.588 252.21
585.89 253.05
967.179 256.17
516.078 259.168
976.6 262
239.019 263.287
390.794 261.906
463.241 262.175
448.923 268.49
239.141 273.677
455.871 275.897
470.811 275.275
665.035 278.707
962.837 275.877
720.737 295.41
955.262 295.878
438.524 309.568
457.5 309.5
951.274 305.925
471.398 312.544
435.904 319.286
996.905 328.624
439.373 332.328
477.058 330.209
883.212 328.173
442.743 336.372
421.413 339.643
492.927 340.073
969.806 342.679
627.534 345.184
295.026 348.739
557.297 355.721
680.666 370.29
125.363 376.195
793.719 381.667
115.546 385.282
1010.65 390.348
997.071 390.926
123.029 395.796
970.873 402.411
206.894 406.132
448 408.611
294.85 409.452
313.418 408.87
502.134 409.403
586.786 411.776
605.133 412.196
666.908 414.908
684.417 411.597
775.482 412.668
949.431 419.801
1002.88 429.625
642.5 432.5
1005.49 431.698
643.75 433.75
839.281 444.631
213.119 451.349
591.755 450.818
624.472 456.241
30.5 458.5
633.013 459.932
1005.54 460.396
910.034 472.123
742.336 538.57
212.857 541.15
628.161 549.698
961.146 550.26
927.323 553.332
941.26 552.76
954.46 554.46
210.916 556.935
933.244 559.251
963.691 571.259
982.628 571.63
374.271 624.655
364.315 627.249
401.5 625.5
288.65 17.9631
537.5 13.5427
448.634 23.7584
560.257 32.9804
588.27 39.0469
340.368 48.408
882.349 50.3354
653.502 73.8472
334.246 82.4482
123.258 101.538
957.667 100.912
488.984 113.563
991.397 114.525
410.594 117.884
546.072 116.884
556.294 114.996
600.993 138.156
454.538 142.121
528.951 164.167
611.8 164.641
401.873 170.642
958.428 189.815
990.429 205.744
315.941 209.933
460.796 215.251
961.865 225.031
441.559 229.329
447.825 239.626
994.863 243.95
998.852 244.231
435.603 253.5
695.075 251.336
997.671 257.5
883.785 257.673
237.309 265.5
237.5 261.5
464 263
757.732 261.5
429.57 279.175
449.673 281.286
961.239 281.423
465.941 289.206
189.264 301.427
438.921 306.921
457.051 310.72
482.744 322.077
445.5 321.5
485.5 333.25
586.924 329.162
592.737 328.288
993.58 329.486
423.762 339.763
474.649 344.582
121.484 396.019
449.994 406.331
710.896 410.466
949.691 421.1
1004.3 422.439
963.835 425.637
198.813 454.575
618.59 458.913
634.255 458.918
728.806 461.472
962.019 479.433
953.968 481.987
613.027 494.219
23.5851 500.454
733.602 500.618
859.417 514.502
713.288 518.456
23.092 522.821
212.3 544.3
965.734 541.694
733.152 545.468
637.507 545.535
942.695 549.695
212.075 558.371
953.838 558.802
930.339 565.394
955.163 564.077
623.484 568.773
366.398 626.484
400.631 627.336
588.051 43.8199
334.652 64.0118
588.277 66.1582
617.157 112.471
410.833 121.5
945.003 127.766
520.948 144.379
998.661 176.982
457.125 229.412
583.395 253.475
686.5 260.2
468.631 269.953
447.538 279.538
989.987 283.316
962.889 286.839
986.776 296.036
450.612 316.388
447.002 324.826
121.5 377.5
224.864 452.13
634.786 458.786
26.4592 477.823
613.061 493.515
958.622 532.302
213.279 557.679
626.618 563.159
562.872 29.4051
337.635 61.9865
333.733 81.3582
978.311 99.4804
615.397 115.561
580.716 124.41
949.694 131.5
516.63 148.709
386.719 156.214
618.907 159.352
620.878 154.9
957.128 154.773
445.827 190.355
465.579 189.129
979.958 251.347
693.697 253.001
699.978 251.5
443.162 267.294
478.438 303.616
482.703 336.548
583.805 325.053
480.557 359.728
611.941 451.245
639.186 469.48
960.469 484.727
611.283 500.79
956.493 536.286
637.151 564.76
929.369 561.353
956.599 563.227
986.254 569.865
580.725 51.9958
341.918 65.0274
580.98 60.7434
324.582 98.4869
947.85 131.85
617.5 149.5
966.472 140.056
306.743 146.078
623.352 196.144
259.42 256.224
653.5 245.5
432.516 300.516
689.5 305.5
484.444 295.459
243.587 449.4
929.801 561.363
611.479 564.716
