1477
828.346 3.11669
45.4858 3.73841
374.353 3.71124
514.058 3.96512
872.573 4.05658
386.58 6.21264
727.717 7.35996
573.039 10.1812
842.259 9.58753
172.634 11.0438
176.502 10.9135
907.697 14.0761
437.59 14.5992
873.34 15.3402
76.5001 16.4651
448.925 18
891.109 16.8457
86.8667 18.8667
437.876 18.1806
82.4176 18.5194
441.018 19.1526
450.922 20.1624
437.772 22.7557
443.535 21.512
432.127 22.9899
440.971 23.0031
449.053 23.053
15.0924 24.4184
690.723 25.4892
427.318 25
430.135 25.8482
451.753 25.7158
456.26 25.6657
727.361 25.2637
871.129 26.1327
874.461 26.0633
868.574 27.3223
431.957 27.8692
451.935 28.5228
449.122 29.3639
31.7012 29.8735
377.6 29.5904
431.969 30.0707
440.704 29.704
478.678 29.5747
529.44 30.0808
730.57 29.7054
424.027 30.7554
434.646 31.2619
480.309 30.3236
836.392 31.2299
730.536 31.8244
449 33.7333
453.643 33.2011
457.424 33.4275
435.284 33.7385
659.034 35.367
683.248 35.2768
829.466 35.8141
437 37.9643
454 36
867.923 36.9469
80.9268 38.0779
424.276 38.3321
431.356 37.8861
443.506 37.8495
447.152 39.0565
874.772 39.1971
488.784 40.1083
75.9681 42.9799
428.008 41.4242
422.847 43.4789
438 42.0335
693.645 43.1936
868.28 43.018
81.281 44.0774
452.745 44.9173
504.349 44.2953
440.138 44.9541
455.884 44.8683
433.957 46.5737
454.07 47.9767
418.197 48.4159
875.193 48.9984
437.89 49.6535
449.952 50.0161
510.789 49.6812
13.2093 50.2093
415.188 50.4315
435.011 50.8813
444.966 51.0827
423.161 51.8516
431.216 51.9911
420.772 52.8583
446.681 53.8565
451.035 53.2593
869.094 52.8043
650 53
421.053 55.0305
649.316 54.3638
875.574 55.2536
893.05 55.2566
30.0942 55.7934
436.83 56.3385
486.566 55.3417
447.871 56.4524
423.104 58.1924
896.053 58.8797
914.025 57.8615
285.037 59.034
886.902 58.7429
434.132 59.8487
870.623 60.1195
893.262 59.8815
596.599 60.6856
418.021 61.6392
423.202 62.0807
876.568 62.2695
883.835 61.9112
74.6769 62.5795
623.912 63.2096
79.4034 64.1083
424.878 63.1221
64.2819 64.2019
431.289 65.2476
69.0568 65
879.439 66.6118
899.625 66.8908
904.377 66.7774
79.9981 69.1309
435.012 68.5875
909.443 68.4868
381.994 70.3573
875.992 69.8463
381.838 71.5534
902.034 71.6274
358.702 75.0434
377.741 74.8332
580.78 75.2201
585.142 74.5028
480.648 75.3765
876.984 75.8869
171.915 78.0839
418.585 77.9734
675.438 78.5279
914.97 78.0588
900.308 79.4012
1008.58 80.4118
998.065 82.5229
28 82.1013
436.382 83.4738
877.661 82.3587
41.3202 85.5955
900.902 86.7992
290.952 87.4018
441.904 87.9038
72.5219 88.3931
877.094 88.9677
995.17 89.0478
78.486 90.3355
852.01 91.2869
890.828 90.748
67.6671 91.8717
757.068 92.1923
418.054 92.6403
72.5709 94.2382
78.0411 95.1309
901.029 94.1876
890.822 97.1877
550.166 97.9278
778.42 97.5517
392.652 98.4431
433.106 99.4839
877.332 98.8165
900.916 98.2225
414.707 100.618
418.016 101.013
729.158 100.972
725.975 102.115
411.974 103.123
26.6909 103.921
368.491 103.7
478.637 103.782
891.249 103.872
878.04 104.94
391 106.658
392.156 106.225
881.484 105.688
880.244 107.735
29.7235 108.937
364.291 108.501
372.904 109.072
404.666 109.839
437 109.158
443.404 110.829
464.941 110.026
822.867 110.099
899.432 111.911
882.098 112.783
452.364 114.415
881.439 113.519
900.736 113.703
71.745 114.606
75.9884 115.291
473.548 114.986
895.339 115.137
462.667 116.292
363.38 117.43
448.047 117.205
80.6352 117.594
531.267 117.939
364.771 120.881
80.2039 121.921
896.354 121.891
879.117 123.359
726.905 123.881
604.681 127.128
906.982 130.1
256.618 130.806
881.451 132.451
902.043 131.773
101.537 133.341
904.693 132.203
105.587 134.018
404.422 136.534
414.028 136.545
903.448 136.685
104.484 137.439
233.666 138.061
628.227 137.876
561.585 140.134
560.772 144.186
532.391 144.709
587.752 145.215
168.773 145.867
323.149 147.226
890.495 148.587
893.889 149.236
528.578 153.326
707.789 153.788
845.611 153.95
688.22 156.078
217.35 161.53
871.931 161.27
540.839 161.629
326.195 166.896
577.996 168.724
582.946 173.184
316.604 175.165
321.896 181.124
897.819 181.135
666.292 181.949
870.663 183.118
882.538 183.416
882.578 185.733
895.698 187.533
649.243 190.324
901.817 189.925
500.405 190.568
851.15 190.51
893.642 192.018
873.638 192.979
509.987 194.067
891.031 195.171
233.22 195.637
770.661 195.888
258.215 197.115
323.362 196.855
451.251 196.123
506.13 197.399
480.812 198.529
506 199.75
213.961 200.291
468.246 200.513
450.619 200.619
506.521 200.251
424.611 205.837
430.796 206.527
750.727 207.565
155.334 209.518
161.414 210.073
450.382 209.831
875.142 210.014
884.243 209
337.147 211.258
438.532 211.654
427.35 214.545
852.827 215.827
340.364 217.285
366.905 217.543
683.227 219.129
360.862 219.837
368.49 220.395
447 220.935
886.405 219.606
454.316 221.203
350.443 224.388
910.399 224.691
236.992 225.704
304.031 229.108
849.437 228.352
913.189 228
164.52 230.105
317.646 229.793
897.373 232.665
314.047 234.188
361.422 236.109
923.455 236.114
423.255 240.056
455.507 242.424
878.887 244.358
890.005 243.906
232.969 245.206
393.748 244.988
387.984 249.487
855.547 256.376
879.133 259.005
291.101 259
885.651 261.848
409.249 268.067
416.674 268.267
412.939 268.517
401.572 270.691
420.294 271.194
423.562 272.4
383.221 273.147
428.812 273.884
426.716 277.051
429.031 279.633
895.174 286.446
495.735 289.41
884.015 295.146
904.984 298.03
305.569 301.728
885 303
422.465 302.709
271.676 306.12
403.721 306.5
854.808 305.973
881.914 305.926
786.557 306.519
886.505 307.255
884.293 308.945
161.507 311.503
395.649 312.086
888.385 316.992
888.377 320.949
919.263 320.959
399.739 325.837
605.372 326.269
442.961 326.796
888.602 327.534
447.403 327.857
338.011 328.965
573.192 329.667
460.907 332.497
674.99 333.788
897.079 334.032
361.256 335.365
446.35 335.231
485.421 334.395
418.709 337.112
569.552 336.498
882.455 336.881
676.96 338.034
848.89 338.445
376.803 340.909
364.402 341.957
885.989 341.819
783 342.826
421.101 345.009
677.202 344.696
777.154 344.831
453.116 346.771
502.238 348.542
505.844 348.951
887.012 348.542
267.33 349.736
530.698 350.355
420.814 350.814
208.583 354.127
370.011 354.199
265.741 355.397
1019.6 355.126
245.391 355.692
459.566 357.623
739.171 357.06
233.388 358.417
265.276 358.284
401.4 358.532
405.915 358.402
418.481 358.846
445.961 358.352
455 357
440.625 359.253
895.264 359.868
346.933 361.56
336.816 363.099
345.52 362.574
375.347 363.749
884.549 364.067
358.73 364.73
369.897 365.92
485.577 367.084
446.473 373.096
453.506 373.269
417.681 376.271
522.695 376.355
363.723 377.933
369.923 377.89
398.529 379.379
401.208 380.982
419 379
394.555 381.726
405.076 382.125
523.865 382.415
423.188 383.036
447.862 383.275
348.485 384.68
460.876 384.288
536.214 385.094
446.13 386.19
908.979 385.777
364.828 387.293
911.306 386.651
488.705 388.062
375.97 388.813
394.663 388.808
888.178 389.162
357.761 389.435
363.513 389.694
398.493 390.237
520.465 389.939
689.926 390.199
349.735 391.399
411.133 390.744
729.779 392.154
766.84 391.916
268.716 392.942
401.42 392.398
388.71 395.11
889.142 395.349
248.474 396.069
400.41 396.289
565.512 397.146
889.091 396.466
156.485 399.05
452.97 398.956
431.076 400.056
423.55 401.142
369.511 401.864
419.934 401.96
382.811 402.891
395 402
407.515 402.816
414.568 403.259
433.862 402.36
888.915 402.651
395.053 405.27
406.842 405.414
851.808 405.655
425.063 405.772
687.876 406.033
303.864 407.496
399.509 407.366
403.71 406.535
384.971 407.962
425.892 410.113
454.14 410.097
459.839 410.505
423.598 411.462
431.413 411.426
440.619 410.993
386.04 411.561
370.005 413.495
375.14 413.477
431.263 412.423
860.228 413.404
358.056 414.638
893.018 413.732
153.145 415.094
487.645 417.584
571.889 417.472
579.422 417.345
151.438 417.055
500.452 419.476
550.972 421.349
446.564 425.42
453.651 425.057
321.627 426.244
363.245 427.514
369.563 427.748
224.654 436.532
233.675 435.325
228.582 437.723
230.837 437.579
890.376 436.962
151 437
234.036 437
152.409 440.332
151.426 442.886
228.33 444.642
891.35 444.389
225.869 445.675
231.671 445.822
786.206 446.322
225.347 448.449
226 450.348
228.283 451.221
230.986 451.379
150.434 455.264
222.512 457.353
152.104 458.339
230.441 458.711
224.79 461
150.132 461.333
231.724 460.488
383.929 461.991
246.09 463.137
389.642 462.708
274.034 463.26
285.135 463.498
314.357 464.29
326.037 463.154
382.262 464.462
153.139 464.986
389.675 464.374
265.075 466.048
293.103 466.701
417.761 465.622
453.657 466.214
250.11 467.327
469.54 467.307
508.325 467.416
269.847 467.67
288.128 468.488
527.733 467.786
328.573 469.184
429.584 468.995
441.525 469.346
708.932 470.318
420.966 470.699
472.921 472.405
435.634 472.449
683.617 473.205
488.615 474.032
530.075 474.299
548.14 476.13
867.027 477.814
876.362 477.585
318.72 479.853
664.592 480.176
857.416 480.439
113.116 480.588
854.278 480.278
422.71 481.782
714.761 481.939
461.504 484.371
421.018 484.673
862.627 485.527
892.843 485.229
517.674 486.297
655.448 485.483
466.133 486.887
472.269 486.878
512.009 488.799
523.642 488.946
530.117 488.761
402.254 490.463
893.098 491.103
893.35 492.781
529.277 495.935
179.49 498.108
737.277 499.737
893.297 498.721
162.747 503.71
855.922 510.638
769.106 515.006
165.752 519.621
150.389 527.688
895.053 534.379
686.052 534.645
132.562 536.354
682 536.778
895.751 541.611
921.688 544.621
431.268 545.045
921.923 544.758
486.518 550.224
207.696 554.921
207.724 554.852
434.264 556.196
912.535 556.401
78.2579 556.801
167.987 557.17
575.364 557.15
923.261 556
32.2298 558.105
37.912 557.974
141.755 559.856
155.232 560.461
186.677 559.928
430.064 562.249
200.602 562.955
274.083 562.854
266.878 570.779
274.204 572.223
357.105 574.577
671.958 576.155
75.8534 577.122
268.112 583.966
897.602 583.977
373.391 588.883
803.861 588.877
899.941 589.751
777.024 590
370 594
504.582 595.474
510.459 595.997
906.076 598.069
898.898 603.176
42.8954 604.091
646.195 604.727
948.238 612.671
994.822 613.113
926.836 620.722
6.55742 625.235
817.268 627
186.806 627.751
813.584 629.593
854.214 629.555
815.584 630.539
826.294 631.152
851 631.061
843.751 632.245
209.817 638.121
215.88 638.158
187.001 640.265
211.489 639.675
986.727 639.517
184.911 642
190.5 641.342
225.135 640.901
836.388 640.602
229.094 641.45
204.513 643.574
930.081 642.352
205.601 644.825
837.256 646.291
929.455 645.777
815.292 647.193
813.515 648.501
686.204 651.371
693.62 653.726
830.058 654.283
860.377 655.491
913.542 655.177
847.734 655.87
825.033 656
863.241 657.567
633 660.485
79.1194 4.85987
82.75 6.23216
640.334 8.17776
841.326 8.86527
491.738 13.5138
873.332 13.5396
79.75 18.25
448.902 18.8075
86.7057 20.1497
440.377 19.3499
871.681 19.8238
694.682 20.5807
446.746 23.7457
872.147 23.7788
436.946 25.2788
874.873 25.9503
425.866 28.0908
447.679 31.0414
480.311 30.1467
360.279 31.697
836.202 31.6002
401.285 33.6855
445.938 31.9071
437.643 34.2495
867.241 34.2858
80.5009 36.2838
698.081 36.8053
326.998 37.5285
436.655 37.8022
447.254 38.1263
443.036 39.1964
874.772 39.1971
321.336 43.7412
82 44
423.175 44.8808
849.89 46.2807
452.485 47.4044
419.292 49.2509
447.424 49.4203
772.176 49.5068
453.195 51.9499
869.162 52.7545
649.129 54.0528
431.166 56.2273
741.92 58.6035
892.932 58.9312
895.637 58.6442
426.293 59.4295
597.051 60.6089
77.8128 61.4647
869.985 61.7263
424.75 61.8816
421.827 64.8408
625.08 66.2672
437.125 67.8953
927.034 67.5017
580.718 69.4388
79.1303 70.3755
592.251 70.8666
902.161 71.4258
585.607 73.733
481.189 75.2557
675.992 78.5117
900.646 82.9415
659.835 84.3603
440.156 86.1564
901.804 93.0447
778.388 96.3875
887.994 97.02
390.707 98.5393
415.271 100.101
423.272 99.2313
26.6844 102.266
368.281 104.289
407.26 105.547
411.137 104.453
881.471 104.738
392.544 106.429
888.283 108.15
436.706 109.919
372.532 111.329
425.703 111.493
461.218 111.05
363.064 112.407
899.12 112.045
882.279 114.354
895.637 114.874
72.5 114.5
468.903 116.762
879.117 123.359
783.771 126.365
101.808 133.413
567.105 133.774
242.073 135.308
392.831 134.742
879.903 139.954
872.887 141.747
891.957 143.447
879.501 144.528
876.799 151.337
893.112 151.764
708.104 153.74
846 156
324.405 162.096
881.201 166.58
747.222 171.523
323.445 181.505
869.972 181.806
649.583 183.25
504.911 183.651
882.452 184.322
648.322 189.589
341.749 194.835
496.993 195.31
858.312 195.242
860.456 197.035
511.395 198.093
506.425 199.308
468.735 201.243
340.656 206.215
421.781 204.375
432.093 207.087
450.134 208.194
435.023 219.539
454.431 221.508
896.906 223.379
845.458 224.72
849.702 228.485
319.593 229.598
458.675 230.308
515.026 230.038
896.29 232.535
931.496 235.393
310.927 240.531
778.421 240.175
878.677 246.86
658.097 249.761
228.988 253.917
856.036 256.379
291.097 259.349
846.63 260.543
405.18 270.092
511.393 273.615
398.352 274.98
687.391 278.137
390.415 286.165
433.422 289.429
505.581 293.988
894.229 294.827
201.179 297.385
572.05 295.825
403.503 301.75
424.449 301.839
884.555 302.483
882.272 304.999
261.497 307.715
900.759 324.612
397.707 326.31
573.996 330.63
446.894 333.854
569.881 335.822
783.2 341.123
272.042 348.08
883.571 348.053
411.892 350.747
420.122 352.756
890.322 353.23
634.37 357.045
401.489 358.263
407.664 358.656
335.067 363.088
420.059 371.057
453.154 373.634
851.674 376.327
856.831 378.198
369.68 380.161
417.948 383.297
446.999 385.379
523.081 382.918
909.03 383.88
390.597 385.699
788.563 388.188
888.709 387.172
911 386
364.476 389.13
394.319 391.226
520.188 390.457
911.824 391.713
400.199 393.66
401.953 397.335
431.834 397.847
383 399.697
857.912 401.745
540.392 400.844
389.908 403.759
352.492 405.19
423.92 405.724
851.953 405.152
381.203 408.027
423.415 408.625
418.755 412.783
862.516 412.896
501 419
453.631 425.257
891.006 435.123
151.335 437.029
856.466 438.193
704.039 442.848
891.325 443.248
228.655 444.525
231.246 447.994
225.27 448.882
229.226 454.144
232.058 460.058
246 463
275.366 464.366
284.127 463.525
315.41 463.654
152.578 464.849
269.289 467.79
293.704 466.873
304.64 466.683
468.16 467.007
289.764 467.803
571.501 468.918
473.982 471.883
540.544 471.213
556.41 472.389
488.14 473.656
530.325 473.388
684.073 472.738
565.834 474.294
875.663 477.796
857.62 480.992
461 484
662.843 484.477
517.563 485.964
592.958 487.02
863.812 486.201
355.878 487.871
530 489
738.212 489.02
454.232 491.977
737.338 498.694
857.347 510.602
169.806 525.26
150.401 528.195
895 534
675.479 535.641
132.566 537.58
770.587 540.299
919.01 545.068
147.706 549.323
78.2579 556.801
435.125 556.549
37.1632 558.489
923.817 558.792
200.465 563.566
919.879 562.821
659.173 564.227
275.988 572.274
671.958 576.155
912.25 580.75
430.567 582.278
746.375 583.982
635.43 587.277
859.754 586.762
800.802 590.409
924.862 588.965
919.435 597.844
926.884 599.839
732.021 612.474
948.223 615.009
912.275 616.833
876.134 625.53
820.836 629.512
814.966 629.853
827.101 631.763
850.75 631.098
841.515 632.656
212.724 639.37
836.548 639.076
855.457 638.993
986.458 639.155
230.38 641.353
203.708 642.117
832.875 642.939
930.168 643.68
815.387 648.76
836.962 647.662
982.531 650.907
825.212 652.713
830 654
962.068 652.694
845.204 654.625
821.479 655.326
853.431 657.227
852.829 657.743
872.583 7.16178
841.29 8.55706
87.98 9.27796
873.158 11.1868
78.4364 18.4081
81.4696 18.1578
86.1208 22.5492
872.437 22.6305
437.25 26.25
432.587 27.6299
529.938 28.5566
456.154 33.786
838.012 32.2541
78.1352 34.019
463.591 35.5909
826.945 36.6302
480.579 40.6404
488.166 40.2616
875.25 39.75
504.435 44.9524
80.1315 46.1164
465.969 46.4261
849.711 46.5689
867.933 47.1263
453.905 49.451
514.962 50.352
648.5 54.5
486.187 54.4287
79.1624 61.2902
418.181 61.8649
446.389 60.2481
874.291 65.6135
438.5 68.25
580.98 70.7053
591.875 70.7767
80.25 71.25
874.841 77.2204
172.637 78.8654
1006.4 81.7106
657.363 84.3101
77.4159 86.8983
419.086 92.748
885.951 96.9031
75.0466 98.9074
423.666 98.5654
434.465 99.197
733.473 98.9552
900.292 98.8877
390.517 99.7777
880.744 103.132
707.364 104.045
864.282 104.584
368.104 105.342
427.924 109.441
889.122 108.559
463.695 110.838
899.111 113.705
74.3923 113.548
80.5845 115.267
451.911 115.277
480.101 113.806
450.463 118.449
466.316 118.316
290.489 118.428
364.426 117.731
362.321 126.195
784.375 126.424
353.314 132.623
903.425 134.342
392.87 135.983
101.954 139.853
324.695 146.653
840.684 145.804
891.266 148.149
526.938 154.711
218.306 160.766
318.302 176.216
504.216 184.481
514.504 188.679
871.493 193.065
340.057 195.06
520.742 194.934
520.955 198.278
859.646 197.523
479.569 200.216
338.406 210.927
427.784 210.383
435.173 220.28
650.669 224.351
845.27 225.039
236.241 226.331
515.934 230.129
455.887 242.35
450.5 246.5
407.002 245.55
878.712 247.823
386.189 250.674
659.316 250.204
372.846 258.489
366.961 261.32
391.685 260.565
624.26 260.382
861.687 260.486
687.549 278.294
914.825 278.691
895.689 284.204
391.272 286.33
433.338 288.546
575.946 296.859
402.941 302.714
416.46 302.151
480.688 305.554
785.542 306.185
403.011 309.146
734.426 308.771
779.103 313.754
873.396 314.017
403.755 316.556
888.717 319.397
626.014 319.853
403.414 322.551
510.056 322.599
581.875 323.284
671.573 322.828
575.065 326.757
574.053 331.555
517.159 332.255
897.77 333.216
341.433 340.102
366.397 340.363
454.588 344.734
411.434 350.031
271.909 354.074
414.559 353.902
1016.49 352.525
884.241 364.421
852.413 376.419
411.935 380.5
398.749 380.754
404.802 379.74
908.841 382.272
523.723 385.168
488.662 388.911
880.51 389.424
910.833 389.257
394.383 391.58
384.444 394.406
454.078 395.512
156.731 399.038
390.779 400.93
386.367 402.658
434.277 402.465
860.615 403.38
391.474 404.196
401.717 404.231
539.622 404.146
352.01 406.238
425.313 412.046
317.248 415.312
487.282 418.773
880.398 424.394
582.189 426.735
874.233 432.876
152.941 440.668
231.146 439.909
715.081 444.415
151.14 446.291
225.733 448.443
231.162 448.342
150.924 452.684
229.597 456.377
152.534 458.814
243.764 463.358
152.504 465.112
387.411 463.895
253.983 467.241
456.374 466.597
292.693 467.335
428.703 468.938
573.001 468.978
578.485 470.5
597.131 468.335
422.964 471.909
481.421 470.517
488.363 470.867
496.579 470.68
563.049 473.203
610.512 477.941
408.852 483.228
422.605 483.139
892.779 482.631
474.718 484.523
843.722 484.286
531.75 488.25
893.25 489.75
468.822 492.639
510.5 496.24
526.418 494.611
570.381 496.611
200.639 500.3
661.874 505.496
148.193 524.654
136.159 552.211
147.501 549.351
918.86 552.86
913.701 557.385
156.717 560.457
199.225 563.583
404.945 564.683
921.162 564.422
680.552 574.514
894.394 580.132
889.125 581.919
268.374 584.479
925.434 588.262
868.88 590.627
163.168 592.138
370.73 595.209
879.234 597.297
926.36 606.711
945.092 614.891
919.501 618.864
815.06 628.663
874.434 631.241
849.303 633.119
856.302 633.351
193.346 640.263
204.777 642.742
842.94 643.397
929.931 644.983
1009.32 650.713
821.853 655.415
831.75 654.75
860.622 656.622
895.652 665.91
80.5095 23.6033
867.992 23.2531
84.8831 24.0722
79.0816 30.9955
838.5 32.5
435.254 36.6073
77.5039 48.5508
450.7 47.7983
777.365 48.9114
422.424 52.8023
892.102 56.53
454.026 58.8045
923.354 67.239
585.177 72.6234
75.2725 82.3112
1001.43 82.47
73.8012 100.098
390.517 99.7777
730.869 99.9948
707.902 103.511
402.095 104.932
69.5111 110.457
73.1768 110.804
898.5 112.5
78.8847 118.372
885.5 121.5
879.915 142.654
328.617 144.747
530.338 144.837
523.751 155.981
322.008 176.242
650.342 188.9
869.658 196.393
339.424 200.223
477.917 205
420.516 207.192
876.991 223.164
519.91 231.289
311.166 240.874
453.221 249.221
659.49 250.575
690.85 250.076
860.981 259.579
367.321 262.262
512.243 274.874
873.154 313.853
402.218 317.751
510.264 321.465
670.18 322.956
409.59 322.902
585.489 325.902
900.386 325.227
418.577 337.566
401.705 344.731
411.331 346.73
883 346.196
271.343 348.734
423.691 351.674
597.987 366.855
415.511 376
504.77 386.226
431.745 386.195
427.486 396.561
539.933 403.657
860.426 403.416
425.846 407.438
546.518 406.4
256.07 411.797
409.532 411.844
415.484 411.96
430.595 410.838
853.173 418
230.082 440.07
700.209 442.478
717.893 444.396
537.092 473.288
556.466 472.082
883.336 481.083
516.948 486.06
176.76 495.93
166.243 507.915
745.117 508.352
141.621 525.001
168.995 525.851
132.106 532.851
167.67 544.149
918.48 543.265
637.422 586.168
163.157 592.143
883 592.593
498.343 597.37
918.412 598.262
892.632 604.322
944.109 614.557
822.622 633.571
858.627 633.671
837.619 634.137
849.069 637.074
194.853 639.568
829.049 639.919
214.816 642.567
814.141 649.424
836.136 651.914
966.844 652.225
853.141 652.423
905.768 662.353
78.3914 22.8111
857.645 32.2175
879.217 31.6193
78.0452 52.6668
870.077 53.2251
425.154 57.4248
439.451 58.3353
434.304 69.1465
443.286 95.1217
884.04 98.5
74.0617 106.884
403.464 104.447
32.4238 108.631
367.658 112.915
413.18 110.026
360.684 124.639
466.878 128.802
99.2571 132.389
874.048 141.943
528.12 145.233
650.387 187.875
336.558 198.062
476.812 203.894
490.245 207.597
508.87 206.529
375.3 218.72
336.303 225.461
848.228 227.503
314.233 243.635
409.358 244.791
452.977 249.71
853.717 251.238
853.5 265.5
370.89 264.154
407.947 271.297
513.44 275.356
479.312 306.762
574.802 316.064
397.254 319.397
581.596 325.519
872.31 334.298
393.675 343.13
419 338
857.224 339.497
271.921 349.318
413 347
420.574 357.147
414.153 361.563
598.67 365.016
267.49 367.931
416.333 380.477
391.08 389.5
432.858 385.6
390.396 392.4
510.122 393.917
339.994 400.754
425.701 400.729
413.481 405.788
152.743 441.448
721.598 445.353
879.581 448.867
153.149 452.994
153.146 465.846
577.061 470.66
168.273 511.352
142.014 523.825
131.555 531.591
131.507 535.702
155.017 540.922
124.957 545.387
138.641 551.893
915.171 558.958
157.549 562.009
892.119 579.43
926.907 581.835
930.057 607.819
822.266 637.031
873.034 632.412
849.5 641.295
217.681 641.887
824.744 648.661
850.838 648.616
898.967 656.433
860.722 657.001
900.757 661.364
866.838 22.4583
840.062 23.2434
458.335 44.5063
422.513 50.8259
76.0551 102.073
445.932 97.1145
32.9407 104.069
396.031 103.47
56.9354 111.225
79.4151 116.065
885.917 118.158
489.725 128.938
871.684 131.73
98.5058 134.296
326.5 221.773
493.588 217.588
854.009 248.135
410.327 273.039
475.856 305.883
409.174 309.477
423.706 315.512
510.175 319.955
422.5 356.5
397.348 354.519
432.237 367.55
611.5 363.5
274.166 378.958
398.964 394.839
389.686 414.862
854.818 421.159
875.832 444.823
387.905 464.539
884.123 482.838
176.357 494.297
123.5 531.5
162.086 533.6
140.55 548.646
768.999 584.859
883.444 595.054
930.915 604.357
208.197 640.435
850.776 646.742
824.94 648.241
903.998 658.938
75.4742 41.1702
444.558 62.5518
883.041 99.7622
97.5679 132.563
864.174 137.204
518.707 155.044
888.838 160.642
334.318 179.238
494.023 207.629
319.707 245.973
407.615 279.542
516.636 289.001
474.715 307.637
573.293 323.5
290.924 346.157
395.766 347.984
612.261 361.66
275.5 363.5
425.249 376.322
395.157 420.94
121.378 530.802
161.522 531.926
143.234 538.489
532.992 595.656
889.421 614.97
825.987 645.987
851.156 651.5
429.302 52.4817
446.135 64.1744
387.514 119.331
880.411 163.411
328.503 208.845
380.497 221.716
542.888 230.01
533.5 269.5
413.5 341.5
273.952 371.309
613.459 359.153
415.7 397.075
170.414 474.395
879.12 494.959
109.211 517.211
189.059 518.142
625.729 520.727
137.552 546.546
932.282 582.225
879.849 615.35
955.249 628.287
