1428
384.716 3.22625
403.125 3.05261
565.807 2.99796
941.625 3.55872
557.788 4.52091
566.8 5.38831
994.946 5.62464
996.073 5
379.938 7.9375
558.938 9.9375
571 10.8417
381.496 10.8483
329.405 13.157
569.56 13.7191
361.189 22.183
364.285 22.7197
444.527 22.6151
451.029 22.7441
551.032 23.0179
769.508 25.8469
365.298 28.4094
583.073 29.1377
773.947 30.7724
878.739 29.5241
920.602 30.2549
585.385 31.4822
649.08 32.9889
181.374 34.3488
368.407 35.3833
579.574 35.5746
134.341 38.3749
645.174 42.2383
290.045 42.8861
791.064 42.8611
335.049 45.2094
336.698 56.6307
650.526 58.2348
611.423 59.9833
694.04 61.0619
245.589 62.4871
339.044 63.3613
662.047 62.7144
644.416 63.4551
810.536 63.7146
275.23 65.2024
335.057 66.3628
827.167 66.6899
473.515 74.944
676.665 76.0029
618.643 81.7389
933.42 81.8748
564.404 85.9666
916.072 94.0317
390.394 94.9799
231.186 98.063
593.504 98.7266
664.57 98.1564
74.9188 99.1154
82.4932 98.9071
166.347 98.5112
223 98.8986
271.807 98.7482
563.956 102.731
671.75 103.528
810.67 102.605
427.83 103.945
385.486 106.432
425.939 106.114
523.565 107.061
541.835 108.209
393.454 108.812
530.215 109.235
787.393 109.506
566.547 110.003
546.988 110.951
563.794 110.44
809.106 111.066
543.819 112.439
694.015 112.834
317.744 115.56
1010.08 114.823
314.973 116.708
543.82 117.539
561.576 117.915
633.968 117.711
636 118.882
526.135 118.523
558.704 125.295
746.303 126.303
409.45 127.4
1010.44 129.229
661.975 132
1012.57 131.97
240.248 133.476
392.897 133.868
529.163 135.837
742.801 134.715
812.182 134.792
67.4416 135.791
208.459 137.086
221.669 136.943
393.848 139.63
418.519 139.488
432.608 139.518
530.578 140.605
555.484 140.53
1014.94 141.448
450.334 144.874
451.616 144.83
959.182 151.433
990.515 150.48
958.981 153.606
769.079 159.367
772.202 160.161
999.125 163.665
59.1259 164.759
959.166 164.831
225.025 166.937
772.095 169.014
671.503 169.829
783.295 169.579
129.169 171.972
249.789 174.373
694.534 175.01
431.496 176.182
435.461 178.31
454.308 177.436
468.775 177.914
481.655 178.217
514.925 178.488
456.969 181.916
493.37 182.582
929.544 183.247
443.715 184.965
443.502 186.66
929.771 189.282
446.837 189.941
503.232 190.416
435.926 197.875
694.946 197.13
261.972 199.076
930.439 199.577
509.411 200.625
875.918 202.258
1004.65 203.817
347.571 206.948
960.444 207.094
1016.42 206.777
1008.97 208.053
486.808 211.921
586.492 214.318
960.552 215.15
362.5 217.365
382.302 219.046
518.392 219.697
260.709 221.647
349.8 222.075
461.39 222.322
466.981 223.07
572.799 223.504
450.753 226.978
1012.18 227.02
951.099 227
453.039 229.153
172.928 231
927.249 230.466
936.558 231.82
940.6 235.095
965.765 235.199
176.156 236.067
812.589 237.245
1019.97 237.065
1005.34 237.418
477.11 238.865
960.476 238.543
996.676 240.399
1003.22 240.237
337.159 243.805
458.232 243.633
608.63 243.775
746.565 247.283
450.508 248.656
533.571 249.684
400.296 249.907
414.068 249.9
547.57 250.28
31.6685 252.342
43.4236 253.424
41.1286 253.824
41.7561 256.81
391.124 257.184
423.839 257.294
205.706 258.044
205.832 258.284
524.541 257.721
556.868 258.151
831.372 259.318
997.864 258.928
112.387 259.818
476.417 260.237
1005.75 261.581
571.651 263.187
613.248 263.411
675.585 263.347
961.24 262.93
334.705 263.999
741.679 264.702
1004.09 264.147
86.8559 264.83
966.015 265.124
972.434 264.998
715.373 267.841
231.795 269.911
716.972 271.68
490.845 273.267
774.021 277.987
594.43 279.858
600.987 280.378
613.581 280.398
627.726 279.991
320.566 280.78
333.925 280.722
346.538 280.421
477.341 281.274
1009 282.936
314.511 284.295
481.929 283
539.854 284.21
633.334 284.384
966.979 283.954
421.294 285.529
480 286
393.14 285.549
401.248 285.993
413.407 285.604
526.86 285.699
534.456 286.098
547.005 286.126
554.719 285.752
1008.07 286.188
961.542 286.386
557.64 287.954
998.411 289.336
1005.13 289.086
1008.14 289.007
1002 291.165
878.399 292.161
576.171 294.817
873.174 294.868
571.554 299.237
605.608 299.826
613.936 300.485
614 299
401.916 302.437
412.85 302.12
485.918 301.998
535.516 301.862
546.252 302.084
620.074 303.171
476.51 304.091
837.968 304.049
479.507 305.468
474.173 306.551
999.494 307.858
338.758 310.98
611.621 311.639
962.183 311.572
1008.78 313.849
967.573 314.512
974.025 314.113
391.092 315.406
423.558 315.103
459.227 314.681
466.761 314.417
476.51 314.474
481.864 315.689
524.947 315.922
557.134 315.778
400.16 316.871
414.638 317.771
467.053 316.476
491.053 316.931
414.562 317.487
548.39 317.691
592.286 318.293
624.553 318.427
469.76 318.26
478.293 319.347
623.701 319.132
462.6 319.811
485.768 320.37
494.179 321.323
639.646 321.356
307.783 321.888
576.784 321.696
371.488 322.808
480.442 323.016
466.75 325.75
572.524 325.489
635.362 325.506
620.566 325.346
759.248 325.728
473.609 326.342
511.002 329.457
755.914 330.055
795.981 331.004
799.846 331.14
805.874 330.87
503.988 331.514
789.255 332.17
442.779 332.452
469.244 333.594
198.727 334.781
460.415 333.413
507.63 333.898
537.707 333.774
676.341 334.556
887.115 334.084
968.969 333.904
271.601 335.313
454.358 336.834
827.26 336.137
864.096 336.643
1011.03 335.618
485.303 337.535
506.805 336.364
509.996 336.709
507.847 337.826
939.18 338.42
1005.45 338.326
496.949 338.759
515.276 339.379
648.556 339.378
999.315 338.474
489.198 340.113
541.907 340.842
1002.98 341.021
434.338 342.895
509.232 342.919
514.329 343.31
460.398 345.545
527.219 345.208
535.167 345.408
547.373 345.267
555.221 345.379
393.42 345.738
401.287 345.939
413.731 345.579
421.725 346.006
514.989 346.325
557.736 347.048
602.766 347.434
614.553 347.293
517.501 348.059
431.899 349.875
427.708 352.132
427.753 352.058
930.152 353.164
521.59 355.43
783.637 354.799
929.278 354.603
592.386 356.197
701.447 356.033
711.172 355.924
355.6 357.403
1000.66 357.766
658.017 359.111
304.502 360.736
290.666 360.711
304.453 360.427
536.569 361.562
546.665 361.445
701.15 361.228
1011.72 360.699
246.841 361.686
402.13 361.955
413.146 362.197
963.779 361.992
407.515 363.868
968.333 363.349
974.778 363.95
137.227 366.187
249.775 366.488
94.1677 370.535
130.379 369.85
93.4533 371.415
72.453 373.64
779.963 374.077
73.1167 375.572
97.8515 376.363
694.281 378.75
213.853 379.949
379.818 380.3
810.941 382.304
76.1432 383.222
93.9214 382.507
969.808 382.747
693.245 384.139
880.865 384.2
875.264 385.135
964.08 385.304
84.4346 386.787
1000.51 388.93
1006.95 388.357
87.2559 389.498
815.678 389.199
81.6995 389.41
84.5361 392.156
98.2777 393.87
761.054 393.895
75.3352 395.883
93.2912 395.92
685.484 398.036
581.49 398.585
772.888 399.137
366.578 400.174
71.2576 401.366
413.203 400.353
1018.11 401.566
98.3492 402.525
80.3397 405.07
90.4996 404.559
472.174 404.787
76.3123 405.751
482.341 405.401
811.036 406.415
468.447 407.383
730.898 408
741.01 406.78
742.66 407.119
482.633 407.349
526.367 408.049
680.887 407.561
1001.79 407.752
203.4 409.055
214.949 409.085
267 409.787
294.478 408.842
781.224 410.244
964.448 410.96
620.655 411.104
746.887 410.926
311.342 412.466
199.142 413.179
969.969 413.254
976.296 413.078
576.327 413.991
606.226 413.876
651.926 413.878
683.283 413.768
729.115 413.665
498.913 414.739
217.244 416.255
245.311 416.083
264.03 415.511
296.419 415.476
762.461 416.664
208.084 417.283
812.25 416.881
869.912 416.711
241.501 417.854
190.151 420.655
754.287 421.954
755.019 424.807
590.82 426.494
682.977 429.444
729.477 428.839
498.844 430.339
529.881 430.008
575.917 429.494
584.084 430.014
605.324 429.667
651.693 429.815
216.422 431.1
343.162 430.816
264.907 431.462
529.216 437.565
294.123 438.123
146.637 441.998
189.802 442.905
864.298 444.049
790.945 448.389
159 451.922
699.556 458.301
764.624 458.418
964.249 459.581
249.06 460.22
858.421 463.001
22.4564 465.784
779.846 468.089
759.989 470.031
110.642 472.166
151.253 473.338
702.198 478.289
757.433 495.554
820.513 503.345
699.075 504.138
768.466 505.354
894.875 505.313
632.486 506.575
891.321 506.535
858.949 507.214
864.898 507.158
378.061 508.133
703.692 508.902
871.155 509.01
256.87 511.945
395.605 511.487
383.019 513.098
788.496 514.647
939.285 513.471
728.456 515.164
679.002 517.293
636.143 519.787
672.882 521.859
702.383 522.488
659.732 523.869
631.457 527.517
639.845 527.586
632.66 529.382
409.916 532.274
536.741 531.908
842.051 531.987
845.165 532.017
399.466 532.364
649.1 533.843
917.385 534.527
946.203 535.311
921.59 536.149
940.12 537.115
950.815 536.639
927.454 537.937
652.085 539.446
918.22 540.875
950.367 540.308
547.131 542.397
598.786 542.632
643.93 541.661
409.971 543.246
445.813 542.945
536.822 542.74
399.422 543.449
668.365 543.956
934.749 543.577
931.977 546.287
938.11 546.628
968.262 546.638
177.275 547.257
604.219 547.437
467.198 548.334
935.297 549.386
649.873 550.715
954.419 554.102
942.582 555.036
929.157 556.111
968.5 556.377
546.403 558.477
924.415 557.35
652.547 558.609
294.406 560.106
1000 561.034
342.196 564.115
603.909 563.534
531.348 564.398
405.023 567.223
857.54 569.921
865.299 571.08
244.523 575.683
238.529 577.977
865.992 583.992
620.792 584.1
780.882 599.125
884.892 609.111
393.509 631.552
522.145 635.241
462.778 636.778
482.999 637.127
493.944 637.062
514.188 637.938
484.858 640.404
491.411 640.555
56.2753 641.08
464.46 641.815
460.818 643.341
465.903 646.915
510.486 645
96.1911 652.787
465.878 664.859
951.792 672.776
143.744 678.618
645.969 678.966
825.367 4.64122
995.558 5.70499
1003.75 5.96246
558.115 7.63105
381.625 9.625
569.4 9.17356
570.198 12.3292
548.955 22.7518
320.465 25.0129
360.5 28.5
361.903 30.1897
827.993 30.1088
586.338 31.3211
331.518 35.1048
617.317 34.6204
369.11 35.4269
295.914 43.5288
335.152 45.0151
336.067 55.7639
622.489 61.4253
643.957 63.54
642.944 67.5883
85.7742 76.2411
558.106 76.6521
948.144 76.077
933.752 83.3416
271.635 84.8001
161.16 89.0896
596.842 89.4645
232.092 98.22
805.69 98.0371
81.7908 98.8259
786.215 99.1929
427.64 106.054
546.144 108.623
394.054 109.15
427.645 110.091
787.191 109.201
583.069 111.655
809.116 111.07
318 115
526.398 117.798
316.649 120.218
632.142 120.302
1013.91 124.897
1012.63 133.577
683.865 135.394
432.649 139.657
393.862 141.862
530.971 140.872
989.039 149.931
959 151
424.554 154.944
225.358 157.089
466.419 159.258
8.72835 167.272
475.174 176.056
468.768 178.278
481.664 177.572
487.895 177.828
462.863 178.803
929.565 181.456
451.4 184.099
446.953 189.967
930.107 189.911
443.034 194.079
954.409 193.352
166.083 193.958
695.113 198.153
435.965 199.272
509.625 200.597
954.899 200.91
1015.72 204.025
961.5 207.242
519.075 219.074
965.098 219.393
471.108 220.57
572.633 224.575
785.65 226.925
172.329 230.966
965.617 234.499
1015.85 236.201
477.11 238.865
995.687 241.418
338.894 246.24
529.061 247.407
471.443 250.094
31.6671 252.342
406.535 251.663
407.26 251.59
541.199 251.978
692.988 251.898
481.75 256.5
686.133 256.544
997.213 257.548
747.313 258.571
112.559 259.687
476.98 259.557
961 261
807.124 262.696
742.95 264.679
1002.68 264.181
716.421 267.768
477.91 276.13
478.75 274.75
606.568 276.484
494.044 279.683
347.275 280.894
490.247 280.141
614 280
966.651 282.573
476.5 282.5
483.317 283.53
633.249 284.404
1007.39 286.023
961.885 286.369
998.087 289.589
1006.28 289.196
771.443 291.13
1002.37 292.742
480.395 301
535.445 302.713
999.262 306.983
594.243 310.042
962.074 311.934
975.23 313.86
123.971 316.009
496.75 316.548
500.153 315.317
414.104 317.87
547.593 317.959
469.796 319.553
620.051 326.096
489.196 327.728
511 330
725.62 331.469
968.311 332.009
514.18 334.02
476.941 334.685
508.023 334.128
1011.11 335.717
483.102 336.762
933.983 336.809
505.851 337.784
827.938 337.663
1007.24 338.7
472.242 340.525
434 343
347.096 348.638
575.582 353.67
750.259 354.264
886.296 353.81
521.426 355.643
1000.23 356.786
644.487 359.377
964.1 360.552
1012.01 360.853
536.49 361.807
967.739 363.353
976.443 363.812
956.895 365.984
697.38 368.7
94.6357 371.534
72.5 372.5
78.5 372.5
694.832 373.611
137.063 376.872
95.2068 377.973
802.625 382.625
969.324 381.169
876.903 383.002
76.4025 384.032
93.1394 383.69
85 387
1012.49 385.637
88.8286 389.414
1008.05 388.484
178.911 390.256
85 392
92.3095 393.948
581.808 397.483
76.385 400.333
366.41 400.361
71.5712 402.406
97.8219 402.865
481.765 407.467
731.663 407.725
1001.86 407.444
93.8803 407.865
370.75 406.75
525.56 408.143
601.178 407.519
654.067 407.784
679.711 407.96
777.182 408.4
213.462 409.541
781.105 408.952
808.801 410.081
965.578 410.264
544.404 411.299
561.194 411.231
620.647 411.512
637.506 411.177
697.236 410.922
714.473 410.922
249.919 412.757
311.693 412.627
608.089 413.395
650.97 414.189
965.34 412.726
968.875 413.841
420.493 414.583
530.925 415.485
552.933 414.691
628.487 414.711
684.521 413.831
705.811 414.526
262.388 415.505
297.537 415.382
760.804 420.325
724.858 425.183
590.913 427.408
660.13 429.88
528.835 437.089
680.741 436.373
292.62 437.938
759.962 438.387
923.277 439.825
762.806 441.853
865.525 444.525
795.131 445.728
845.067 446.297
971.115 445.517
966.369 447.492
654.903 455.702
693.223 457.429
763.383 457.709
964.587 460.299
772.915 467.185
960.793 481.307
727.995 490.771
677.707 498.349
667.665 499.945
768.685 505.365
840.888 505.375
890.524 506.22
632.152 506.554
687.608 507.259
777.711 507.438
939.347 510.174
744.526 513.731
788.704 514.532
537.087 516.177
656.8 519.209
635.697 520.154
702.027 522.524
631.177 527.373
960.389 529.461
399.139 532.639
842 532
638.098 536.278
946.048 536.351
916.654 537.079
937.379 537.521
679.644 540.302
399.256 543.582
462.06 543.035
938.909 547.038
255.879 550.433
632.456 551.257
919.925 550.925
935.341 550.792
941.067 554.067
920.531 557.61
951.882 558.012
1000.07 562.075
604.029 563.916
394.763 564.109
531.417 564.485
552.258 564.518
697.127 569.81
462.413 636.112
488.006 637.908
510.439 638.318
491.38 640.079
492.565 643.689
506.481 645.017
513.978 645.29
382.074 10.2228
280.558 13.7133
475.106 13.0894
545.793 22.3782
361.382 29.3491
872.64 28.7389
775.187 30.7283
919.427 30.3917
757.807 32.2195
331.568 35.3581
576.662 34.6659
296.25 44.25
584.92 42.4047
337.198 47.8017
333.569 53.6858
651.151 58.5344
269.973 60.7991
809.225 64.0585
833.76 64.8017
338.846 66.2322
645.75 68.25
831.255 66.4896
87.9831 72.5815
947.126 73.7236
934.748 86.5526
390.427 88.4045
596.739 89.8378
165.767 98.5652
215.019 99.0341
326.5 100.054
66.128 100.179
254.542 99.8488
880.814 100.655
564.433 102.987
414.984 107.262
431.437 107.392
519.588 106.56
779.84 105.302
395.677 108.227
70.7134 110.732
567.452 112.035
584.25 111.75
527.412 113.792
424.182 116.557
633.125 120.375
1012.17 120.159
613.889 123.917
398.022 124.136
398.735 128.524
410.533 127.369
746.775 128.997
472.599 133.896
608.755 131.057
831.153 134.071
208.325 136.184
944.937 138.255
451.626 145.593
960.809 151.25
333.148 152.991
443.979 151.697
319.816 154.601
629.155 153.844
440.513 162.795
995.709 162.954
960.679 164.56
805.924 166.667
650.995 168.118
467.942 172.373
482.229 172.435
433.718 177.245
469.738 180.238
516 178.73
462.617 180.009
451.916 185.854
505.985 187.098
954.085 192.754
294.764 197.215
756.031 196.173
719.384 201.402
789.984 200.124
931.505 201.708
954.374 201.201
963.092 205.018
1016.62 206.601
961.458 215.852
1014.86 214.687
384.404 218.991
520.029 218.516
1009.34 223.376
876.683 228.426
949.003 228.2
702.503 230.751
176.09 231.852
482.743 231.202
938.825 234.877
942.5 235.305
471.049 240.685
456.966 244.438
746.678 248.528
400.381 250.351
406.663 250.568
540.426 251.183
31.5846 252.753
447.938 253.018
44.1122 254.509
175.646 255.95
481.765 258.46
686.383 256.794
997.561 257.377
113.102 259.111
831.75 260.25
470.762 260.085
1003.52 261.171
90.2257 262.295
880.535 262.503
573.375 263.375
240.42 267.949
743.946 266.346
491.315 269.365
536.343 274.112
679.439 274.796
489.733 277.161
711.414 278.017
321.658 280.773
331.419 281.585
350.539 278.57
595.362 280.39
616.114 280.186
966.372 280.705
314.995 284.777
488.5 286.237
555.796 287.348
1002.8 294.731
157.673 297.316
766.785 298.547
481.955 300.832
413.37 303.487
546.589 302.87
535.637 304.117
998.425 304.826
594.493 310.292
1010.76 310.55
459.826 314.039
475.63 314.185
491.395 315.545
124.5 314.875
412.905 317.403
546.926 317.762
456.386 318.102
470.26 318.76
494.886 318.507
525.75 317.25
467.327 319.842
480.715 320.788
577.185 323.953
502.955 326.955
968.687 330.917
442.351 332.483
463.074 331.796
880.846 332.047
469.135 334.72
515.039 334.605
1010.04 334.891
453.61 337.11
493.308 336.813
833.865 336.934
935.391 336.61
127.165 338.346
443.091 338.578
996.643 338.819
1008.51 337.835
500.517 339.293
458.751 342.536
433.049 347.049
500.291 346.168
555.75 345.75
615.052 346.941
458.825 348.604
602.471 347.048
935.863 353.281
576.796 353.871
937.528 353.621
592.299 356.909
356.234 358.795
289.336 360.291
304.863 360.593
964.949 360.605
1010.5 362.111
715.513 366.254
978.2 364.486
231.776 366.432
247.714 368.282
249.045 366.63
947.884 368.065
73.4405 373.394
90.9911 375.508
78.65 378.355
84.75 386.25
965.631 383.986
1012.5 386.391
76.5 385.799
90.8392 388.364
998.677 389.018
77.3364 392.312
1016.5 395.034
581.25 398.25
682.45 396.856
365.761 399.972
76.4501 406.5
80.397 402.771
90.6666 403.71
1000.7 404.228
741.47 407.404
268.496 410.173
290.73 410.399
348.667 408.78
370.211 408.631
469.461 408.008
482.25 410.25
502.336 408.388
582.493 408.859
598.608 410.447
734.709 407.854
328.825 412.329
532.145 413.99
573.626 412.885
608.339 413.645
649.68 413.415
685.854 413.943
727.539 413.629
220.777 415.167
261.136 415.413
298.873 414.854
706.281 419.976
650.001 428.131
667.852 426.647
261.982 429.464
298.911 428.369
359.016 428.414
494.643 426.73
532.343 427.98
600.531 434.5
840.509 440.492
899.312 440.242
970.382 442.744
653.358 456.216
699.75 456.75
762.233 458.797
251.212 461.002
965.447 460.36
903.131 465.18
51.0731 473.422
110.542 472.083
939.425 479.131
961.034 480.919
728.245 491.021
778.5 508.486
687.809 507.792
939.768 510.267
744.915 514.979
680.25 518.25
672.589 521.349
346.612 532.539
950.86 535.816
945.75 534.75
652.702 539.403
674.302 537.97
922.809 539.162
935.37 539.639
550.258 542.76
598.608 542.074
398.25 543.75
668.857 545.342
689.366 546.803
939.75 548.25
969.069 547.489
256.222 550.311
634.047 552.334
935.129 552.942
916.703 554.356
947.413 553.382
954.793 555.728
651.1 557.086
969.25 555.931
603.605 563.592
414.7 564.413
695.914 570.161
244.382 577.554
624.226 596.756
467.072 641.088
482.728 640.394
494.896 640.879
509.648 640.618
488.486 642.93
461.409 644.759
359.518 30.1125
590.31 30.0334
333.745 36.2091
615.816 36.0978
339.622 48.645
331 49.0068
927.549 51.7512
935.279 87.202
432.601 106.595
528.005 112.666
581.085 112.235
412.54 124.335
240.982 132.703
477.564 135.614
747.319 131.91
846.781 135.672
394.249 145.465
639.045 151.499
986.972 150.989
318.389 156.464
628.5 154.5
421.457 158.666
995.224 163.394
930.94 178.502
953.962 192.882
436.533 204.073
513.683 201.477
473.538 203.359
931.917 205.634
787.672 226.721
175.792 229.547
948.373 228.112
465.942 235
468.729 234.62
481.932 248.075
472.188 250.012
605.773 252.545
676.26 256.525
471.245 259.034
483.644 259.998
748.926 259.571
445.125 262.754
708.366 262.129
746.34 263.402
580.539 271.539
683.157 271.801
477.096 273.314
490.659 273.905
607.022 276.89
475 280.417
1009 283
487.731 287.754
159.359 299.116
479.194 308.335
498.384 315.601
462.326 319.463
502.344 316.479
473.299 325.102
503.174 329.111
513.962 331
467.785 331.177
479.021 331.306
880.35 331.483
444.647 338.338
646.727 342.729
515.672 341.747
504.929 345.143
293.21 347.838
433.309 346.926
698.727 354.368
940.286 365.797
701.891 369.966
783.673 382.006
1011.6 385.34
77.326 388.667
91.1667 388.816
693.533 391.002
585.828 409.108
595.65 409.723
543.82 412.074
562.044 411.697
619.29 411.844
637.616 411.587
688.083 409.333
697.74 411.483
716.021 411.36
667.676 426.852
677.249 434.696
648.494 454.203
312.927 455.883
252.474 459.702
939.474 476.742
961.37 478.502
939.002 478.565
681.764 493.392
838.921 502.605
855.812 504.936
935.321 538.57
922.5 538.5
944.894 540.866
395.784 543.575
413.786 543.854
947.848 551.035
937.172 555.828
934.838 554.051
954.042 556.104
505.5 637.5
488.696 642.934
475.467 13.7892
369.381 21.5588
353.475 28.4891
617 41
331.037 50.0144
929 53
340.215 51.7323
833.053 65.5472
877.978 65.39
597.844 71.3593
941.021 73.3622
882.473 101.465
74.6646 109.131
389.514 109.63
432.737 108.737
518.449 106.559
611.411 129.651
535.022 143.213
940.804 143.706
757.305 196.934
325.784 201.107
1009.13 213.314
471.401 219.099
461.132 225.3
1011.1 228.105
945.66 228.048
465.375 238.386
463.802 243.249
465.5 257.5
1001 255.003
89.1389 261.826
245.056 258.481
445.625 263.254
486.306 262.212
477.134 270.493
449.808 271.557
682.919 273.602
472.287 279.925
1005.52 284.88
159.859 299.366
457.922 310.143
477.272 309.272
493.5 313.5
1004.77 308.773
514.607 325.607
608.408 326.639
612.607 327.827
482.026 336.603
515.395 337.5
445.495 341.378
455.5 339.5
484.39 340.987
501.834 345.115
646.95 343.782
698.17 354.995
937.896 352.138
710.603 365.005
939.879 370.244
702.697 372.527
87.2023 378.88
86.8482 400.235
477.426 406.127
741.038 409.946
1004.99 408.868
229.568 414.964
641.944 449.944
688.744 457.952
952.801 524.499
182.966 545.447
669.212 546.647
694.444 547.504
924.93 551.154
253.934 556.893
693.613 569.924
471.095 640.919
505.032 640.395
339.935 43.0803
600.066 67.4161
645.969 115.393
649.209 120.221
539.909 146.277
969.111 153.111
984.326 152.637
933.188 180.625
479.803 214.06
972.308 212.952
564.766 227.973
938.898 233.184
236.793 255.293
716.657 254.383
463.541 262.862
489.899 267.387
760.495 266.084
476.307 284.259
487.577 276.249
164.198 296.371
476.181 314.906
603.5 323.5
509.773 341.773
946.23 367.7
941.516 371.829
634.973 453.301
939.116 470.052
695.563 517.926
946.407 522.098
941.575 546.575
692.735 548.735
255.477 571.742
680.354 568.502
621.594 597.896
590.16 28.2094
611.203 47.2025
933.283 47.1237
343.259 50.5302
932.427 110.589
602.248 117.162
637.087 126.835
401.137 146.712
541.317 147.577
476.088 180.698
474.436 228.508
450.95 291.5
450.726 305.342
602.715 325.765
501.12 332.76
445.721 338.929
507.81 332.077
87.2806 380.838
272.031 459.255
748.513 463.868
926.132 546.359
946.968 547.468
970.303 552.907
684.429 564.601
599.51 50.6369
513.265 115.836
605.612 112.577
633.312 134.943
640.301 184.536
678.183 246.988
703.045 271.045
447.834 354.969
689.833 364.502
942.515 374.452
969.16 435.69
941.613 521.747
