1562
376.565 3.414
467.077 3.05169
368.164 3.46987
372.586 3.75287
456.927 3.78829
805.568 4.31568
727.938 5.04815
450.079 6.35198
247 7.91501
315.108 7.30708
317.85 7.21792
371.803 6.77044
446.969 7.0461
459.831 7.35472
453.413 8.13656
756.091 7.97775
456.737 8.55835
808.371 10.5776
923.922 11.096
940.101 10.9085
624.577 13.9754
624.406 13.5846
663.799 14.6362
946.808 16.4351
939.521 17.041
563.945 18.976
196.406 21.3619
508.899 22.5769
930.811 22.2881
315.03 24.0728
478.546 24.5012
487.461 27.6028
398.025 29.0327
686.456 29.0787
452.025 29.4526
486.634 30.6335
916.098 30.1719
474.259 31.1137
639.944 31.0738
647.495 31.6868
451.595 33.0664
864.115 33.8557
639.229 36.0988
200.468 37.6404
386.546 38.398
248.216 40.0083
452.299 40.1861
576.165 40.772
599.775 41.1459
469.628 41.4306
924.924 42.0007
960.099 42.1322
804.127 42.1274
299.476 43.7845
391.624 44.3077
481.907 45
380.122 44.219
430.503 44.4895
520.732 45.8917
413.951 45.5005
520.819 45.6163
925.231 46.3685
371.766 48.1301
377.917 48.7932
966.236 50.0063
745.451 51.5068
940.84 52.3686
197.013 53.1044
737.052 53.1439
966.444 53.4008
460.887 53.7701
476.583 54.2019
485.334 55.4063
511.914 55.0068
597.415 55.7971
966.554 56.2458
939.17 56.6604
62.0328 57.3493
486.63 57.4897
513.997 57.5274
478.543 59.3163
923.67 58.6696
494.567 60.0642
936.114 59.8953
953.596 59.4677
491.934 60.6366
497.591 60.9695
958.303 61.8225
490.049 63.0646
508.253 63.2986
923.975 62.9955
641.127 64.0268
928.927 64.0194
931.672 64.3492
948.571 64.716
218.11 70.1503
606.071 70.0045
928.805 69.6924
953.643 70.0249
344.503 73.516
948.042 74.1648
360.591 74.2843
574.297 75.0007
360.137 77.6469
486.183 77.727
925.848 78.2756
950.469 78.4987
711.951 80.8133
951 81.7027
860.591 82.1783
136 83.7142
805.959 84.1678
948.453 89.8217
978.793 89.5835
970.42 90.907
662.274 92.9057
968.079 92.8991
942.174 93.6243
967.643 96.0692
908.1 99.0715
968.811 98.9626
802.117 100.306
942.883 100.154
611.836 101.908
937.437 101.746
334.855 103.495
332.53 105.62
766.022 107.765
941.719 108.464
643.462 109.868
313.385 111.625
572.111 111.572
954.152 112.159
313.605 116.566
989.443 116.859
950.318 122.318
231.036 123.347
326.987 127.017
330.824 129.065
950.542 129.34
928.122 130.358
199.86 130.929
759.614 131.055
44.4674 133.44
631.391 133.293
989.131 132.74
939.866 135.142
944.45 136.942
969.903 136.989
970.711 139.303
928.127 140.431
943.622 139.803
969.906 140.078
276.256 141.046
991.668 140.974
927.453 141.179
503.872 151.25
715.13 153.491
928.766 152.972
502.693 154.829
515.01 156.502
556.661 155.567
573.188 157.501
467.889 157.878
484.076 158.083
57.0417 159.385
474.601 159.701
571.316 160.583
145.855 164.048
501.837 164.967
387.086 165.523
486.453 165.891
628.505 166.262
476.229 167.08
388.762 168.822
470.435 168.47
111.898 171.127
362.202 170.907
949 172
265.989 172.382
386.078 172.061
331.643 174.08
502.804 177.367
211.771 177.668
219.168 177.86
851.45 178.234
306.13 179.151
356.897 179.843
162.771 184.257
378.97 185.471
739.677 185.196
943.169 185.572
504.534 186.92
945.982 186.543
829.58 188.109
471.383 188.854
362.625 192.787
755.126 194.336
155.547 194.57
743.177 195
415.365 198.279
504.355 199.662
271.8 201.518
638.263 204.009
466.534 208.591
996.543 209.295
153.269 214.508
960.18 220.106
860.457 221.853
954.839 221.659
469.702 224.519
400.131 228.439
311.496 228.611
401.996 228.895
451.38 230.06
661.593 230.402
930.247 229.398
462.696 232.601
997.171 232.976
460.066 236.602
938.291 236.081
993.679 236.385
463.148 238.091
189.565 240.765
114.386 242.764
465.168 245.585
933.155 246.423
311.244 247.351
974.844 248.295
925 252.878
974.994 251.872
470.669 252.918
542.556 253.979
52.3901 256.568
286.237 256.488
787.225 264.124
430.944 267.553
995.623 268.129
428.14 268.987
948.021 269.806
998.979 270.233
1006.26 270.568
416.516 272.807
944.029 274.002
942.761 276.287
715.314 277.483
939 282
1018.05 281.161
953.54 283.228
958.996 284.138
809.18 286.456
329.302 287.598
484.022 290.81
496.5 290.642
414.269 293.473
630.5 295.027
371.819 296.154
1000.77 295.775
506.213 297.59
477.464 298.685
485.787 299.76
567.589 300.636
997.41 300.571
263.215 301.286
392.122 302.328
528.471 301.92
270.409 302.878
961.043 306.109
223.415 309.24
744.839 309.022
126.911 309.829
450.179 309.234
359.481 311.138
180.245 313.129
164.773 316.031
948.371 315.693
549.512 317.219
555.854 317.562
567.71 317.284
238.783 317.741
935.588 317.167
445.6 320.067
965.744 320.829
433.536 322.282
863.451 321.612
935.09 322.988
437.028 324.35
504.238 324.652
745.953 323.922
857.691 323.926
338.825 325.355
479.289 325.517
486.006 325.228
497.064 324.862
940.09 324.773
958.796 324.957
328.104 325.728
432.926 325.485
222.747 328.129
383.251 328.454
390.002 328.027
960.893 328.114
313.95 329.176
367.007 329.089
950.074 328.8
934.9 329.861
999.287 332.451
816.164 334.891
936.041 334.914
1009.56 335.356
528.635 336.461
932.248 336.223
980.542 335.522
989.871 335.28
1006.81 337.094
496.507 340.72
949.902 340.318
978.409 339.985
985.189 340.028
1003.1 339.945
486.532 340.508
572.066 340.618
374.146 343.675
436 342
979 342.186
382.692 344.287
993.154 344.036
1003.13 344.14
428.5 346.417
433.111 345.986
444.107 350.154
449.727 350.882
1010.48 351.524
327.395 352.93
506.03 353.198
417.358 353.477
422 353
424 355
477.25 353.815
577.478 354.283
993 354.645
1007.28 353.725
365.118 355.577
391.471 355.434
429.929 356
485.251 355.071
993 354.579
372.625 356.802
428.621 356.845
592.344 356.936
992.756 356.4
999.704 357.037
413.633 358.181
417.863 358.155
425.412 357.848
432.935 358.8
532.772 358.776
728.511 359.328
1004.27 359.589
46.3568 360.666
186.54 359.815
444.94 359.823
993.143 359.984
997.781 360.072
427.894 361.257
1004.4 360.579
357.254 362.145
436.43 361.543
529.245 362.453
423.638 363.962
429.167 364.663
725.086 364.203
1000.45 365.398
435.505 365.699
761.147 366.135
979.917 367.146
805.914 369.991
846.337 369.501
466.863 369.935
628.389 369.715
979.96 370.006
421.371 371.364
447.832 370.876
456.514 370.617
414.606 372.212
430.469 371.816
426 373.846
463.982 372.317
405.51 374.044
430.807 375.008
442.957 375.308
455.408 374.364
463.645 376.042
435.348 377.377
466.817 378
417.938 377.821
456.631 379.216
461.792 378.89
400.214 380.664
419.209 380.964
496.95 381.349
504.188 381.487
462.39 382.392
478.865 381.712
486.145 381.488
758.559 381.552
824.893 382.118
40.4525 382.907
366.595 383.259
373.036 383.117
382.932 383.069
389.419 382.945
468.047 384
500.545 382.745
556.711 383.252
568.385 383.143
932.626 384.694
381.336 385.081
470.741 386.304
762.486 389.001
755.14 390.067
654.66 391.465
547.367 392.105
644.463 391.404
691.823 393.215
610.505 395.214
305.181 396.321
486.679 397.344
496.277 397.497
373.362 398.196
382.35 398.52
954.997 398.014
1002.77 398.135
377.468 398.872
491.408 398.701
1012.45 400.198
1009.4 402.258
257.055 404.032
641.055 404.493
152.424 405.787
165.509 405.437
156.135 407.355
162.785 407.361
151.338 407.122
164.289 408.554
167.712 408.429
39.6002 412.095
937.844 413.043
934.531 415.133
937.495 415.495
943.198 414.541
153.427 416.662
164.08 415.803
158.638 416.871
939.212 417.988
161.128 419.85
785.306 419.815
938.223 420.513
866.054 422.431
157.876 423.171
163.517 424.258
168.229 423.818
1006.69 427.446
38.7832 427.985
1004.41 428.68
152.512 428.759
149.285 430.525
981.799 429.827
41.3487 431.49
167.362 431.609
961.739 430.736
1003.46 430.47
723.645 431.773
981.233 431.934
155.503 432.838
161.501 432.765
151.807 433.784
164.281 435.312
416.926 437.078
218.84 437.566
276.109 438.008
42.3965 439.542
316.967 439.771
336.012 438.012
414.412 439.565
426.079 439.214
208.233 440.963
244.442 440.719
463.574 440.548
41.1349 441.298
533.503 442.374
221.255 443.12
362.908 442.823
253.591 443.494
278.388 444.052
658.888 445
670.466 444.107
238.124 444.949
479.807 445.266
494.823 444.958
565.084 446.004
783.823 445.72
439.602 446.71
467.262 446.607
691.038 447.225
674.661 447.929
487.186 448.846
579.089 449.32
610.068 450.54
557.508 450.781
656.728 450.804
746.36 451.302
994.457 450.916
632.257 452.411
687.978 452.946
993.977 453.747
732.12 455.455
324.76 456.375
787.691 456.977
721.798 460.812
439.784 461.639
467.002 462.136
612.188 462.173
508.085 462.854
814.703 463.079
1004.69 462.594
275.657 463.662
535.308 463.711
723.293 463.992
579.112 465.25
610.048 465.322
1015.77 465.095
656.855 466.773
609.615 473.514
685.03 472.816
1011.68 483.392
936.332 483.42
98.0595 486.115
83.7485 486.626
82.0357 489.141
174.498 488.59
827.624 491.134
94.7701 506.367
34.2048 506.476
1010.21 507.589
755.337 509.455
840.982 509.439
750.94 511.042
78.5878 512.676
968.573 513.529
38.5552 513.825
81.073 516.196
627.122 516.139
19.3468 517.458
570.788 518.277
985.644 518.506
957.16 520.12
985.023 521.711
1001.75 522.96
957.639 524.62
550.973 525.373
565.927 525.162
78.8319 527.481
544.967 528.63
958.15 527.95
552.534 530.563
96.002 535.031
986.653 537.29
93.7203 539.11
546.34 539.681
35.6433 539.578
80.248 541.945
19.6803 547.182
265.58 546.594
544.502 547.298
526.5 549.659
997.096 549.747
71 550
189.652 551.509
58.4761 552.505
219.582 552.387
946.932 552.39
999.483 552.311
41.6141 552.744
496.141 554.324
479.968 555.105
256.407 556.472
265.447 556.533
571.108 556.105
793.842 556.052
841.778 558.578
847.812 559.01
883.771 558.878
964.335 561.266
1001.36 560.532
967.883 561.802
363.711 562.878
479.086 563.133
373.18 564.077
965.133 563.841
198.206 565.674
506.033 566.987
484.329 569.216
1000.45 568.835
558.605 570.289
215.344 570.728
509.519 575.305
705.313 576.604
365.321 577.803
584.797 578.024
978.807 579.739
813.504 584.427
492.699 584.693
484.581 587.869
981.84 588.32
943.473 595.363
946.193 594.237
908.886 596.642
915.563 598.25
932.783 598.424
904.571 600.859
980.825 601.921
986.058 604.044
985.948 605.012
925.07 606.492
1007.64 608.39
922.792 608.851
929.11 609.624
926.194 612.155
7.14547 613.902
950.456 619.435
918.343 620.037
936.65 620.263
909.529 621.525
913.347 621.771
970.869 624.047
796.719 625.422
806.062 627.034
243.257 632.853
770.038 638.091
294.672 643.393
640.226 643.043
6.63883 644.028
300.054 645.297
306.643 644.482
295.859 645.985
273.395 648.326
269.314 648.68
301.228 649.128
297.014 649.109
439.694 5.21133
442.604 6.41381
247.68 8.28847
771.68 11.0622
375.437 19.5327
931.791 21.5409
509.457 22.5523
654.525 23.2109
716.025 22.6678
924.166 23.7769
919.064 26.493
486.63 28.2769
916.469 31.6684
924.267 31.9784
965.113 31.3217
648.117 32.5613
639.541 35.0823
417.391 35.7779
451.651 40.6513
822.454 39.565
380.317 42.4518
431.396 42.6338
470.004 41.7568
412.807 43.868
455.53 42.8064
331.721 50.8889
745.783 50.6228
463.167 52.402
485.392 56.2609
161.896 58.6053
513.927 58.4924
521.881 60.8631
945.45 60.0363
949.747 59.8792
945.834 69.5383
921.213 72.4874
344.359 74.5265
294.263 81.1995
860.927 81.4888
717.912 86.7175
970.44 94.7156
617.761 95.2406
968.676 100.799
942.245 102.121
575.45 103.476
609.654 106.493
941.915 109.437
314.485 111.359
571.699 111.556
954 112
312.833 116.045
989.743 116.052
311.903 120.942
950.771 122.654
990.012 123.045
950.464 128.047
131.816 129.419
783.284 130.586
989.37 131.573
637.691 138.563
941.797 139.431
927.413 145.254
596.476 150.293
825.702 151.928
948.5 150.5
337.364 154.917
556.75 156.165
715.305 154.919
947.977 156.258
515.62 157.553
475.203 159.998
572.627 159.833
168.144 162.248
712.86 161.576
378.168 167.885
470.994 168.094
111.948 170.459
388.786 169.614
362.56 170.903
282.044 172.431
350.13 174.047
507.536 172.331
337.453 184.956
943.123 185.188
377.461 186.403
930.032 188.103
473.689 189.084
925.483 188.658
993.301 194.104
390.268 196.783
379.02 198.166
415.002 197.005
462.316 202.134
992.693 204.687
1005.33 207.918
383.493 212.267
436.385 225.51
441.451 225.835
846.063 225.196
446.344 226.738
311.942 228.526
425.806 228.02
661.457 230.503
996.66 232.32
416.062 234.398
1003.44 235.556
460.179 236.509
994.19 235.678
409.526 243.56
311.304 246.249
932.804 247.298
402.676 250.033
470.83 252.799
220.345 258.075
995.891 266.978
526.258 268.779
1006.83 270.61
431.94 278.953
714.835 278.513
809.408 286.35
490.232 292.425
929.378 293.377
377.581 297.036
957.349 300.489
658.31 303.25
653.776 305.837
651.887 307.503
966.467 307.937
445.962 318.321
931.77 320.652
951.999 321.24
857.747 323.73
432.067 323.678
437 324.221
443.199 327.519
698.476 330.898
999.335 331.262
931.856 334.856
1011.18 335.365
936.143 336.213
980.762 337.085
447.093 338.827
1002.62 339.178
486.6 341.596
210.514 343.632
382.692 344.287
993.617 345.175
428.102 346.819
440.412 345.993
1003.43 347.323
444.249 350.38
993.044 353.115
1009.72 353.942
421.09 353.458
576.939 354.744
365 356
447.25 355.75
418.005 359.292
1013.06 358.73
186.302 358.767
1003.95 360.261
572.588 361.991
952.935 361.927
993.516 361.842
357.228 362.691
1000.8 364.039
874.448 366.589
426.851 368.309
958.409 368.095
444.287 370.84
463.414 371.999
415.403 372.313
421 371
456.984 371.324
424.75 372.263
443 376
467.105 375.9
423.013 376.674
439.385 376.14
413.013 379.913
469.246 382.246
463.425 382.715
398.957 385.199
596.933 394.949
610.652 394.823
933.066 394.363
377.428 398.515
496.449 397.965
382.32 398.779
640.845 404.81
39.7887 406.013
163.882 409.882
39.9619 414.061
156.5 414.5
153.858 418.557
162.538 419.319
785.195 419.221
938.374 422.197
153.379 422.621
158.072 424.872
1016.15 424.37
934.871 427.532
1004.61 428.984
942.658 436.71
216.647 437.549
257.971 439.417
276.042 438.49
414.72 439.79
462.395 441.189
252.195 443.237
531.25 441.963
582.435 442.929
279.14 443.408
606.823 444.176
467.7 445.45
486.702 447.281
506.923 447.3
624.192 447.138
642.003 447.21
579.089 449.32
753.256 448.093
610.702 449.546
632.817 450.755
656.538 450.51
994.951 457.668
453.19 459.129
521.508 460.707
1005.59 461.563
275.267 464.013
528.207 463.854
1016.63 465.671
1007.98 466.279
957.171 469.756
532.75 470.125
606.304 471.25
728.932 478.365
186.982 480.953
936.292 484.919
137.769 489.26
174.515 488.877
1010.01 505.949
754.993 508.642
743.636 509.967
965.597 510.132
78.8698 512.826
966.5 514.5
34.0175 515.246
937.631 514.86
80.8102 517.31
1000.91 517.8
957.889 520.594
968.41 522.326
957.846 524.625
963.777 525.396
78.9999 527.999
971.507 526.49
18.025 527.885
552.264 529.523
524.686 530.702
1002.61 531.845
969.521 531.695
725.632 539.59
70.7494 547.901
526.675 550.142
70.9829 550.83
219.54 552.159
749.842 553.621
999.552 554.175
450.895 555.019
940.075 556.031
840.48 558.824
880.491 560.217
1001.11 560.929
626.836 561.636
855.517 561.307
701.237 562.246
462.393 564.898
972.249 566.631
527.472 572.999
511.171 576.703
584.339 578.621
974.66 580.143
1015.39 579.159
716.893 580.21
974.937 581.703
903.014 596.781
939.685 597.563
917.758 599.07
945.626 597.84
944.913 603.75
929 609
980.54 610.833
999.359 610.739
1006.68 612.25
920.348 617.939
913.325 618.932
933.851 619.496
943.119 622.757
302.205 645.453
306.226 646.679
317.475 646.912
325.355 646.31
272.04 648.604
276.667 648.118
296.096 649.685
313.362 650.85
456.947 7.89439
771.602 11.6493
931.996 20.619
704.283 24.6641
420.5 28.4375
480.56 26.1893
634.735 29.4038
912.568 28.7361
926.25 32.25
647.905 32.1712
687.702 32.3624
639.791 35.3323
856.087 34.1758
860.5 32.5
385 40
429.375 39.3753
412.897 42.7129
455.384 41.7323
804.573 42.4829
923.998 43.0281
435.532 47.6084
463.66 51.3652
747.109 50.4484
377.418 53.948
727.98 54.9309
63.0268 58.9377
945.502 58.766
495.816 61.3243
518.933 63.7434
509.545 64.0443
512.431 65.5375
515.83 65.4762
954.111 70.421
362.282 75.9701
425.85 77.0085
544.441 76.4415
294.98 78.5686
523.109 80.1003
783.222 80.283
807.257 79.5881
926.359 80.737
978.715 90.5539
302.102 97.1376
932.69 100.111
937.972 100.916
968.448 102.338
866.132 111.029
922.246 111.866
991.248 112.416
312.45 120.492
585.27 122.557
994.125 121.922
760.926 130.558
781.683 129.986
928.136 129.916
53.3486 135.874
340.381 136.66
939.424 134.912
942.912 140.425
992.77 140.063
927.963 142.072
554.849 144.903
922.694 148.257
339.342 149.937
948.384 150.682
531.085 156.639
716.25 158.25
464.424 158.15
516.985 158.588
477.965 160.175
572.455 160.514
168 164.5
501.918 163.153
378.514 168.241
506.639 170.988
948.116 170.348
268.339 172.648
480.657 174.667
358.024 176.278
492.815 176.771
848.5 180
160.904 184.59
336.082 184.895
436.316 186.5
152.913 186.503
304.388 187.605
474.779 190.358
576.453 193.019
156.246 194.256
754.095 194.329
993.861 194.463
390.518 197.033
500.127 201.275
996.527 210.719
383.868 213.142
260.832 222.469
471.421 224.426
726.448 224.572
430.957 227.083
763.15 227.351
401.274 228.904
421.281 231.416
462.459 233.118
993.758 236.248
417.003 236.149
598.47 236.786
113.27 243.034
928 250
403.597 251.394
469.729 250.416
52.6304 256.942
359.505 256.545
932.498 256.313
443.495 263.806
429.827 265.807
625.305 266.478
524.714 269.708
1008.48 270.614
428.5 280
715.046 280.166
431.66 284.293
224.636 285.982
420.087 288.337
483.923 290.939
490.68 290.599
688.834 292.463
929.239 292.583
1000.39 292.751
859.17 294.055
377.853 296.839
665.508 297.492
997.527 298.864
568.605 300.539
530.192 302.731
243.392 305.272
427.368 304.957
652.915 307.851
328.342 310.546
427.366 311.028
496.899 311.188
934.89 314.942
164.261 316.401
246.851 314.765
436.828 315.919
931.585 320.08
746.805 321.351
941.134 324.025
324.852 326.463
697.707 330.981
999.785 332.154
931.028 333.095
994.332 335.152
1011.91 335.486
529.297 336.807
671.169 338.713
443.45 341.497
496.32 341.163
1007.86 341.047
216.229 342.526
1001.3 342.779
442.934 343.934
1003.14 349.212
454.137 352.137
931.206 357.834
1000.58 356.925
428.274 360.337
1005.48 360.203
496.908 367.252
414.453 368.525
427.718 370.463
403.663 375.475
1000.96 374.669
404.198 376.684
447.26 382.358
462.392 380.837
468.782 384.34
568.891 382.492
932.508 386.281
357.541 390.984
531.067 391.319
532.729 389.417
1003.89 395.68
658.612 400.985
1015.4 400.642
40.4838 404.081
152.587 407.091
165.64 407.437
42.5031 410.545
774.627 418.885
153.757 419.556
787.473 419.824
39.5012 423.753
1006.61 424.465
935.325 426.825
161.326 428.58
1004.89 429.648
160.481 431.276
527.162 431.796
943.944 434.134
41.3323 439.19
259.763 439.813
273.663 437.487
209.516 440.712
422.367 439.103
442.715 440.962
224.521 442.632
250.896 443.491
281.625 443.335
287.843 442.554
303.064 442.839
514.682 443.058
530.268 442.885
661.913 445.974
670.343 446.5
469.79 446.91
548.753 446.455
565.198 446.572
557.03 449.128
578.454 450.5
611.324 447.939
653.707 449.954
748.427 447.921
324.007 456.937
935.83 458.005
468.747 460.84
730.496 460.529
522.75 461.25
594.941 462.782
612.565 462.599
1008.09 467.504
530.573 468.6
604.606 470.594
728.656 479.431
84.377 485.166
690.64 483.618
819.688 485.938
936.344 486.162
136.394 489.033
953.319 499.319
34.5569 504.066
1010.59 505.086
94.9366 506.402
1008.08 509.968
79.252 512.319
38.4262 513.807
966.941 514.451
34.2766 516
942.84 520.189
957.195 520.621
969.126 520.58
15.8926 523.833
78.4181 525.491
969.723 531.851
456.337 536.312
726.007 539.965
35.6812 539.679
751.212 542.466
708.5 544.971
750.073 550.468
527.2 550.57
739.192 550.91
41.8834 552.537
59.5908 551.689
749.835 552.454
945.234 553.014
518.176 554.322
967.41 553.889
255.039 556.379
267.269 556.851
940.588 559.096
701.446 561.674
942.5 564.5
506.571 567.223
1000.59 567.215
484.375 568.332
558.647 570.471
528.126 573.601
182.87 577.998
511.562 577.78
1003.53 576.55
1015.14 579.385
584.25 579.75
590.09 583.6
492.895 585.033
814.661 585.502
482.787 586.587
979.823 585.823
688.037 590.303
910.357 598.357
946.044 598.044
962.996 596.826
928.865 600.056
939.394 599.31
917.404 599.28
923.506 603.826
920.252 608.363
930.75 609.75
999.265 610.657
903.206 615.682
926.326 614.887
908.391 619.986
950.121 621.353
948.098 625.752
6.82703 644.468
292.246 643.988
326.208 646.743
304.368 652.368
772.885 11.4752
481.03 25.03
412.981 39.1821
384.886 39.7737
455.283 39.6769
428.405 41.3767
925.036 46.267
437.264 47.5697
923.498 55.4345
946.689 54.9508
378.891 57.5057
518.906 64.0937
303.905 78.9976
550 81.5
807.457 78.846
935.519 91.7136
921.973 99.7453
609.045 105.595
922 109.3
942.608 109.175
991.39 109.264
928.077 124.045
951.591 123.591
993.523 123.71
949.278 135.786
994.039 136.01
583.982 148.792
522.147 159.918
471.79 163.516
386.538 168.911
351.217 174.648
569.26 178.491
433.5 185.5
157.75 191.25
998.784 205.638
930.464 217.289
762.722 226.056
1006.04 234.975
570.051 238.754
468.249 247.349
927.482 249.737
318.241 256.075
714.622 261.597
1011.34 271.678
429.082 279.611
438.959 286.041
702.782 294.797
666.391 297.866
445.776 302.53
428.976 306.072
240.589 305.481
184.287 313.015
245.803 312.042
436.977 313.706
931.245 324.435
444.915 327.859
736.159 331.042
1005.95 330.048
671.983 338.677
217 340
1004.9 344.096
994.079 348.681
423.642 352.61
453.511 350.964
931.279 357.866
415.788 360.987
866.654 364.296
458.813 366.812
994.903 366.943
862.3 372.689
465.609 381.609
598 379
299.454 384.36
39.8861 400.893
644.915 405.89
159.753 411.101
771.863 417.745
934.192 418.229
40.7365 421.733
789.692 419.91
1011.32 427.306
160.035 429.043
213.566 439.251
423.822 439.213
228.614 442.445
478.069 444.898
495.844 445.503
623.685 447.517
642.666 447.983
1010.27 461.095
936.082 462.018
193 484
819.975 483.764
589.081 487.253
936.512 489.526
1010.81 503.459
965.998 507.911
894.653 513.81
937.232 516.864
15.3914 524.168
78.1541 524.279
985.366 525.429
1003.25 534.051
37.2774 538.451
954.449 544.267
670.466 556.376
999.228 555.228
941.5 561.5
986.615 583.501
946.403 598.403
927.675 600.543
939.792 603.792
909.75 610
928.279 613.838
927.289 618.084
979 622
976.022 625.283
283.418 646.301
318.37 650.37
304.655 652.767
442.223 24.6924
640.676 34.0741
456.077 36.0769
384.857 42.3463
415.179 40.5915
438.534 46.2936
399 49.0097
378.887 53.7532
925.749 53.3511
513.932 58.6589
516.506 65.6613
921.16 65.4565
425.806 77.1346
812.205 78.1537
553.167 81.4016
935.572 93.052
572.879 100.174
950.192 100.951
328.601 106.386
319.699 112.683
954.285 114.238
949.717 141.926
931.644 147.855
528.587 158.743
543.828 163.434
394.764 167.066
433.726 186.611
1000.94 193.26
928.51 196.208
501.362 209.181
386.513 217.79
727.07 224.577
1005.5 233.493
440.58 257.16
1002.09 265.889
430.787 269.587
517.842 269.966
436.425 276.213
426.835 281.233
929.115 289.02
1005.7 294.343
737.379 299.326
948.508 299.426
245.01 306.611
435.957 311.404
426.372 319.274
450.853 323.425
994.23 329.095
1007.53 329.62
441.068 346.824
994.239 345.646
454.215 351.765
994.845 353.343
436.033 366.085
558.262 366.108
563.51 365.032
329.82 368.61
424.777 369.889
995.889 368.823
461.5 376
448.587 381.035
599.161 381.424
933.66 390.618
655.933 400.618
42.1613 410.277
770.977 418.918
934.25 421.5
1009.63 422.265
161.42 429.5
668.351 446.723
194.485 482.051
690.336 485.355
966.217 503.296
27.3165 514.565
15.5388 522.561
985.866 525.929
986.408 534.406
75.1207 543.505
26.2863 543.685
993.118 550.862
702.492 562.28
942.798 561.08
952.639 570.231
528.275 574.037
985.214 573.5
1005.94 575.932
185.3 580.564
963.181 583.965
194.746 592.086
911 602
938.417 606.259
912.909 613.562
941.307 615.72
975.438 621.54
284.73 645.74
314.518 648.663
416.123 38.7928
488.921 38.387
400.588 49.069
383.014 48.9169
927.308 84.1074
331.5 115.5
336.863 140.75
937.892 149.893
584.656 151.589
463.851 163.796
717.377 158.548
396.59 166.207
548.5 164.5
488.487 189.502
597.374 190.02
305.961 200.077
589.848 199.046
314.5 266.5
662.143 290.083
560.26 289.849
650.491 296.396
421.126 309.243
452.5 308.698
454.831 341.108
432.969 352.027
422.846 361.414
461.548 372.325
933.734 390.927
160.205 411.566
196.855 483.251
543.147 488.324
27.1752 513.616
46.8684 518.868
961.52 525.064
43.8824 526.971
972.261 541.178
973.296 556.032
190.11 585.976
591.412 597.674
924.004 599.842
287.254 645.942
443.401 44.867
400.967 48.2381
418.481 44.2523
551.562 86.4509
334.374 118.257
336.511 143.14
547.419 165.966
311.501 192.945
370.713 203.657
436.198 270.643
434.74 279.063
659.5 286.281
624.412 305.358
246.559 334.559
418.483 342.101
457.933 346.361
435.5 363.5
558.328 363.634
455.312 375.836
429.346 382.722
562.695 479.849
591.656 505.785
46.5955 520.11
63.6207 518.76
69.9722 518.527
983.49 530.161
28.1471 535.007
61.6335 556.016
987.5 571.451
946.446 582.141
913.764 609.934
556.694 88.6944
339.373 116.671
321.269 151.921
938.99 155.643
522.067 164.411
311.231 196.237
593.605 193.447
678.743 338.045
425.574 391.28
560.27 484.46
64.4505 513.604
