2084
384 3
403 3
566 3
584 3
674 3
777 3
821 3
941 3
719 4
1000 4
378 5
547 5
558 5
560 5
825 5
567 6
995 6
997 6
1004 6
379 7
393 7
1006 7
639 9
566 10
572 10
382 11
476 11
160 12
571 12
281 13
329 13
474 13
573 13
929 13
161 14
569 14
825 14
629 15
223 16
615 17
784 18
930 18
98 19
161 20
316 20
446 20
502 20
158 21
174 21
256 21
719 21
260 22
362 22
364 23
366 23
392 23
433 23
445 23
451 23
458 23
498 23
551 23
8 24
95 24
159 24
225 24
320 24
350 24
356 24
490 24
583 24
769 24
86 25
303 26
639 26
770 26
186 27
636 27
29 28
138 28
191 28
366 28
925 28
583 29
660 29
770 29
871 29
196 30
300 30
363 30
665 30
668 30
674 30
827 30
829 30
844 30
854 30
879 30
886 30
921 30
585 31
596 31
638 31
687 31
727 31
75 32
748 32
767 32
649 33
181 34
696 34
745 34
793 34
330 35
748 35
368 36
580 36
134 38
646 38
117 39
332 39
628 39
114 40
617 40
390 42
509 42
533 42
582 42
645 42
655 42
687 42
290 43
791 43
755 44
97 45
335 45
614 45
641 47
741 48
744 48
795 48
75 49
869 51
664 52
676 52
763 52
95 53
97 53
301 53
781 53
136 54
274 54
285 54
777 54
288 55
743 55
792 56
337 57
829 57
66 58
123 58
650 58
303 59
252 60
314 60
611 60
256 61
269 61
273 61
630 61
634 61
671 61
694 61
747 61
621 62
687 62
810 62
160 63
228 63
232 63
246 63
331 63
339 63
662 63
737 63
168 64
644 64
698 64
807 64
811 64
836 64
857 64
860 64
883 64
159 65
231 65
276 65
635 65
726 65
955 65
642 66
830 66
931 66
335 67
729 67
827 67
875 67
38 68
643 68
787 69
829 69
76 70
272 70
55 71
334 71
336 71
877 71
53 72
89 73
447 74
876 74
87 75
473 75
499 75
527 75
824 75
926 75
677 76
170 77
391 77
950 77
557 78
664 78
819 78
338 79
655 79
681 79
732 79
788 79
501 80
600 81
758 81
825 81
619 82
764 82
933 82
88 83
271 84
561 84
615 84
825 84
698 85
110 86
564 86
559 87
826 87
937 87
789 88
794 88
935 88
161 89
388 89
597 89
770 89
559 90
92 91
94 91
88 92
596 92
880 92
811 93
154 94
916 94
282 95
354 95
172 96
557 96
155 97
175 98
231 98
325 98
593 98
633 98
664 98
674 98
807 98
825 98
933 98
31 99
75 99
163 99
166 99
223 99
272 99
287 99
786 99
197 100
259 100
310 100
322 100
390 100
831 100
880 100
772 101
923 101
67 102
254 102
344 102
595 102
817 102
431 103
564 103
672 103
810 103
428 104
519 104
592 104
772 104
719 105
412 106
426 106
332 107
414 107
523 107
562 107
593 107
107 108
169 108
418 108
542 108
546 108
710 108
216 109
393 109
409 109
530 109
604 109
768 109
787 109
195 110
428 110
566 110
585 110
704 110
780 110
70 111
384 111
406 111
547 111
564 111
600 111
747 111
774 111
809 111
195 112
212 112
335 112
588 112
615 112
654 112
250 113
386 113
405 113
425 113
544 113
562 113
600 113
694 113
315 114
632 114
195 115
318 115
322 115
398 115
413 115
531 115
561 115
1010 115
1015 115
237 116
245 116
394 116
406 116
425 116
637 116
315 117
386 117
532 117
548 117
293 118
423 118
539 118
542 118
544 118
562 118
634 118
797 118
388 119
526 119
317 120
632 120
1012 120
391 121
712 121
733 121
878 121
65 122
52 123
530 123
560 123
1010 123
1016 123
391 124
411 125
414 125
559 125
1014 125
536 126
538 126
549 126
746 126
62 127
238 127
415 127
701 127
711 127
81 128
547 128
553 128
750 128
76 129
534 129
539 129
666 129
753 129
1011 129
765 130
769 130
118 131
656 131
776 131
814 131
558 132
689 132
1012 132
197 133
529 133
801 133
831 133
241 134
393 134
420 134
761 134
530 135
556 135
683 135
694 135
743 135
812 135
834 135
848 135
68 136
83 136
129 136
851 136
945 136
208 137
213 137
222 137
421 137
842 137
431 138
557 138
849 138
207 139
393 139
419 139
264 140
433 140
516 140
531 140
546 140
555 140
672 140
110 141
422 141
536 141
542 141
551 141
770 141
930 141
985 141
1015 141
700 142
958 142
144 143
928 143
420 144
528 144
672 144
1014 144
450 145
452 145
498 145
935 145
714 146
850 146
455 147
500 147
526 147
559 147
959 147
105 149
370 150
494 150
877 150
387 151
562 151
621 151
959 151
991 151
209 152
322 152
628 152
945 152
223 153
226 153
696 153
991 153
330 154
959 154
425 155
560 155
228 156
948 157
225 158
990 158
468 159
769 159
959 159
482 160
688 160
829 160
865 160
56 161
439 161
508 161
511 161
657 161
773 161
304 162
675 162
698 162
868 162
628 163
700 163
878 163
995 163
107 164
571 164
999 164
59 165
852 165
959 165
65 166
736 166
11 167
203 167
212 167
225 167
713 167
850 167
33 168
766 168
811 168
156 169
174 169
634 169
650 169
751 169
772 169
842 169
849 169
170 170
180 170
658 170
662 170
665 170
672 170
718 170
783 170
811 170
924 170
93 171
99 171
696 171
700 171
727 171
756 171
126 172
129 172
470 172
480 172
691 172
66 173
467 173
483 173
685 173
760 173
249 174
297 175
474 175
694 175
431 176
456 176
494 176
519 176
462 177
464 177
486 177
587 177
363 178
436 178
455 178
469 178
482 178
495 178
498 178
515 178
930 178
348 180
457 182
493 182
164 184
601 184
930 184
444 185
506 185
347 187
506 187
889 188
341 189
754 189
930 189
92 190
164 190
447 190
320 191
347 191
757 191
930 191
443 192
507 192
93 193
1010 193
755 194
803 194
165 195
173 195
131 196
156 196
179 196
182 196
241 196
346 196
297 197
325 197
436 197
514 197
148 199
262 199
293 199
768 199
805 199
931 199
41 200
214 200
792 200
1007 200
509 201
683 202
876 202
1003 202
947 203
949 203
267 204
722 204
956 204
1004 204
717 205
863 205
340 207
348 207
857 207
960 207
1016 207
1009 208
59 209
467 209
518 209
681 209
932 209
1017 209
183 210
1009 210
1020 211
487 212
62 213
442 213
506 213
937 213
587 214
934 214
1018 214
263 215
371 215
949 215
960 215
362 217
369 217
601 217
1012 217
584 218
968 218
382 219
430 219
518 219
971 219
1014 219
374 220
509 220
965 220
598 221
1012 221
261 222
350 222
461 222
471 222
787 222
467 223
573 223
1009 223
267 225
905 225
143 227
149 227
207 227
221 227
451 227
785 227
875 227
1012 227
228 228
253 228
257 228
952 228
234 229
453 229
482 229
714 229
832 229
861 229
172 230
176 230
258 230
687 230
706 230
717 230
721 230
769 230
109 231
114 231
174 231
243 231
745 231
811 231
927 231
241 232
936 232
307 234
816 234
941 235
966 235
971 235
1016 235
176 236
812 237
1020 237
286 238
702 238
1005 238
477 239
961 239
303 240
997 240
1003 240
607 241
937 242
1001 242
825 243
302 244
337 244
458 244
609 244
960 244
606 245
230 246
295 246
339 246
454 246
475 246
746 247
529 248
802 248
811 248
301 249
450 249
471 249
534 249
770 249
923 249
400 250
414 250
471 251
32 252
537 252
544 252
813 252
43 253
302 253
405 253
448 253
539 253
542 253
936 253
41 254
468 254
176 255
178 255
173 256
446 256
42 257
391 257
424 257
686 257
924 257
476 258
557 258
1004 258
28 259
131 259
394 259
400 259
533 259
548 259
554 259
740 259
752 259
776 259
831 259
998 259
112 260
265 260
301 260
415 260
646 260
274 261
445 261
476 261
678 261
762 261
90 262
479 262
771 262
808 262
814 262
883 262
1002 262
1006 262
294 263
572 263
613 263
675 263
751 263
961 263
335 264
347 264
602 264
741 264
1004 264
87 265
488 265
773 265
966 265
972 265
227 266
486 266
718 266
720 266
230 267
602 267
875 267
970 267
464 268
715 268
962 268
232 269
467 269
491 269
875 269
175 270
341 270
402 271
535 271
677 271
932 271
936 271
717 272
491 273
609 273
200 275
230 275
302 275
404 275
537 275
78 276
123 276
605 276
163 277
197 277
479 277
339 278
495 278
774 278
489 279
607 279
353 280
472 280
594 280
601 280
614 280
628 280
320 281
334 281
347 281
465 281
480 281
491 281
317 282
478 282
542 282
630 282
780 282
467 283
473 283
742 283
772 283
973 283
1009 283
314 284
407 284
540 284
591 284
634 284
774 284
967 284
421 285
479 285
170 286
298 286
401 286
413 286
527 286
534 286
547 286
948 286
1008 286
391 287
477 287
488 287
961 287
424 288
524 288
558 288
740 288
949 288
404 289
775 289
926 289
999 289
1005 289
1008 289
538 290
876 290
172 291
550 291
652 291
829 291
1002 291
772 292
775 292
878 292
996 292
82 294
576 295
871 295
873 295
205 296
740 296
864 296
877 296
801 297
938 297
156 298
172 298
771 298
777 298
782 298
788 298
90 299
122 299
485 299
340 300
376 300
606 300
610 300
613 300
615 300
52 301
119 301
483 301
402 302
413 302
480 302
486 302
536 302
546 302
616 302
755 302
620 303
814 303
930 303
330 304
407 304
476 304
838 304
534 305
548 305
620 305
945 305
221 306
415 306
477 306
479 306
664 306
834 306
165 307
474 307
549 307
716 307
1005 307
118 308
123 308
231 308
354 308
424 308
1000 308
284 309
558 309
594 309
610 309
646 309
1011 309
355 310
600 310
325 311
339 311
621 311
1011 311
609 312
612 312
962 312
615 313
1009 313
341 314
967 314
974 314
391 315
402 315
424 315
460 315
467 315
477 315
496 315
498 315
501 315
536 315
545 315
116 316
124 316
338 316
482 316
525 316
557 316
971 316
394 317
400 317
421 317
456 317
465 317
467 317
479 317
491 317
495 317
609 317
962 317
965 317
528 318
549 318
592 318
625 318
760 318
806 318
470 319
478 319
482 319
494 319
613 319
623 319
757 319
960 319
462 320
485 320
925 320
466 321
481 321
494 321
639 321
308 322
456 322
577 322
372 323
480 323
460 324
466 325
469 325
488 325
581 325
635 325
148 326
313 326
367 326
376 326
479 326
483 326
621 326
759 326
467 327
474 327
477 327
485 327
458 328
489 328
735 328
761 328
792 328
794 328
802 328
833 328
536 329
185 330
482 330
487 330
503 330
511 330
756 330
951 330
499 331
724 331
781 331
796 331
800 331
806 331
816 331
878 331
411 332
453 332
504 332
789 332
840 332
842 332
443 333
469 333
473 333
513 333
846 333
975 333
159 334
187 334
199 334
460 334
476 334
538 334
676 334
786 334
856 334
887 334
969 334
272 335
299 335
467 335
486 335
119 336
121 336
269 336
442 336
455 336
481 336
515 336
679 336
733 336
827 336
864 336
933 336
935 336
960 336
963 336
485 337
502 337
506 337
510 337
730 337
439 338
445 338
508 338
939 338
964 338
1005 338
1010 338
67 339
497 339
515 339
648 339
1000 339
55 340
489 340
495 340
407 341
472 341
542 341
880 341
1003 341
434 342
445 342
450 342
518 342
510 343
514 343
599 343
618 343
937 343
250 344
331 344
350 344
407 344
457 344
541 344
63 345
436 345
439 345
460 345
466 345
510 345
527 345
535 345
548 345
555 345
601 345
728 345
393 346
401 346
414 346
447 346
470 346
495 346
515 346
391 347
433 347
500 347
531 347
558 347
603 347
614 347
787 347
790 347
334 348
347 348
397 348
425 348
518 348
524 348
545 348
825 348
846 348
404 349
411 349
61 350
432 350
458 350
461 350
464 350
518 351
696 351
782 351
832 351
522 352
716 352
786 352
579 354
750 354
768 354
778 354
851 354
931 354
521 355
662 355
781 355
784 355
831 355
929 355
933 355
938 355
236 356
593 356
701 356
711 356
287 357
590 357
805 357
947 357
1007 357
222 358
356 358
725 358
1001 358
105 359
644 359
658 359
215 360
760 360
964 360
291 361
536 361
547 361
701 361
711 361
919 361
1004 361
1012 361
235 362
247 362
402 362
413 362
934 362
964 362
64 364
246 364
407 364
549 364
969 364
975 364
1010 364
230 365
436 365
791 365
137 366
540 366
717 366
972 366
250 367
558 367
222 368
697 369
95 370
130 370
250 370
935 370
119 371
728 371
76 372
93 372
825 372
941 372
72 373
80 374
91 374
725 374
776 374
780 374
928 374
73 376
98 376
137 376
384 376
920 376
188 377
787 377
813 377
879 377
76 378
96 378
869 378
881 378
694 379
730 379
761 379
827 379
214 380
380 380
813 380
866 380
16 381
173 381
803 381
838 381
773 382
811 382
976 382
76 383
94 383
876 383
970 383
693 384
758 384
768 384
881 384
935 384
211 385
875 385
964 385
123 386
127 386
770 386
777 386
1013 386
16 387
85 387
208 387
691 387
131 388
789 388
963 388
1007 388
1011 388
87 389
136 389
755 389
815 389
82 390
179 390
688 391
1004 391
85 392
119 393
98 394
754 394
761 394
775 394
847 394
259 395
75 396
93 396
367 396
853 396
187 397
413 397
745 397
686 398
1016 398
199 399
581 399
773 399
367 400
536 400
71 401
76 401
413 401
99 403
187 403
80 405
91 405
472 405
77 406
483 406
811 406
1016 406
93 407
468 407
576 407
730 407
741 407
743 407
792 407
451 408
483 408
500 408
527 408
578 408
603 408
654 408
681 408
780 408
1002 408
1016 408
98 409
191 409
203 409
215 409
266 409
294 409
346 409
745 409
777 409
810 409
781 410
964 410
201 411
545 411
561 411
621 411
637 411
697 411
714 411
747 411
250 412
312 412
328 412
389 412
406 412
468 412
484 412
759 412
776 412
199 413
261 413
932 413
964 413
970 413
976 413
247 414
314 414
530 414
576 414
606 414
625 414
633 414
652 414
683 414
702 414
710 414
729 414
805 414
189 415
343 415
374 415
421 415
471 415
480 415
499 415
549 415
557 415
896 415
100 416
217 416
245 416
264 416
296 416
316 416
553 416
627 416
630 416
673 416
705 416
763 416
824 416
858 416
890 416
208 417
318 417
756 417
812 417
870 417
242 418
704 418
834 418
106 419
934 419
178 420
320 420
761 420
834 420
190 421
836 421
34 422
610 422
755 422
13 423
27 423
687 423
64 424
96 424
647 424
46 425
571 425
725 425
755 425
203 426
494 426
608 426
650 426
685 426
741 426
768 426
376 427
497 427
516 427
532 427
707 427
204 428
220 428
263 428
280 428
299 428
360 428
435 428
475 428
673 428
625 429
683 429
730 429
737 429
837 429
148 430
243 430
451 430
499 430
522 430
530 430
576 430
584 430
598 430
605 430
652 430
660 430
676 430
288 431
296 431
343 431
351 431
374 431
421 431
835 431
209 432
265 432
272 432
142 433
699 433
835 435
800 436
424 437
501 437
578 437
604 437
654 437
761 437
345 438
372 438
451 438
530 438
764 438
216 439
265 439
295 439
773 439
755 440
803 440
892 440
923 440
762 441
901 441
930 441
147 442
514 442
831 442
190 443
839 443
853 443
859 443
868 443
919 443
752 444
864 444
859 445
930 445
243 446
766 446
794 446
847 446
900 446
971 446
779 447
966 447
416 448
791 448
412 450
272 451
311 451
798 451
159 452
820 455
847 455
656 456
858 456
923 456
821 457
695 458
699 458
765 458
109 459
312 459
964 459
249 460
799 460
244 461
787 461
874 462
167 463
794 463
858 463
884 463
897 463
54 464
28 465
899 465
700 466
757 466
783 466
863 466
920 466
299 467
769 467
773 467
790 467
902 467
765 468
779 468
697 469
95 470
760 470
932 470
136 471
763 471
824 471
40 472
44 472
99 472
111 472
187 472
89 473
151 473
757 474
131 475
913 475
61 476
692 477
695 478
702 478
710 478
726 478
890 482
938 482
960 482
762 484
765 484
781 487
849 487
626 488
787 488
728 491
906 492
703 493
710 493
782 493
142 494
742 494
856 494
862 494
745 495
257 496
757 496
829 496
699 497
714 497
203 498
678 498
736 498
823 498
666 499
762 499
875 499
912 499
668 500
772 500
872 500
915 500
267 501
651 502
776 502
837 502
852 502
770 503
791 503
820 503
913 503
933 503
699 504
784 504
825 504
831 504
882 504
905 504
17 505
45 505
680 505
768 505
776 505
854 505
895 505
81 506
632 506
687 506
816 506
841 506
843 506
818 507
859 507
865 507
960 507
161 508
378 508
410 508
432 508
515 508
569 508
687 508
691 508
722 508
704 509
823 509
871 509
416 510
650 510
889 510
939 510
342 511
552 511
604 511
739 511
257 512
396 512
427 512
520 512
862 512
886 512
383 513
743 513
667 514
673 514
789 514
862 514
939 514
467 515
728 515
536 516
746 516
401 517
546 517
679 517
637 518
657 519
636 520
673 522
710 522
703 523
660 524
652 525
244 527
604 527
631 527
126 528
315 528
397 528
413 528
640 528
950 528
467 529
4 530
633 530
961 530
347 532
410 532
537 532
546 532
583 532
599 532
653 532
842 532
845 532
400 533
447 533
484 533
673 533
951 533
462 534
602 534
649 534
855 534
474 535
608 535
844 535
918 535
947 535
638 536
666 536
922 536
340 537
676 537
940 537
950 537
952 537
688 538
916 538
927 538
160 539
188 539
642 539
674 539
653 540
257 541
484 541
609 541
768 541
918 541
951 541
348 542
500 542
547 542
583 542
598 542
644 542
267 543
363 543
410 543
446 543
462 543
483 543
537 543
303 544
400 544
668 544
175 545
449 545
494 546
588 546
688 546
767 546
932 546
938 546
177 547
451 547
478 547
534 547
604 547
467 548
308 549
670 549
936 549
258 550
633 550
980 550
650 551
919 551
314 552
916 552
296 553
951 553
635 554
954 554
943 555
87 556
929 556
968 556
948 557
539 558
546 558
921 558
925 558
951 558
400 559
409 559
536 559
601 559
653 559
294 560
466 561
688 562
1001 562
469 563
695 563
342 564
395 564
415 564
604 564
532 565
552 565
412 566
416 566
475 566
542 566
405 567
695 567
378 568
516 568
866 571
699 572
83 573
117 573
244 576
3 577
238 578
865 583
621 584
17 586
138 589
59 591
103 594
628 594
626 597
781 599
182 600
319 601
885 609
837 625
553 627
263 628
394 631
469 634
522 635
463 637
483 637
494 637
514 637
465 638
512 639
485 640
491 640
54 641
464 642
512 642
461 643
485 643
458 644
481 644
493 644
511 644
470 645
515 645
506 646
511 646
96 653
301 657
466 665
951 672
646 679
