1951
839 3
683 4
768 4
826 5
835 5
60 6
433 6
438 6
598 6
608 6
58 7
429 7
364 8
676 8
801 8
438 9
558 9
816 9
837 9
98 10
353 10
429 10
467 10
632 10
840 10
845 10
431 11
440 11
635 11
640 11
653 11
673 11
827 11
443 12
842 12
58 13
433 13
510 13
551 13
619 13
635 13
654 13
98 14
218 14
262 14
613 14
659 14
826 14
837 14
847 14
873 14
61 15
100 15
425 15
431 15
438 15
445 15
508 15
793 15
852 15
107 16
220 16
502 16
830 16
839 16
440 17
445 17
647 17
669 17
77 18
211 18
213 18
422 18
645 18
650 18
728 18
827 18
838 18
854 18
874 18
79 19
82 19
221 19
312 19
420 19
440 19
466 19
801 19
99 20
218 20
424 20
432 20
827 20
530 21
533 21
835 21
845 21
96 22
108 22
452 22
527 22
641 22
876 22
418 23
424 23
435 23
442 23
445 23
588 23
632 23
843 23
852 23
336 24
361 24
379 24
454 24
577 24
837 24
866 24
109 25
145 25
382 25
406 25
427 25
434 25
438 25
480 25
672 25
859 25
304 26
423 26
429 26
442 26
808 26
147 27
331 27
467 27
623 27
632 27
634 27
706 27
842 27
852 27
857 27
881 27
123 28
368 28
401 28
474 28
703 28
859 28
865 28
870 28
126 29
128 29
363 29
422 29
428 29
433 29
467 29
471 29
837 29
1014 29
418 30
436 30
441 30
834 30
694 31
813 31
141 32
424 32
572 32
611 32
679 32
831 32
1014 32
146 33
291 33
319 33
581 33
602 33
421 34
428 34
449 34
833 34
836 34
839 34
1001 34
441 35
484 35
783 35
788 35
341 36
417 36
431 36
458 36
601 36
795 36
862 36
440 37
443 37
485 37
491 37
496 37
531 37
566 37
680 37
858 37
419 38
426 38
837 38
349 39
380 39
444 39
450 39
454 39
530 39
60 40
307 40
674 40
774 40
831 40
865 40
262 41
429 41
435 41
438 41
796 41
860 41
337 42
414 42
427 42
440 42
817 42
826 42
831 42
837 42
1000 42
76 43
363 43
412 43
424 43
472 43
565 43
589 43
865 43
81 44
107 44
417 44
429 44
436 44
861 44
415 45
441 45
330 46
366 46
467 46
589 46
831 46
835 46
863 46
96 47
415 47
424 47
437 47
838 47
428 48
827 48
404 49
834 49
836 49
108 50
417 50
569 50
629 50
259 51
316 51
426 51
436 51
835 51
122 52
420 52
504 52
552 52
555 52
561 52
862 52
127 53
431 53
448 53
455 53
511 53
827 53
841 53
849 54
413 55
416 55
634 55
732 55
868 55
141 56
419 56
424 56
550 56
805 56
829 56
382 57
863 57
304 58
417 58
544 58
552 58
272 59
308 59
420 59
429 59
621 59
627 59
819 59
865 59
422 60
726 60
828 60
839 60
621 61
715 61
849 61
266 62
720 62
617 63
647 63
710 63
860 63
60 64
385 64
467 64
706 64
475 65
783 65
820 65
862 65
95 66
386 66
679 66
74 67
593 67
692 67
828 67
849 67
80 68
579 68
648 68
842 68
284 69
382 69
725 69
839 69
367 70
416 70
780 70
797 70
687 71
845 71
862 71
95 72
654 72
842 72
474 73
862 73
107 74
414 74
538 74
828 74
837 74
842 74
858 74
418 75
616 75
681 75
849 75
854 75
121 76
427 76
678 76
843 76
861 76
345 77
637 77
663 77
402 78
421 78
832 78
364 79
385 79
407 79
663 79
765 79
141 80
660 80
765 81
829 81
832 81
837 81
418 82
526 82
564 82
218 83
319 83
388 83
420 83
297 84
384 84
399 84
220 85
351 85
754 85
854 85
863 85
313 86
411 86
676 86
767 86
833 86
841 86
829 87
332 88
837 89
840 89
368 90
382 90
406 90
417 90
371 91
409 91
73 92
336 92
383 92
460 92
465 92
565 92
643 92
79 93
334 93
381 93
677 93
811 93
833 93
838 93
359 94
442 94
796 94
840 94
612 95
740 95
836 95
843 95
865 95
94 96
330 96
401 96
677 96
862 96
730 97
106 98
363 98
867 98
366 99
383 99
414 99
443 99
678 99
865 99
420 100
425 100
441 100
464 100
823 100
834 100
846 100
851 100
126 101
810 101
412 102
426 102
841 102
844 102
859 102
286 103
343 103
360 103
367 103
399 103
450 103
506 103
510 103
536 103
140 104
372 104
397 104
459 104
524 104
838 104
830 105
446 106
495 106
834 106
837 106
429 107
851 107
573 108
648 109
664 109
341 110
835 110
843 110
359 111
620 111
678 111
831 111
837 111
275 112
326 112
374 112
450 112
466 113
679 113
831 113
841 113
50 114
268 114
473 114
783 114
848 114
851 114
30 115
94 115
358 115
313 116
724 116
104 117
311 117
540 117
548 118
593 118
36 119
509 119
95 120
255 120
410 122
507 122
644 122
789 122
32 123
139 123
536 123
793 123
525 124
142 125
295 125
38 126
636 126
34 127
381 127
398 127
535 127
558 127
575 127
626 127
391 128
563 128
571 128
639 128
828 128
286 129
378 129
511 129
662 129
724 129
632 130
796 130
549 132
646 132
659 132
274 134
638 136
877 136
268 137
627 137
161 138
369 138
507 138
309 139
165 140
405 140
844 141
864 141
163 143
389 144
393 144
572 144
518 145
589 145
688 145
702 145
161 146
697 146
832 146
217 147
681 147
855 147
516 148
858 148
328 149
667 149
685 149
693 149
340 150
550 151
824 151
827 151
843 152
856 152
578 153
658 154
854 154
327 155
553 155
263 156
325 156
860 156
692 157
256 159
467 159
784 159
834 159
851 159
243 160
626 160
800 160
843 160
854 160
326 161
477 161
557 161
612 162
615 162
631 162
849 162
424 163
794 163
811 163
616 164
778 164
620 165
816 165
415 166
811 167
480 168
610 168
715 168
321 169
613 169
718 169
333 170
494 170
710 170
845 170
400 171
804 171
831 171
511 172
710 173
324 174
326 174
481 174
735 174
473 175
387 176
517 176
871 177
838 178
841 178
868 178
297 179
478 179
503 179
550 179
701 179
871 179
706 181
839 181
240 182
508 182
548 182
563 182
700 182
841 182
304 183
471 183
481 183
504 183
543 183
694 183
428 184
457 184
839 184
460 185
472 185
475 185
507 185
799 185
522 186
526 186
839 187
843 187
847 187
429 188
447 188
537 188
661 188
339 189
526 189
630 189
664 189
424 190
430 190
478 190
632 190
268 191
334 191
539 191
664 191
288 192
421 192
555 192
870 192
419 193
439 193
786 193
850 193
855 193
406 194
345 195
413 195
428 195
442 195
648 195
787 195
849 195
869 195
641 196
873 196
253 197
344 197
428 197
526 198
628 198
633 198
825 198
870 198
418 199
440 199
483 199
798 199
856 201
341 202
409 202
615 202
890 202
882 203
297 204
574 205
846 206
274 207
416 207
426 207
433 207
833 207
856 207
205 208
211 208
345 208
362 208
418 209
435 209
802 209
357 210
363 210
847 210
887 211
265 213
361 213
846 213
485 214
574 214
725 214
349 215
479 215
361 216
439 216
721 216
846 217
352 218
550 218
570 218
710 218
834 218
848 218
542 219
693 219
883 219
271 220
348 220
326 221
347 222
387 223
294 224
672 224
875 224
351 225
358 225
214 226
323 226
346 226
798 226
801 226
872 226
352 227
619 227
649 227
804 227
806 227
835 227
434 228
647 228
298 229
436 229
843 229
243 230
360 230
318 231
321 231
835 231
352 232
620 232
788 232
843 232
280 233
387 233
408 233
440 233
299 234
372 234
845 234
316 235
847 235
781 236
836 237
382 238
597 238
849 238
853 238
268 239
572 240
395 242
646 242
726 242
250 243
801 243
851 243
855 243
784 244
848 244
563 246
723 246
384 248
849 248
541 249
315 250
403 251
524 251
326 252
396 252
527 252
329 253
410 253
849 253
852 253
856 253
400 254
406 255
483 255
646 255
562 256
409 257
389 258
411 259
415 259
842 259
869 259
379 260
391 261
630 261
843 261
851 261
269 262
787 262
845 262
320 263
388 263
414 263
416 265
482 265
727 265
840 265
870 267
876 267
593 268
608 268
845 268
862 268
840 269
328 270
419 270
803 270
841 271
384 272
475 273
466 274
571 274
420 275
299 277
380 277
483 277
549 277
845 277
287 278
546 278
804 278
842 278
468 281
733 281
842 281
846 281
276 282
434 282
611 282
403 283
867 283
506 284
685 284
487 285
846 285
855 286
377 287
466 287
728 287
841 287
548 288
573 288
14 289
244 289
489 290
635 290
853 290
11 291
486 291
664 291
794 291
857 291
880 291
16 292
314 292
395 292
849 292
855 292
616 293
886 294
9 295
17 295
299 295
564 295
624 295
558 296
886 296
9 297
13 297
291 297
390 297
406 297
631 297
17 298
483 298
828 298
346 299
392 299
591 299
849 299
7 301
397 301
526 301
858 301
535 302
842 302
860 302
213 303
635 303
805 303
844 304
857 304
12 305
528 305
604 305
838 305
28 306
355 306
31 307
527 307
29 308
525 308
636 308
793 308
842 308
396 309
435 309
853 309
427 310
530 310
651 310
392 311
430 311
633 311
791 311
839 311
842 311
885 311
6 312
17 312
12 313
22 313
24 313
846 313
491 314
842 314
306 315
346 315
436 315
442 315
528 315
632 316
636 316
729 316
625 317
767 317
842 317
301 318
425 318
430 318
729 318
845 318
9 319
368 319
727 319
887 319
1020 319
346 320
406 320
721 320
724 320
833 320
842 320
280 321
344 321
361 321
365 321
636 322
730 322
633 323
740 323
816 324
846 324
486 325
489 325
1017 325
387 326
631 326
635 326
365 327
487 327
846 327
255 328
387 328
499 328
653 328
843 328
8 329
356 329
413 329
436 329
492 329
845 329
393 330
398 330
480 330
483 330
850 330
504 331
4 332
9 332
412 332
512 332
849 332
15 333
291 333
404 333
606 333
611 333
689 333
840 333
347 334
414 334
843 334
857 334
3 335
18 335
288 336
407 336
412 336
847 336
3 337
7 337
824 337
13 338
17 338
369 338
393 338
433 338
846 338
441 339
826 339
855 339
859 339
7 341
12 341
285 341
392 341
395 341
407 341
250 342
279 342
425 342
436 342
7 343
350 343
440 343
12 344
284 344
398 344
550 344
3 345
270 345
891 345
355 346
485 346
11 347
261 347
342 347
346 347
374 348
467 348
542 348
607 348
792 348
234 349
284 349
360 349
369 349
373 350
494 350
354 351
364 351
414 351
880 351
854 352
411 353
494 353
508 353
267 354
285 354
414 354
281 355
430 355
436 355
489 356
497 356
435 357
402 358
410 358
479 358
849 358
866 358
809 359
687 360
868 360
369 361
401 361
406 361
622 361
660 361
389 362
404 362
411 362
845 362
498 363
735 363
738 363
386 364
520 364
641 364
396 365
479 365
509 365
654 365
656 365
663 365
866 365
868 365
382 366
403 366
410 366
442 366
689 366
848 366
425 367
430 367
619 367
647 367
714 367
873 367
355 368
380 368
405 368
643 368
682 368
469 369
289 370
334 370
342 370
366 370
844 370
384 371
402 371
584 371
295 372
365 372
374 372
387 372
400 372
467 372
360 373
379 373
383 373
844 373
849 373
826 374
3 375
7 375
287 375
356 375
421 375
533 376
809 376
844 376
849 376
863 376
373 377
378 377
382 377
388 378
391 378
743 378
809 378
330 379
335 379
400 379
793 379
828 379
282 380
354 380
371 380
385 380
390 380
406 380
436 380
289 381
419 381
513 381
697 381
851 381
386 382
401 382
410 382
816 382
845 382
382 383
390 383
406 383
412 383
421 383
645 383
841 383
873 383
210 384
369 384
373 384
384 384
395 384
403 384
417 384
857 384
379 385
399 385
397 386
411 386
415 386
828 386
384 387
394 387
733 387
735 387
808 387
857 387
378 388
388 388
391 388
418 388
513 388
823 388
829 388
831 388
853 388
874 388
290 389
330 389
404 389
409 389
842 389
321 390
437 390
485 390
493 390
412 391
439 391
442 391
642 391
662 391
875 391
377 392
409 392
418 392
327 393
356 393
405 393
412 393
532 393
603 393
289 394
382 394
430 394
472 394
583 394
899 394
283 395
816 395
853 395
887 395
360 396
374 396
420 396
535 396
540 396
595 396
827 396
333 397
469 397
364 398
797 398
207 399
330 399
376 399
479 399
842 399
422 400
521 400
540 400
798 400
534 401
906 401
205 402
208 402
796 402
431 405
437 405
543 405
533 406
858 406
906 406
851 407
335 408
364 408
367 408
435 408
369 409
847 411
908 411
638 412
773 412
798 412
820 413
729 414
794 414
301 415
845 415
850 415
270 417
718 417
264 418
698 418
789 418
268 419
659 419
846 419
206 420
415 420
729 420
264 421
667 421
732 421
270 422
629 422
850 422
208 423
605 423
611 423
206 425
415 425
846 425
853 425
267 426
624 427
630 427
665 427
264 428
269 428
670 428
854 428
847 429
852 430
264 431
266 432
269 432
861 432
507 433
618 433
632 434
205 436
264 436
858 436
445 437
863 437
207 440
205 443
267 443
289 443
297 443
320 443
329 443
353 443
364 443
373 443
379 443
390 444
401 444
430 444
595 444
283 445
443 445
490 445
524 445
530 445
548 445
553 445
598 445
856 445
207 446
209 446
304 446
313 446
333 446
336 446
345 446
371 446
820 446
286 447
300 447
381 447
406 447
411 447
421 447
453 447
331 448
366 448
387 448
464 448
494 448
500 448
513 448
820 448
404 449
534 449
544 449
637 449
641 449
416 450
445 450
472 450
649 450
309 451
342 451
458 451
492 451
522 451
821 451
377 452
632 452
635 452
207 453
416 453
605 453
817 453
830 453
459 454
822 454
508 455
569 455
301 456
601 456
860 456
293 457
332 457
494 457
620 457
679 457
794 457
853 457
324 458
367 458
669 458
812 458
295 459
358 459
406 459
722 459
178 460
331 460
395 460
448 460
827 460
834 460
366 461
436 461
545 461
581 461
623 461
809 461
848 461
404 462
533 462
615 462
617 462
824 462
482 463
288 464
319 464
445 464
508 464
852 464
477 465
486 465
492 465
618 465
689 465
352 466
713 466
528 467
628 467
389 468
848 468
430 469
250 471
474 471
852 471
855 471
206 472
229 472
491 472
194 473
196 473
202 473
209 473
525 473
555 473
688 475
848 475
197 477
622 477
856 478
164 479
658 479
849 479
627 480
853 480
619 481
638 481
863 482
608 483
625 483
801 485
163 486
795 486
860 486
371 487
685 487
168 488
706 489
859 489
646 490
790 490
602 491
635 491
711 491
717 491
167 494
650 495
654 495
599 498
171 499
861 501
655 504
862 506
855 507
171 508
178 508
186 508
630 510
644 511
850 511
444 512
501 512
640 512
712 512
624 513
419 514
425 514
518 514
736 514
855 514
412 515
704 516
713 516
621 517
756 517
804 518
873 518
317 519
325 519
796 519
850 519
623 521
819 521
827 521
853 521
857 521
490 522
871 522
244 523
449 524
134 525
198 526
481 526
524 526
851 526
874 526
460 527
521 527
61 528
388 528
425 529
851 529
100 530
105 530
142 530
855 530
869 530
183 531
348 531
529 531
766 531
295 532
301 532
874 532
192 533
490 533
640 533
176 534
198 534
266 534
317 534
383 534
613 534
869 534
207 536
287 536
357 536
141 537
221 537
862 537
264 538
313 538
328 538
877 538
228 539
520 539
861 539
111 540
133 540
416 540
493 540
621 540
869 540
873 540
239 541
245 542
809 542
480 543
176 544
257 544
419 544
117 545
312 545
328 545
343 545
479 545
491 545
875 546
124 547
713 548
221 549
337 549
528 549
304 550
324 550
510 550
632 551
634 551
643 551
169 553
240 553
676 554
690 554
171 555
356 555
501 555
507 555
639 555
874 555
301 557
425 557
864 557
868 557
328 558
419 558
673 558
744 558
299 559
697 559
845 559
162 560
766 560
826 560
874 560
649 561
878 561
597 562
663 562
761 562
852 562
466 563
646 563
712 563
798 563
824 563
316 564
325 564
718 564
748 565
852 565
857 565
861 565
323 566
723 566
745 566
714 567
468 568
854 568
880 568
884 568
474 569
76 570
466 570
714 570
741 570
872 570
829 573
844 573
853 573
860 573
541 574
882 574
847 575
598 576
605 576
841 576
880 576
857 577
608 578
864 578
606 579
849 579
872 579
887 579
847 581
872 581
1019 581
472 583
30 587
679 587
965 589
835 591
180 592
691 592
896 592
911 592
977 594
859 595
892 595
994 596
882 598
977 599
191 601
877 601
189 602
198 602
472 602
169 603
176 603
192 603
195 603
755 603
808 603
873 603
963 603
172 604
202 604
802 604
818 604
183 605
197 605
205 605
758 605
210 606
632 606
787 606
182 607
753 607
762 607
785 607
778 608
877 608
988 608
791 611
807 614
789 615
960 615
913 616
771 617
774 620
854 620
863 620
884 620
878 621
867 622
962 622
753 623
772 623
862 623
435 624
622 624
756 624
751 625
628 626
623 627
880 629
943 629
754 630
761 630
765 630
560 631
790 631
758 632
761 632
781 632
794 632
898 632
911 632
935 632
946 632
140 633
763 633
856 633
917 633
774 634
796 634
931 634
934 634
787 635
962 635
773 637
790 637
855 637
792 639
935 640
376 643
65 653
110 657
132 669
51 672
67 673
85 673
275 676
667 679
