2288
47 3
404 3
825 3
543 4
510 5
539 5
567 5
572 5
902 5
341 6
49 7
218 7
509 7
541 7
628 7
220 8
388 8
512 8
931 8
104 9
543 10
886 10
894 10
520 11
540 11
84 12
332 12
534 12
939 12
524 13
549 13
711 13
846 13
328 14
535 14
541 14
545 14
618 14
336 15
339 15
345 15
373 15
765 15
829 15
342 16
620 16
696 16
821 16
825 16
304 17
316 17
371 17
603 17
940 17
536 18
766 18
332 19
356 19
379 19
715 19
770 19
287 20
290 20
567 20
1015 20
267 21
271 21
370 21
762 21
790 21
939 21
567 22
720 23
741 23
152 25
188 25
448 25
571 25
668 25
939 25
159 26
452 26
625 26
658 26
664 26
676 26
741 26
216 27
219 27
366 27
558 27
655 27
290 28
354 29
476 29
520 29
627 29
117 30
145 30
569 31
572 31
639 31
788 31
108 32
472 32
551 32
594 32
333 33
423 33
465 33
561 33
941 33
593 34
748 34
874 34
428 35
435 35
590 35
46 36
289 36
422 36
554 36
792 36
411 37
677 37
616 38
650 38
373 39
644 39
938 39
370 40
634 40
737 40
949 40
1016 40
957 41
344 42
547 42
676 42
757 42
777 42
798 42
240 43
339 43
945 43
954 43
187 44
771 44
789 44
268 45
326 45
342 45
639 45
904 45
947 45
347 46
774 46
891 46
309 47
736 47
503 48
642 48
666 48
860 48
864 48
980 48
309 49
344 49
876 49
881 49
945 49
480 50
185 51
810 51
831 52
951 52
1019 52
616 53
827 53
945 53
185 54
318 54
741 54
948 54
980 54
166 55
830 55
883 55
201 56
213 56
639 56
730 56
737 56
132 57
882 57
661 58
678 58
689 58
126 59
611 59
722 59
783 59
119 60
618 60
623 60
651 60
670 60
100 61
627 61
948 61
44 62
79 62
204 62
633 62
824 62
945 62
323 63
596 63
612 63
1018 63
297 64
303 64
623 64
628 64
631 64
1020 64
779 65
632 66
952 66
608 67
165 68
785 68
825 69
150 70
593 70
828 70
1019 70
667 72
716 72
725 72
825 72
328 73
707 73
753 73
759 73
809 73
943 73
293 74
296 75
671 75
757 75
825 75
653 76
776 76
927 76
939 76
942 76
644 77
686 77
790 77
319 78
44 79
302 79
337 79
915 79
940 79
943 79
153 80
334 80
765 80
281 81
503 81
810 81
339 82
476 82
589 82
608 82
1020 82
287 83
133 84
258 84
450 84
603 84
285 85
427 85
163 86
239 86
247 86
346 86
830 86
806 87
826 87
1020 87
183 88
336 88
757 88
941 88
978 88
180 89
192 90
538 90
760 90
782 90
822 90
946 90
1019 90
185 91
953 91
808 92
965 92
597 93
734 93
820 93
951 93
956 93
774 94
803 94
571 95
663 95
769 95
654 96
946 96
622 97
630 97
806 97
955 97
984 97
951 98
985 99
86 100
116 100
770 100
784 100
803 100
987 100
661 101
763 101
807 101
882 101
949 101
127 102
371 102
770 102
776 102
986 102
281 103
341 103
701 103
740 104
949 104
125 105
695 105
536 106
567 106
577 106
55 108
373 108
539 108
581 108
941 108
986 108
684 109
492 110
592 110
953 110
126 111
534 111
580 111
629 111
677 111
951 111
186 112
561 112
566 112
940 112
372 113
496 113
509 113
514 113
518 113
536 113
542 113
588 113
949 113
954 113
329 114
507 114
565 114
576 114
281 115
502 115
513 115
613 115
725 115
912 115
944 115
996 115
178 116
295 116
315 116
363 116
495 116
519 116
534 116
703 116
346 117
404 117
516 117
945 117
131 118
392 118
394 118
606 118
609 118
943 118
951 118
126 119
239 119
267 119
367 119
383 119
397 119
406 119
497 119
533 119
574 119
940 119
388 120
605 120
739 120
955 120
180 121
216 121
375 121
812 121
950 121
146 122
191 122
364 122
385 122
511 122
517 122
533 122
537 122
1009 122
325 123
404 123
504 123
692 123
702 123
746 123
759 123
831 123
366 124
499 124
799 124
802 124
850 124
854 124
934 124
949 124
385 125
811 125
947 125
116 126
121 126
346 126
368 126
404 126
537 126
655 126
844 126
951 126
308 127
354 127
379 127
386 127
756 127
941 127
80 128
109 128
375 128
402 128
679 128
650 129
736 129
740 129
193 130
214 130
307 130
313 130
406 130
535 130
229 131
262 131
369 131
640 131
684 131
305 132
509 132
525 132
593 132
143 133
216 133
507 133
512 133
519 133
944 133
250 134
258 134
303 134
305 135
309 135
391 135
532 135
852 135
947 135
379 136
637 136
112 137
395 137
502 137
883 137
390 138
402 139
629 139
942 139
821 140
106 141
529 141
661 142
704 142
527 143
399 144
375 145
494 145
503 145
527 145
532 145
646 145
107 147
947 147
951 147
416 148
126 149
501 149
869 149
254 150
292 150
374 150
397 150
405 150
863 150
873 150
947 150
857 151
105 152
863 152
116 153
151 153
400 153
431 153
659 153
763 153
226 154
238 154
535 154
274 155
767 155
855 155
473 156
947 156
424 157
437 157
529 157
678 157
852 157
426 158
534 158
864 158
891 158
950 158
110 159
122 159
406 159
688 159
690 159
782 159
794 159
843 159
852 159
809 160
857 160
371 161
954 161
761 162
809 162
172 163
322 163
405 163
704 163
767 163
779 163
788 163
941 163
952 163
227 164
314 164
399 164
371 165
953 165
449 166
462 166
489 166
745 166
748 166
553 167
639 167
954 167
958 167
622 168
644 168
647 168
654 168
661 168
687 168
690 168
421 169
681 169
647 170
951 170
809 171
243 172
684 172
961 172
240 173
948 174
369 175
1010 177
283 178
450 178
568 178
952 178
446 179
497 180
944 180
277 181
453 181
473 181
229 182
241 182
293 182
437 182
465 182
952 182
1001 182
220 183
256 183
414 183
443 183
445 183
461 183
475 183
492 183
167 184
261 184
434 184
449 184
954 184
102 185
418 185
441 185
949 185
107 186
124 186
178 186
182 186
195 186
202 186
303 187
472 187
134 188
141 188
261 188
356 188
438 188
804 188
63 189
81 189
155 189
159 189
432 189
484 189
341 190
157 191
260 191
485 191
747 191
1020 192
425 193
801 193
881 193
832 194
842 194
481 195
685 195
429 196
485 196
946 196
948 196
340 197
342 197
866 197
188 199
424 199
948 199
707 201
418 203
559 203
949 204
1001 204
188 205
341 205
487 205
955 205
1007 205
999 206
129 207
300 207
317 207
1008 207
254 208
670 208
1020 208
211 209
242 209
952 209
129 210
191 210
200 210
183 211
161 212
231 212
495 212
954 212
959 212
969 212
467 213
962 213
1019 213
175 214
949 214
965 214
276 215
567 215
102 216
341 216
914 216
1020 216
88 217
880 220
537 221
355 222
465 222
579 222
865 222
938 222
959 222
962 222
484 223
832 223
876 223
548 224
273 225
355 225
409 225
763 225
808 225
949 225
365 226
450 226
705 226
442 227
708 227
712 227
447 228
738 228
808 228
813 228
552 229
734 229
959 229
1020 229
344 230
685 230
742 230
826 230
648 231
658 231
433 232
810 232
956 232
462 233
277 234
435 234
970 234
985 234
989 234
1020 234
957 235
1008 235
963 236
223 237
950 237
237 238
242 238
264 238
269 239
950 239
952 239
961 239
967 239
187 240
888 240
989 240
195 241
201 241
882 241
977 241
981 241
993 241
1002 241
199 242
305 242
585 242
945 242
964 242
970 242
985 242
456 243
957 243
989 243
142 244
739 244
981 244
943 245
198 246
585 246
764 246
1020 246
945 247
985 247
989 247
89 248
439 248
658 248
811 248
979 248
1002 248
456 249
955 249
984 249
435 250
454 250
822 250
936 250
1001 250
1003 250
506 251
527 251
950 251
976 251
981 251
333 252
510 252
523 252
944 252
994 252
1009 252
1020 252
330 253
431 253
975 253
982 253
989 253
992 253
1007 253
293 254
513 254
831 254
962 254
966 254
384 255
397 255
449 255
515 255
518 255
951 255
249 256
299 256
733 256
746 256
767 256
247 257
429 257
965 257
998 257
390 258
446 258
460 258
756 258
812 258
1003 258
254 259
533 259
598 259
653 259
658 259
806 259
945 259
954 259
979 259
995 259
427 260
456 260
461 260
502 260
626 260
969 260
982 260
989 260
531 261
977 261
1020 261
377 262
466 262
510 262
720 262
725 262
881 262
768 263
995 263
1001 263
80 264
200 264
385 264
398 264
426 264
464 264
552 264
582 264
594 264
692 264
953 264
989 264
89 265
198 265
441 265
459 265
944 265
957 265
965 265
214 266
300 266
147 267
729 267
88 268
152 268
212 268
466 268
468 268
770 268
789 268
881 268
953 268
1003 268
1008 268
163 269
328 269
330 269
341 269
969 269
976 269
77 270
146 270
238 270
366 270
665 270
694 270
93 271
441 271
471 271
691 271
769 271
983 271
989 271
994 271
999 271
1004 271
127 272
210 272
444 272
467 272
968 272
973 272
38 273
512 273
771 273
946 273
955 273
963 273
467 274
590 274
661 274
967 274
991 274
124 275
335 275
977 275
232 276
470 276
520 276
950 276
959 276
442 277
453 277
514 277
586 277
394 278
229 279
428 279
457 279
587 279
660 279
948 279
980 279
575 280
608 280
756 280
767 280
770 280
775 280
231 281
467 281
582 281
594 281
721 281
989 281
229 282
451 282
611 282
985 282
996 282
334 283
430 283
463 283
518 283
118 284
153 284
456 284
611 284
614 284
946 284
979 284
329 285
347 285
449 285
454 285
571 285
938 285
948 285
458 286
471 286
517 286
730 286
881 286
963 286
978 286
995 286
314 287
456 287
511 287
523 287
531 287
767 287
769 287
951 287
391 288
504 288
960 288
982 288
986 288
997 288
312 289
378 289
385 289
397 289
404 289
461 289
465 289
501 289
507 289
534 289
990 289
993 289
521 290
765 290
769 290
787 290
883 290
954 290
995 290
376 291
395 291
454 291
514 291
959 291
982 291
193 292
388 292
526 292
874 292
878 292
881 292
964 292
867 293
951 293
721 294
723 294
790 294
980 294
985 294
989 294
557 295
798 295
826 295
951 295
972 295
991 295
747 296
765 296
783 296
955 296
723 297
730 297
964 297
986 297
988 297
807 298
947 298
213 299
715 299
552 300
586 300
589 300
593 300
595 300
120 301
453 301
466 301
811 301
823 301
977 301
988 301
582 302
834 302
838 302
969 302
1004 302
1010 302
182 303
335 303
367 303
457 303
462 303
512 303
522 303
597 303
599 303
957 303
959 303
964 303
977 303
459 304
578 304
951 304
1008 304
152 305
386 305
396 305
457 305
517 305
599 305
702 305
747 305
946 305
971 305
144 306
391 306
524 306
694 306
969 306
96 307
150 307
325 307
461 307
960 307
967 307
450 308
601 308
627 309
458 310
461 310
578 310
188 311
754 311
955 311
586 312
589 312
963 312
464 313
583 313
331 314
592 314
167 315
472 315
962 315
445 316
450 316
475 316
513 316
522 316
533 316
376 317
387 317
395 317
406 317
441 317
447 317
478 317
502 317
599 317
753 317
330 318
435 318
454 318
525 318
572 318
586 318
605 318
749 318
350 319
384 319
398 319
404 319
504 319
510 319
590 319
603 319
954 319
154 320
443 320
451 320
469 320
348 321
437 321
620 321
935 321
949 321
219 322
440 322
447 322
454 322
459 322
557 322
947 322
325 323
469 323
945 323
452 324
866 324
957 324
363 325
435 325
462 325
751 325
442 326
553 326
561 326
601 326
946 326
959 326
439 327
450 327
455 327
787 327
789 327
799 327
833 327
949 327
1001 327
1005 327
310 328
346 328
445 328
448 328
174 329
461 329
777 329
435 330
512 330
702 330
748 330
792 330
796 330
802 330
814 330
955 330
957 330
1003 330
454 331
459 331
595 331
840 331
842 331
226 332
489 332
708 332
784 332
846 332
205 333
520 333
780 333
892 333
961 333
394 334
427 334
440 334
444 334
482 334
514 334
657 334
886 334
947 334
956 334
965 334
971 334
434 335
448 335
456 335
469 335
473 335
825 335
827 335
866 335
207 336
216 336
422 336
458 336
490 336
661 336
720 336
723 336
951 336
969 336
274 337
297 337
453 337
484 337
971 337
423 338
457 338
477 338
480 338
482 338
691 338
419 339
469 339
629 339
156 340
299 340
431 340
490 340
948 340
142 341
296 341
492 341
494 341
518 341
52 342
422 342
426 342
444 342
846 342
483 343
488 343
492 343
579 343
598 343
947 343
495 344
853 344
326 345
391 345
419 345
429 345
433 345
442 345
504 345
524 345
581 345
34 346
385 346
397 346
404 346
436 346
468 346
511 346
531 346
898 346
378 347
444 347
473 347
490 347
508 347
527 347
595 347
781 347
784 347
846 347
376 348
382 348
401 348
415 348
418 348
494 348
501 348
583 348
329 349
340 349
394 349
406 349
514 349
915 349
388 350
414 350
440 350
827 350
495 351
776 351
830 351
409 352
694 352
780 352
360 354
556 354
559 354
761 354
772 354
785 354
200 355
498 355
643 355
724 355
742 355
775 355
778 355
830 355
893 355
409 356
573 356
679 356
689 356
721 356
248 357
973 357
33 358
348 358
715 358
962 358
966 358
139 359
625 359
639 359
190 360
302 360
956 360
963 360
1011 360
290 361
523 361
678 361
689 361
247 362
386 362
396 362
512 362
916 362
1011 363
391 364
525 364
956 364
971 364
1005 364
234 365
948 365
165 366
251 366
398 366
786 366
1009 366
74 367
157 367
534 367
695 367
924 367
947 368
150 369
159 369
251 369
674 369
950 369
114 370
129 371
51 372
118 372
112 373
129 373
672 373
823 373
133 374
369 374
165 375
207 375
770 375
774 375
948 375
114 376
223 376
129 377
840 377
200 378
218 378
781 378
809 378
930 378
946 378
66 379
364 379
543 379
670 379
729 379
883 379
194 380
753 380
115 381
871 381
949 381
128 382
192 382
707 382
809 382
837 382
869 382
65 384
122 384
153 384
807 384
948 384
668 385
750 385
881 385
160 386
208 386
211 386
885 386
763 387
771 387
879 387
957 387
200 388
947 389
1006 389
134 390
746 390
764 390
811 390
813 391
1013 391
114 392
128 392
1004 392
252 393
350 394
555 394
203 395
753 395
957 395
962 395
966 395
114 396
128 396
721 396
769 396
847 396
110 397
203 397
842 397
970 397
132 398
350 398
391 399
508 399
658 399
721 399
854 399
193 400
114 401
118 401
126 401
129 403
444 403
810 403
204 405
213 405
257 405
454 405
951 405
328 406
351 406
424 406
440 406
471 407
496 407
545 407
200 408
243 408
570 408
621 408
649 408
700 408
297 409
312 409
367 409
382 409
713 409
806 409
949 409
439 410
454 410
513 410
715 410
786 410
134 411
215 411
255 411
588 411
604 411
951 411
283 412
300 412
353 412
395 412
667 412
683 412
717 412
775 412
806 412
139 413
236 413
304 413
424 413
451 413
469 413
498 413
669 413
768 413
517 414
525 414
544 414
573 414
592 414
600 414
619 414
735 414
765 414
80 415
137 415
521 415
651 415
671 415
679 415
699 415
728 415
769 415
594 416
597 416
105 417
118 417
129 417
131 417
160 417
674 417
709 417
731 417
774 417
73 418
89 418
287 418
356 418
428 418
975 418
32 419
747 419
755 419
821 419
859 419
502 420
809 420
872 420
967 420
958 421
218 422
834 422
1014 422
254 423
269 423
286 423
655 423
753 423
947 423
173 424
338 424
355 424
428 424
743 424
215 425
408 425
467 425
483 425
500 425
502 425
835 425
957 425
208 426
256 426
263 426
284 426
520 426
557 426
575 426
694 426
861 426
1006 426
276 427
325 427
332 427
597 427
634 427
653 427
697 427
712 427
746 427
863 427
1015 427
424 428
469 428
476 428
498 428
676 428
544 429
551 429
565 429
572 429
592 429
922 429
1010 429
619 430
627 430
643 430
650 430
699 431
707 431
833 431
256 433
327 433
836 433
173 434
351 434
398 434
948 434
471 435
761 435
833 435
167 436
190 436
192 436
498 436
545 436
183 437
572 437
622 437
237 438
651 438
701 438
184 439
761 439
482 440
726 440
753 440
795 440
834 440
950 440
121 441
766 442
746 443
775 443
388 444
749 444
948 444
755 445
878 445
932 445
294 446
908 446
950 446
785 447
830 447
952 447
628 448
853 448
598 449
866 449
949 449
632 450
788 450
860 450
781 451
847 451
181 452
203 452
207 452
769 452
785 452
941 452
96 453
952 453
35 454
71 454
294 454
793 455
592 456
787 456
950 456
625 458
48 459
129 459
633 459
894 459
990 459
85 460
164 460
817 460
30 461
133 461
143 461
733 461
188 462
818 462
27 463
176 463
932 463
159 464
793 464
958 465
781 466
906 466
1007 466
1016 467
983 468
987 468
1005 468
625 469
728 469
860 469
888 470
732 471
761 471
778 471
841 471
959 471
757 472
772 472
784 472
834 472
865 472
949 473
24 474
752 474
912 474
968 474
755 475
621 476
949 476
822 477
24 478
749 478
962 479
670 480
678 480
752 480
616 481
949 481
951 481
958 481
44 482
168 482
215 482
921 483
965 483
202 486
758 486
960 486
962 486
126 488
756 488
24 489
159 489
754 489
189 490
746 490
895 490
952 490
24 491
118 491
651 491
27 493
140 493
696 493
758 493
781 494
183 495
670 495
247 496
636 496
638 496
740 496
603 497
642 497
300 498
588 498
605 498
653 498
711 498
713 498
743 498
328 499
348 499
575 499
590 499
599 499
667 499
775 499
567 500
682 500
748 500
333 501
591 501
316 502
706 502
728 502
769 502
778 502
857 502
863 502
963 502
203 503
227 503
304 503
344 503
476 503
826 503
961 503
542 504
730 505
25 506
28 506
200 506
215 506
429 506
459 506
653 506
666 506
888 506
956 506
221 507
642 507
959 507
470 508
509 508
565 508
655 508
762 508
768 508
245 509
777 509
796 509
836 509
919 509
959 509
658 510
768 510
817 510
923 510
950 510
136 511
454 511
671 511
690 511
761 511
8 512
829 512
951 512
28 513
48 513
812 513
886 513
921 513
954 513
964 513
589 514
772 514
842 514
913 514
944 514
956 514
267 515
708 515
815 515
900 515
961 515
860 516
866 516
897 516
965 516
316 517
545 517
604 517
616 517
713 517
735 517
770 517
820 517
905 517
961 517
45 518
152 518
331 518
574 518
619 518
697 518
874 518
950 518
779 519
804 519
272 520
380 520
893 520
644 521
729 521
782 521
29 522
319 522
328 522
597 522
890 522
959 522
184 523
265 523
509 523
578 523
46 524
540 524
564 524
965 524
26 525
375 525
551 525
678 525
386 526
445 526
454 526
571 526
670 526
966 526
542 527
273 528
489 528
504 528
17 529
264 529
178 530
228 530
287 530
507 530
590 530
617 530
974 530
261 531
578 531
19 532
36 532
318 532
328 532
563 532
6 533
15 533
282 533
360 533
395 533
9 534
179 534
375 534
410 534
587 535
120 536
444 536
454 536
597 536
971 536
247 537
365 537
489 537
503 537
514 537
554 537
734 537
142 538
568 538
601 538
742 538
380 539
556 539
598 539
604 539
626 539
743 540
493 541
837 541
606 542
634 542
840 542
960 542
509 543
590 543
628 543
973 543
236 544
632 544
851 544
592 545
839 545
319 546
736 546
5 547
327 547
542 547
921 547
923 547
958 547
960 547
540 548
635 548
268 549
565 549
926 549
956 549
34 550
216 550
390 550
919 550
948 550
130 551
314 551
379 551
446 551
545 551
921 551
932 551
962 551
332 552
443 552
635 552
959 552
329 553
575 553
323 554
923 554
981 554
207 556
387 556
960 556
439 557
568 557
459 558
633 558
941 558
425 559
449 559
509 559
990 559
939 560
981 560
945 561
985 562
618 563
70 564
783 564
62 565
66 565
133 565
992 565
921 566
924 566
919 567
1014 568
961 569
964 569
980 569
951 570
930 571
935 571
957 571
960 571
966 571
980 571
927 573
930 573
988 573
960 574
982 575
625 576
945 576
656 579
1020 580
837 581
846 582
528 590
526 592
543 592
827 594
527 595
19 605
199 605
717 605
528 611
308 614
40 617
455 619
819 621
373 622
376 622
366 623
405 623
410 623
383 624
392 624
411 625
381 626
407 626
387 627
356 628
360 628
353 629
378 629
358 630
386 630
204 631
393 632
396 632
404 632
747 633
54 640
338 647
3 661
490 671
247 675
359 679
