2193
44 3
384 3
828 3
33 4
46 4
374 4
431 4
514 4
873 4
885 4
78 5
83 5
386 6
575 6
700 6
909 6
537 7
566 7
728 7
815 7
870 7
885 7
46 8
175 8
317 8
535 8
556 8
165 9
167 9
227 9
567 9
85 10
565 10
573 10
649 10
843 10
173 11
176 11
355 11
673 11
885 11
342 12
509 12
525 12
859 12
65 13
88 13
491 13
573 13
795 13
913 13
67 14
424 14
440 14
908 14
911 14
387 15
530 15
618 15
788 15
873 15
76 16
434 16
562 16
448 17
785 17
887 17
891 17
86 18
438 18
451 18
599 18
661 18
83 19
441 19
447 19
474 19
843 19
871 19
78 20
428 20
451 20
881 20
909 20
240 21
425 21
455 21
481 21
547 21
595 21
695 21
883 21
352 22
438 22
444 22
804 22
917 22
380 23
430 23
432 23
441 23
10 24
329 24
450 24
683 24
687 24
15 25
280 25
305 25
321 25
436 25
655 25
691 25
428 26
430 26
441 26
452 26
456 26
727 26
871 26
874 26
920 26
352 27
371 27
418 27
435 27
533 27
714 27
869 27
315 28
413 28
432 28
452 28
587 28
634 28
726 28
449 29
483 29
872 29
32 30
377 30
432 30
441 30
478 30
529 30
581 30
731 30
840 30
264 31
407 31
424 31
435 31
481 31
836 31
873 31
360 32
440 32
484 32
516 32
730 32
299 33
354 33
445 33
448 33
454 33
458 33
612 33
841 33
45 34
386 34
401 34
435 34
466 34
567 34
438 35
659 35
677 35
683 35
723 35
652 36
696 36
830 36
838 36
892 36
228 37
438 37
450 37
453 37
497 37
555 37
677 37
721 37
868 37
61 38
77 38
81 38
326 38
424 38
431 38
443 38
458 38
481 38
698 38
824 38
66 39
447 39
704 39
875 39
283 40
489 40
547 40
652 40
796 40
431 41
485 41
762 41
914 41
75 42
334 42
336 42
428 42
70 43
275 43
423 43
437 43
487 43
623 43
644 43
658 43
694 43
868 43
74 44
81 44
375 44
452 44
504 44
849 44
881 44
9 45
418 45
440 45
456 45
687 45
862 45
426 46
434 46
354 47
452 47
454 47
466 47
789 47
858 47
903 47
313 48
418 48
782 48
917 48
309 49
460 49
868 49
875 49
882 49
886 49
358 50
438 50
450 50
477 50
509 50
511 50
663 50
673 50
676 50
843 50
14 51
296 51
302 51
413 51
415 51
435 51
445 51
514 51
516 51
719 51
423 52
431 52
443 52
459 52
498 52
575 52
604 52
352 53
421 53
447 53
451 53
557 53
615 53
870 53
651 54
669 54
899 54
335 55
421 55
427 55
434 55
452 55
555 55
572 55
642 55
649 55
848 55
875 55
893 55
30 56
404 56
431 56
437 56
487 56
754 56
873 56
905 56
448 57
639 57
281 58
423 58
480 58
514 58
897 58
914 58
285 59
445 59
726 59
743 59
887 59
282 60
426 60
434 60
871 60
893 60
337 61
474 61
597 61
320 62
325 62
418 62
423 62
436 62
440 62
877 62
884 62
75 63
377 63
421 63
460 63
624 63
80 64
424 64
440 64
466 64
728 64
899 64
64 65
396 65
431 65
617 65
913 65
70 66
367 66
721 66
894 66
424 67
440 67
524 67
855 67
863 67
879 67
891 67
900 67
904 67
925 67
66 68
75 68
430 68
437 68
601 68
839 68
915 68
920 68
80 69
426 69
435 69
519 69
909 69
72 70
351 70
381 70
585 70
876 70
536 71
591 71
846 71
878 71
914 71
378 72
382 72
902 72
373 73
375 73
578 73
670 73
832 73
281 75
359 75
372 75
378 75
581 75
585 75
375 76
480 76
483 76
877 76
899 76
28 77
581 77
1009 77
11 78
172 78
418 78
488 78
675 78
864 78
915 78
412 79
870 79
872 79
900 79
906 79
337 80
909 80
334 81
668 81
872 81
1009 81
894 82
998 82
29 83
436 83
625 83
662 83
878 83
901 83
58 84
552 84
271 85
298 85
385 85
786 85
41 86
346 86
381 86
489 86
549 86
901 86
996 86
291 87
422 87
441 87
458 87
628 87
690 87
613 88
73 89
389 89
419 89
424 89
782 89
877 89
895 89
996 89
63 90
78 90
338 90
399 90
648 90
773 90
900 90
271 91
565 91
699 91
761 91
852 91
891 91
68 92
296 92
315 92
438 92
692 92
757 92
997 92
418 93
898 93
73 94
307 94
426 94
78 95
901 95
392 96
416 96
655 97
699 97
877 97
891 97
421 98
550 98
651 98
682 98
735 98
778 98
5 99
278 99
349 99
393 99
877 99
900 99
13 100
423 100
596 100
680 100
691 100
415 101
418 101
587 101
729 101
898 101
347 102
676 102
708 102
726 102
412 103
469 103
483 103
663 103
849 103
27 104
257 104
369 104
463 104
479 104
579 104
710 104
891 104
409 105
705 105
728 105
878 105
904 105
390 106
392 106
567 106
882 106
39 107
328 108
429 108
667 108
880 108
30 109
364 109
373 109
385 110
405 110
443 110
465 110
558 110
566 110
823 110
887 110
903 110
56 111
426 111
461 111
463 111
596 111
878 111
899 111
61 112
445 112
723 112
243 113
875 113
883 113
891 113
327 114
439 114
452 114
465 114
471 114
814 114
881 114
901 114
76 115
474 115
686 115
726 115
811 115
896 115
906 115
481 116
878 116
259 117
363 117
448 117
570 117
905 117
80 118
298 118
350 118
360 118
453 118
464 118
467 118
527 118
531 118
218 119
291 119
387 119
877 119
891 119
288 120
515 120
548 120
562 120
641 120
365 121
505 121
725 121
80 122
684 122
734 122
850 122
873 122
876 122
896 122
905 122
588 123
879 123
474 124
566 124
689 124
727 124
259 125
364 125
711 125
568 126
666 126
783 126
881 126
269 127
294 127
605 127
856 127
899 127
199 128
219 128
876 128
885 128
892 129
904 129
698 130
907 130
257 131
879 131
432 132
902 132
910 132
102 133
550 133
689 133
692 133
710 133
839 133
904 133
106 134
250 134
393 134
567 134
855 134
909 134
301 135
530 135
577 135
663 135
730 135
241 136
404 136
391 137
414 137
636 137
725 137
880 137
890 137
903 137
104 138
234 138
528 138
629 138
912 138
670 139
544 140
562 140
621 140
102 141
399 141
549 141
722 141
873 141
544 142
559 142
392 143
617 143
874 143
894 143
561 144
709 144
778 144
329 145
533 145
588 145
169 146
879 146
323 147
377 147
593 147
603 147
704 147
891 148
421 149
678 149
779 149
894 149
415 150
425 150
578 150
876 150
679 151
681 151
228 152
571 152
329 153
406 153
529 153
674 153
808 153
883 153
410 154
708 154
846 154
872 155
688 156
342 157
776 157
227 158
287 158
225 159
680 159
287 160
201 161
217 161
846 161
872 161
199 162
325 162
541 162
527 163
605 163
271 164
252 165
624 165
874 166
877 166
326 167
883 168
325 169
578 169
717 170
748 171
730 172
233 173
491 173
559 173
583 173
611 173
553 174
743 174
228 175
316 175
999 175
332 176
500 176
506 178
704 178
897 178
906 178
586 180
597 180
321 181
780 181
888 181
898 181
900 181
414 182
618 182
649 182
666 182
285 183
741 183
871 183
883 183
197 184
270 184
649 184
654 184
869 184
506 185
398 186
527 186
655 186
883 186
331 187
256 188
334 188
895 188
905 188
279 189
383 189
510 189
869 189
884 189
334 190
535 190
609 190
647 190
650 190
875 190
902 190
501 191
721 191
851 191
894 192
781 193
860 193
874 193
237 194
510 194
518 194
803 194
838 194
883 194
896 194
342 195
497 195
767 195
858 195
891 195
233 196
499 196
761 196
771 196
884 196
258 197
324 197
328 197
451 197
506 197
578 197
861 197
223 198
350 198
481 198
512 198
604 198
888 198
316 199
507 199
536 199
214 200
468 200
504 200
563 200
576 200
310 201
451 201
506 201
542 201
571 201
594 201
883 201
445 202
789 202
453 203
421 204
442 204
551 204
776 204
437 205
451 205
563 205
607 205
751 205
341 206
425 206
441 206
460 206
431 207
619 207
757 207
451 208
463 208
751 208
565 209
859 209
155 210
161 210
450 210
875 210
885 210
163 211
337 211
536 211
584 211
671 211
439 212
442 212
461 212
674 212
706 212
240 213
710 213
884 214
427 215
687 215
710 215
553 216
853 216
886 216
341 217
229 218
367 218
444 218
684 219
692 219
361 220
369 220
435 220
446 220
674 220
887 220
444 221
454 221
668 221
438 222
461 222
332 223
366 223
844 223
887 223
338 224
350 224
597 224
653 224
711 224
892 224
605 225
607 225
910 225
237 226
366 226
643 226
655 226
873 226
312 228
358 228
865 228
909 228
235 229
304 229
506 229
914 229
164 230
317 230
459 230
514 230
619 230
299 231
445 231
910 231
873 232
265 233
453 233
314 234
605 234
607 234
879 234
928 235
201 236
271 236
353 236
362 236
924 236
932 236
578 237
896 237
311 238
354 238
602 238
851 238
877 239
898 239
313 240
423 240
779 240
248 241
298 241
311 241
873 241
291 242
304 242
383 242
455 242
352 243
742 244
879 244
890 244
929 244
233 245
394 245
361 246
486 246
455 247
706 247
227 248
657 248
719 248
457 249
879 249
923 249
388 250
692 250
657 251
825 252
892 253
230 254
427 254
658 254
404 255
496 255
915 255
924 255
856 256
882 256
922 256
371 257
365 259
879 259
292 260
603 260
914 260
370 261
389 261
623 261
846 261
885 262
914 262
883 263
321 264
412 264
405 265
594 265
689 265
840 265
422 267
891 267
409 268
738 268
779 268
413 269
233 270
405 270
551 270
396 271
401 271
420 271
510 271
423 272
776 272
842 272
383 273
299 274
429 274
591 274
898 274
856 275
915 275
394 276
427 277
945 277
689 278
710 279
429 280
713 280
749 280
308 281
345 282
392 282
433 283
671 283
430 285
710 285
389 286
273 287
649 287
895 287
257 288
345 288
485 290
496 290
644 290
385 291
435 291
612 291
250 293
597 293
892 293
920 293
505 294
603 294
854 295
884 295
913 295
201 297
488 297
855 298
905 298
408 299
415 300
405 301
305 302
534 302
808 302
422 303
485 304
649 304
671 304
914 304
272 306
404 306
855 306
882 306
341 307
787 307
886 307
909 307
262 308
371 308
430 308
510 308
901 308
884 309
161 311
396 312
415 312
605 312
782 312
677 313
398 314
778 314
897 314
403 315
655 315
710 315
508 316
600 316
602 316
352 317
405 317
664 317
888 317
675 318
902 318
672 319
852 319
626 321
675 321
888 321
894 321
920 321
578 322
456 324
889 324
874 325
903 325
297 326
400 326
453 326
605 326
287 327
443 327
539 327
280 328
296 328
447 328
450 328
918 328
338 329
573 329
838 329
575 330
901 330
274 331
677 331
859 331
895 331
271 332
454 332
461 332
516 332
576 332
247 333
507 333
695 333
888 333
907 333
338 334
675 334
897 334
335 335
361 335
446 335
486 335
241 336
365 336
367 336
415 336
778 336
569 337
883 337
910 337
677 338
681 338
849 338
207 339
215 339
661 339
664 339
673 339
889 339
907 339
211 340
607 340
891 340
370 341
377 341
512 341
886 342
402 343
783 343
826 343
513 344
879 344
890 344
919 344
421 345
677 345
774 345
777 345
885 345
406 346
883 346
270 347
273 347
422 347
453 347
526 347
783 347
867 347
516 348
926 348
338 349
345 349
502 349
506 349
676 349
865 349
887 349
267 350
531 350
1016 350
412 351
421 351
885 351
542 352
696 352
703 352
890 352
639 353
689 353
209 354
259 354
370 354
415 354
450 354
889 354
266 355
275 355
419 355
636 355
649 355
673 355
887 355
1014 355
1020 355
245 356
404 356
449 356
259 357
460 357
714 357
739 357
234 358
265 358
402 358
406 358
418 358
446 358
454 358
635 358
736 358
341 359
441 359
895 360
408 361
445 361
458 361
188 362
347 362
265 363
331 363
337 363
345 363
375 363
489 363
885 364
900 364
359 365
370 365
888 365
891 365
590 366
902 366
374 367
486 367
508 367
511 367
230 368
519 370
838 370
893 370
420 371
421 373
446 373
454 373
520 373
931 373
891 374
410 376
415 376
418 376
451 376
515 376
523 376
921 376
832 377
364 378
370 378
503 378
505 378
857 378
902 378
344 379
398 379
409 379
415 379
928 379
402 380
413 380
420 380
264 381
395 381
405 382
524 382
423 383
448 383
410 384
461 384
507 384
233 385
414 385
455 385
536 385
662 385
704 385
258 386
321 386
391 386
416 386
446 386
880 386
909 386
212 387
269 387
333 387
365 387
871 387
911 387
414 388
489 388
744 388
789 388
793 388
376 389
387 389
395 389
404 389
658 389
701 389
888 389
358 390
363 390
399 390
413 390
521 390
690 390
738 390
255 391
349 391
389 391
411 391
486 391
394 392
730 392
767 392
786 392
909 392
912 392
269 393
401 393
617 393
624 393
246 394
733 394
910 394
389 395
889 395
248 396
315 396
322 396
382 396
386 396
395 396
402 396
542 396
565 397
889 397
348 398
393 398
402 398
411 398
156 399
391 399
397 399
453 399
383 400
431 400
398 401
414 401
423 401
857 401
906 401
369 402
387 402
402 402
420 402
426 402
542 402
383 403
396 403
407 403
415 403
434 403
799 403
858 403
889 403
391 404
418 404
538 404
873 404
395 405
407 405
429 405
748 405
425 406
450 406
520 406
688 406
304 407
317 407
389 407
400 407
404 407
865 407
381 408
385 408
418 408
817 408
423 409
895 409
426 410
446 410
454 410
460 410
517 410
249 411
313 411
391 411
423 411
429 411
431 411
441 411
443 411
457 411
507 411
790 411
890 411
386 412
787 412
363 413
370 413
375 413
392 413
421 413
431 413
453 413
693 413
860 413
863 413
445 414
685 414
726 414
893 414
153 415
434 415
654 415
671 415
683 415
382 416
635 416
638 416
362 417
488 417
571 417
579 417
617 417
870 417
152 418
154 418
630 418
436 420
893 420
928 420
376 421
540 421
551 421
939 421
571 422
579 422
942 424
446 425
454 425
321 426
450 426
857 426
887 426
363 427
366 427
568 427
583 427
947 427
277 428
369 428
855 428
451 429
368 430
568 430
863 430
897 430
887 432
946 432
205 433
282 434
860 434
917 434
244 435
680 435
866 435
875 435
225 436
233 436
228 437
231 437
891 437
916 437
152 438
235 438
833 438
856 438
854 439
225 440
233 440
153 441
860 441
872 442
151 443
705 443
891 443
712 444
855 444
229 445
252 445
557 445
891 445
226 446
232 446
649 446
671 446
783 446
786 446
256 447
226 448
671 448
891 450
225 451
228 451
231 451
150 455
544 455
232 456
333 456
658 456
904 456
222 457
225 457
152 458
234 458
227 459
231 459
468 459
224 460
756 460
901 460
150 461
232 461
884 461
384 462
675 462
244 463
246 463
390 463
274 464
285 464
314 464
327 464
382 464
898 464
153 465
357 465
370 465
390 465
402 465
241 466
254 466
265 466
268 466
294 466
304 466
418 466
453 466
250 467
336 467
346 467
470 467
508 467
623 467
631 467
235 468
270 468
288 468
380 468
392 468
528 468
569 468
595 468
599 468
299 469
328 469
353 469
423 469
430 469
442 469
578 469
372 470
400 470
475 470
482 470
495 470
709 470
421 471
541 471
555 471
607 471
679 471
152 472
220 472
300 472
473 472
581 472
868 472
233 473
342 473
436 473
505 473
622 473
679 473
683 473
387 474
489 474
530 474
711 474
567 475
647 475
872 475
436 476
548 476
674 476
677 476
490 477
289 478
867 478
876 478
278 479
330 479
475 479
548 479
637 479
319 480
375 480
533 480
658 480
665 480
858 480
113 481
282 481
362 481
726 481
855 481
328 482
387 482
399 482
410 482
423 482
715 482
762 482
867 482
372 483
789 483
461 484
475 484
663 484
415 485
421 485
620 485
654 485
849 485
862 485
893 485
272 486
285 486
451 486
457 486
490 486
517 486
533 486
580 486
656 486
312 487
466 487
472 487
593 487
550 488
622 488
506 489
512 489
524 489
530 489
657 489
738 489
568 490
669 490
765 490
402 491
574 491
894 491
452 493
893 493
225 494
471 494
736 494
508 495
180 496
529 496
183 497
570 497
600 497
179 498
340 499
737 499
893 499
196 501
661 501
663 502
162 503
666 503
701 503
906 504
657 505
682 505
872 505
660 506
741 506
645 507
665 507
703 507
894 508
903 508
856 510
162 511
734 511
835 512
867 512
166 513
758 513
811 513
689 514
639 515
677 515
763 515
769 515
850 515
164 516
693 519
698 519
144 520
166 520
147 521
171 521
636 522
902 522
170 525
722 525
723 527
135 530
147 530
689 530
882 531
906 531
134 533
110 534
895 534
668 535
670 535
686 535
133 536
676 536
764 536
495 537
663 537
483 538
486 538
542 538
550 538
134 540
467 540
769 540
139 541
455 541
660 541
814 541
861 541
921 541
444 542
896 542
917 542
857 543
663 544
870 544
431 545
476 545
917 545
277 546
370 546
433 547
525 547
528 548
895 548
448 549
487 550
570 551
517 552
912 552
919 553
131 555
825 555
921 555
233 556
434 556
466 556
491 556
912 556
78 557
137 557
168 557
575 557
682 557
916 557
924 557
32 558
38 558
161 559
179 559
396 559
468 559
651 559
688 559
924 559
142 560
155 560
158 560
166 560
187 560
913 560
338 561
430 562
882 562
177 563
201 563
207 563
274 563
305 563
362 563
370 563
918 563
405 564
222 565
432 565
660 565
85 566
328 566
532 566
241 567
302 567
358 567
374 567
79 568
250 568
458 568
130 569
366 570
238 571
267 571
492 571
718 571
144 572
274 572
461 572
529 572
766 572
678 573
177 574
202 574
292 574
374 574
486 574
357 575
693 575
574 576
576 576
672 576
76 577
552 577
920 577
383 579
385 579
723 579
240 580
304 580
362 580
369 580
681 580
777 580
458 581
718 581
734 581
901 581
912 581
920 581
86 582
431 582
542 582
549 582
801 582
889 582
168 583
720 583
875 583
895 583
915 583
268 584
747 584
884 584
898 584
922 584
164 585
167 585
828 585
396 586
460 586
466 586
693 586
820 586
858 586
913 586
388 587
634 587
902 587
689 588
764 588
770 588
826 588
265 589
373 589
390 589
804 589
925 589
358 590
802 590
892 590
900 590
501 591
778 591
160 592
895 593
926 593
766 594
797 594
361 595
371 595
505 595
510 596
793 596
878 596
903 596
910 596
928 596
362 597
369 597
897 597
921 597
503 598
508 598
566 599
907 599
919 600
927 600
591 601
645 602
899 603
43 604
649 604
646 605
509 611
732 612
892 613
938 613
948 613
995 613
1019 613
735 614
1007 615
936 616
734 617
745 617
912 617
807 621
909 621
927 621
985 622
464 623
7 625
925 625
815 626
817 626
875 626
870 627
882 627
813 629
820 629
854 629
856 629
850 630
978 630
815 631
826 631
852 631
514 632
678 632
844 632
855 635
875 637
210 638
216 638
856 639
914 639
187 640
211 640
987 640
184 641
190 641
225 641
836 641
910 642
916 643
930 643
839 644
928 644
205 645
837 646
929 646
815 647
819 648
936 648
983 648
813 649
980 649
901 650
970 650
686 651
983 651
1000 651
957 652
909 653
962 653
976 653
689 654
694 654
825 654
830 654
932 654
973 654
857 655
861 655
913 655
499 656
848 656
826 657
864 658
916 658
854 659
839 661
857 661
865 662
896 662
876 666
891 668
901 668
186 676
554 679
