215
258 637
255 640
212 429
257 634
277 637
256 643
915 612
236 639
902 599
914 609
927 623
467 3
924 599
985 524
217 437
432 13
906 623
218 421
215 441
930 598
450 22
892 600
437 14
952 97
934 602
216 416
894 595
131 551
935 604
901 624
207 420
209 416
896 597
20 69
209 442
206 437
126 283
722 638
217 424
122 422
942 65
129 103
452 383
926 597
985 521
208 426
216 433
425 370
428 14
130 29
433 379
121 442
22 16
892 615
406 370
441 20
136 550
940 621
506 9
127 194
934 627
947 28
21 45
22 14
443 5
959 262
919 2
435 323
921 22
207 433
431 7
888 598
456 384
21 40
955 93
983 561
426 379
447 22
442 56
122 449
22 12
425 275
460 375
21 42
425 2
50 88
407 377
115 169
780 60
452 20
415 370
120 444
418 366
460 7
123 377
949 74
982 508
455 379
922 20
458 15
950 142
119 420
429 367
943 110
888 617
121 516
152 529
951 144
103 523
409 442
2 64
451 2
890 593
118 442
922 58
460 2
943 27
115 171
946 110
118 444
155 492
408 366
423 377
413 370
475 69
422 63
441 8
4 11
154 494
449 7
3 40
421 352
471 72
943 25
982 553
426 330
952 44
119 398
165 121
50 97
442 306
937 622
444 357
420 378
437 53
970 520
456 386
444 20
720 35
379 28
979 506
444 67
925 29
429 329
152 516
44 550
24 71
121 447
41 550
466 41
379 57
439 325
378 25
422 362
417 368
52 93
923 56
1014 49
119 425
949 120
424 363
380 25
466 38
4 9
380 23
936 72
448 374
3 36
419 443
412 359
473 70
455 14
478 70
443 329
1014 57
315 198
208 95
934 74
447 12
411 383
443 16
441 16
460 260
332 147
4 7
451 377
381 180
144 548
436 304
458 388
952 80
632 388
938 601
944 624
426 364
458 11
928 451
382 26
53 91
639 441
318 134
925 124
426 271
374 65
412 365
