388
158 420
297 647
300 648
276 649
321 647
926 611
914 598
938 621
941 597
972 527
917 620
457 9
935 598
166 411
165 429
904 599
296 643
164 426
151 429
162 433
993 357
165 415
151 409
969 98
447 6
993 359
163 406
57 552
908 596
993 355
155 406
153 415
913 622
969 96
154 434
57 159
993 343
944 601
946 603
52 256
995 454
1021 283
969 562
63 58
44 410
979 340
967 53
461 380
152 425
434 365
995 452
302 652
904 613
937 596
437 1
770 638
980 89
42 431
949 618
63 551
995 456
467 3
943 99
997 550
1004 341
971 139
985 519
910 622
999 552
924 25
980 370
979 342
518 2
975 248
944 624
442 375
969 513
43 439
992 339
1004 345
949 152
465 381
46 360
454 8
927 24
969 565
459 7
901 597
450 6
465 383
40 407
412 365
965 511
439 318
928 69
464 378
426 361
931 66
435 376
967 55
455 45
39 513
957 524
991 141
1004 358
948 172
463 1
414 439
489 63
970 88
421 365
331 129
951 82
84 487
437 362
432 325
431 267
457 370
991 337
41 383
981 334
424 365
979 87
948 174
414 358
106 108
82 489
995 269
417 353
932 64
428 269
927 190
900 616
1008 608
372 8
903 593
428 373
945 140
924 63
945 138
925 34
1005 270
41 437
938 420
953 283
989 123
413 372
452 4
925 190
44 130
991 194
932 317
494 60
994 430
940 14
990 334
447 320
79 528
38 429
456 372
980 69
430 357
413 361
107 82
935 332
982 430
953 71
468 380
945 142
467 385
926 45
417 379
435 324
935 330
498 61
744 51
438 364
424 358
450 39
44 132
955 70
804 81
1022 287
492 61
458 374
41 441
950 130
992 202
312 111
449 2
999 333
1005 355
487 30
488 27
946 619
1001 359
469 385
432 375
997 301
965 513
460 54
940 325
447 301
948 65
998 357
426 440
993 237
998 360
18 520
79 514
711 162
420 357
431 372
1005 343
996 209
373 4
977 400
419 378
992 207
431 45
926 43
441 298
471 254
328 128
922 74
950 65
430 367
426 356
375 2
998 355
948 600
1011 341
454 4
999 345
497 381
945 64
930 24
449 352
974 227
947 594
432 358
434 359
438 343
449 312
861 323
946 186
959 62
933 245
926 77
953 285
503 155
983 476
943 93
1010 343
949 81
934 396
511 55
515 2
1009 335
948 156
1011 345
1000 365
925 38
70 549
94 318
943 110
449 314
340 135
937 281
930 295
376 5
958 521
932 395
53 132
240 318
994 234
427 346
1011 400
644 391
969 523
335 155
460 373
243 633
930 389
1004 463
487 396
449 354
953 621
998 234
163 59
953 129
948 552
986 537
436 326
389 168
1017 281
943 91
929 153
936 318
941 56
937 559
362 193
955 112
406 373
925 250
571 158
930 387
506 353
387 37
952 60
948 74
393 45
656 391
469 158
966 530
504 381
369 6
981 372
970 530
38 511
422 371
935 60
72 551
925 40
959 325
386 166
199 131
918 64
733 455
873 366
975 236
946 115
54 137
960 43
953 278
923 15
479 60
1000 270
419 360
759 131
1005 362
269 649
419 365
787 80
380 45
981 71
953 280
224 287
671 444
955 59
1002 558
379 42
959 327
415 382
941 54
1001 297
421 359
549 317
955 57
361 74
516 58
317 8
1008 611
959 368
533 358
1015 465
865 422
477 353
982 589
997 297
1004 428
290 442
999 340
926 60
932 335
479 381
481 445
477 54
39 413
783 446
478 24
451 310
985 515
1005 353
925 252
223 308
917 30
937 416
