337
386 627
382 626
121 386
942 562
408 625
360 628
932 551
952 571
956 549
982 243
934 571
990 240
988 243
950 550
129 380
980 241
128 393
1001 250
129 396
113 396
112 374
131 377
922 552
959 552
1021 251
114 380
127 371
925 548
117 371
930 573
990 295
1021 234
985 233
5 533
996 259
1020 216
960 554
116 402
981 260
977 286
114 392
1019 86
1020 229
487 344
1021 247
921 565
990 297
126 402
491 347
965 256
963 568
953 548
1003 251
981 284
998 259
996 283
977 260
984 295
460 328
990 260
966 259
1019 91
126 400
927 573
1007 254
1004 257
1006 257
977 288
482 333
11 532
446 227
988 299
487 346
985 297
996 285
1021 82
943 78
958 574
1019 69
1019 82
490 341
1001 258
996 287
985 283
983 283
489 332
943 76
919 550
440 316
957 242
991 559
950 129
968 260
451 226
493 344
46 36
1016 40
471 318
828 595
492 349
439 406
451 324
455 337
435 317
921 546
481 336
953 120
918 567
520 11
965 483
949 100
954 311
1021 372
461 339
448 328
943 74
1022 264
484 338
950 118
981 289
961 333
1004 271
987 99
454 286
27 463
449 320
459 339
959 509
735 128
524 14
992 288
30 461
949 120
970 302
966 359
457 286
445 342
458 279
463 328
970 333
524 12
448 335
947 148
961 503
455 320
308 614
983 271
967 571
1018 51
48 7
540 7
968 212
986 288
129 404
54 640
453 319
946 150
471 315
978 270
939 38
452 335
16 529
768 19
446 328
503 145
942 36
949 124
478 339
998 251
963 237
975 251
954 319
26 506
454 407
451 319
1021 65
981 253
1021 67
451 328
445 320
947 45
528 143
989 282
1022 105
456 328
469 282
970 270
457 305
954 272
948 61
944 118
437 321
406 119
468 338
962 212
1020 207
935 7
961 546
988 288
678 356
828 52
945 45
490 671
1021 53
345 49
960 569
674 369
988 559
304 63
24 491
440 247
599 448
345 46
524 345
534 111
994 270
1000 182
337 80
946 327
952 296
607 118
950 452
943 90
458 336
457 321
947 133
949 455
37 272
880 291
533 316
437 346
959 308
456 330
501 4
1007 466
206 452
458 288
1006 390
1005 328
460 322
439 346
437 335
543 9
452 276
523 361
954 93
950 298
460 259
961 254
249 257
942 88
975 254
1010 363
943 94
339 82
317 54
690 356
438 328
512 361
981 270
962 239
950 300
957 303
984 289
322 63
626 540
981 557
531 345
453 329
456 260
756 419
980 559
952 240
980 250
504 345
598 63
713 409
968 420
970 306
953 289
453 327
951 127
960 486
470 274
482 339
1005 268
972 395
970 364
431 253
386 361
878 293
951 289
557 322
404 117
959 506
406 631
536 109
950 255
980 554
497 113
46 34
950 518
572 429
198 264
943 92
353 629
143 461
891 332
536 106
830 53
426 263
957 212
950 368
104 186
1009 301
945 93
947 136
1004 330
806 409
667 412
298 409
949 473
502 316
946 241
523 287
633 548
861 516
1022 101
132 390
998 116
528 411
940 88
452 285
964 272
967 395
568 557
372 17
