443
17 295
772 621
772 618
16 298
8 295
266 431
762 607
266 428
10 297
183 605
785 607
30 308
203 604
765 631
783 633
780 608
7 337
13 289
191 603
191 601
12 313
753 607
16 313
181 607
757 605
13 333
12 337
7 312
423 20
2 375
15 291
3 345
11 291
9 312
426 23
269 437
2 337
433 12
440 42
761 632
14 313
418 54
4 332
7 375
423 18
440 12
440 17
424 22
271 422
788 611
264 437
18 335
789 614
5 343
753 622
408 390
269 419
793 631
7 340
17 338
850 66
208 423
420 18
171 604
10 341
164 479
827 18
24 313
560 631
429 60
196 473
788 636
842 68
866 95
17 333
1014 31
12 343
372 378
387 378
266 419
394 387
831 43
851 525
395 366
826 4
849 475
386 364
841 102
417 391
837 90
207 439
844 101
441 34
854 522
846 424
838 24
838 96
825 2
35 119
429 29
840 9
443 35
854 18
843 327
847 325
832 79
27 313
865 99
843 187
213 303
831 34
416 50
837 77
842 322
217 147
372 384
844 364
861 268
374 373
263 421
387 387
439 9
390 375
841 74
752 601
18 302
837 306
842 319
219 83
417 24
852 113
850 512
750 605
202 473
384 384
378 378
167 494
395 341
848 462
1013 29
849 293
850 57
837 92
852 472
849 54
862 76
427 59
838 310
836 31
413 44
842 324
846 412
221 19
423 59
206 205
853 479
827 47
142 529
445 24
833 35
162 146
427 18
837 19
428 34
826 43
412 391
836 17
229 473
841 280
388 362
844 373
846 329
841 108
837 33
842 315
431 36
833 92
373 443
363 98
862 72
854 21
844 375
410 334
947 632
832 87
9 320
410 366
834 45
855 529
431 15
381 374
862 43
879 535
429 14
212 18
879 538
161 139
850 520
751 625
860 28
206 207
852 477
142 126
473 44
206 425
429 40
393 343
208 474
428 38
840 80
472 42
417 393
839 68
437 48
426 38
432 103
410 319
429 107
378 371
831 453
853 29
850 423
411 103
409 92
340 202
95 71
387 372
437 25
852 429
142 56
345 195
679 76
287 336
842 184
147 32
846 420
376 378
840 268
633 55
841 276
843 95
376 376
790 605
852 563
147 30
854 155
868 365
422 78
850 380
80 43
846 205
848 470
379 443
94 95
210 384
121 100
854 84
857 564
395 292
141 79
424 30
849 374
76 42
390 372
96 46
439 27
412 386
863 101
214 226
400 384
428 10
415 45
403 84
140 104
427 15
843 230
859 100
855 194
441 105
359 112
164 140
379 369
426 29
408 341
163 142
508 16
934 634
384 64
426 42
854 76
434 28
450 103
75 67
847 212
386 66
435 39
857 334
10 327
423 47
205 441
872 540
850 241
844 371
383 377
8 301
850 517
855 147
851 101
856 196
797 635
383 68
852 103
139 124
881 574
437 23
840 266
858 435
422 76
434 52
866 360
831 45
848 114
855 16
866 365
433 38
848 376
442 23
418 30
440 24
850 427
681 76
360 114
856 204
875 391
403 335
863 97
96 120
360 104
836 5
834 219
405 90
389 2
213 16
107 49
442 28
419 384
361 208
848 194
435 23
432 20
855 513
123 52
383 380
860 574
378 92
218 17
853 463
880 576
795 486
208 446
843 280
842 113
841 288
94 118
325 160
428 47
321 169
846 417
834 99
852 289
846 218
286 342
868 358
79 68
824 152
844 368
848 467
852 24
475 28
397 105
465 19
689 464
512 130
841 53
851 413
555 58
18 306
501 448
846 278
78 42
794 122
125 101
218 81
106 73
383 66
325 221
541 395
437 404
322 225
773 2
858 25
171 498
881 566
851 254
93 116
413 99
122 76
855 338
874 575
467 20
845 211
241 161
473 185
301 319
100 20
395 310
734 281
814 387
105 97
147 28
220 17
106 21
816 165
528 315
305 446
428 188
864 27
142 130
644 511
727 319
480 330
735 363
144 32
499 362
875 532
846 284
411 447
431 404
430 104
420 381
831 113
207 402
827 396
