328
486 640
490 640
84 389
464 643
935 548
935 545
512 638
926 538
947 535
943 555
94 382
512 643
465 637
74 400
94 397
929 556
941 537
516 346
95 400
96 378
76 382
491 317
73 376
75 397
917 539
921 536
950 538
92 372
924 558
78 373
917 551
513 344
467 223
79 406
951 540
456 316
954 553
506 335
91 407
463 638
922 559
1006 238
495 317
949 558
472 222
469 223
459 316
488 327
922 30
91 405
71 400
515 340
463 319
459 243
960 214
508 332
468 408
571 11
958 165
71 374
960 239
914 554
143 679
486 338
510 338
516 349
530 140
477 319
962 312
475 327
483 336
958 151
742 135
1012 120
973 314
479 323
967 265
504 339
570 15
381 12
1007 263
1020 237
518 339
1012 337
511 330
968 546
477 327
480 283
969 314
565 2
1011 312
961 263
518 342
1010 287
653 559
473 341
394 631
478 284
510 647
57 641
1013 362
483 408
330 34
479 317
334 44
939 86
466 647
1000 309
975 413
363 31
471 341
482 319
467 317
1002 240
1013 122
1018 401
828 66
1013 387
935 90
700 356
956 555
465 314
484 637
998 240
585 32
966 236
998 260
971 265
245 576
98 394
952 533
693 384
965 219
558 10
477 334
960 207
934 416
461 222
564 110
1013 125
478 303
365 28
489 338
876 295
394 139
1004 289
933 81
999 289
247 461
1005 338
69 403
242 577
419 139
929 178
619 34
506 337
482 636
564 112
495 636
513 339
610 63
866 584
471 319
567 5
773 30
456 323
886 334
646 680
548 345
635 118
961 287
970 384
992 151
557 315
668 543
477 317
942 235
971 413
974 364
547 361
563 115
511 332
970 364
566 109
1001 338
461 346
958 367
656 456
679 539
874 296
445 258
487 321
697 368
240 134
952 228
696 458
1016 207
42 256
694 379
688 546
525 315
428 109
860 507
1006 388
1006 200
491 273
1000 262
1002 388
508 338
830 67
443 333
555 140
584 28
536 361
1001 359
482 228
1002 409
297 43
555 345
699 411
446 271
446 256
94 409
679 517
64 166
594 280
450 249
479 255
380 8
963 337
967 285
367 401
469 317
577 322
483 405
476 257
95 369
391 315
960 217
402 361
491 271
743 407
560 411
502 338
424 315
603 347
1016 409
712 356
611 61
466 327
880 384
810 407
763 417
496 338
474 305
963 386
364 23
413 361
810 382
968 219
1003 340
363 27
362 23
425 106
491 280
428 104
525 107
535 345
210 138
562 119
547 286
314 117
457 338
530 109
1003 4
168 99
312 413
1015 411
133 38
62 166
484 327
786 334
554 286
463 345
963 362
491 269
112 472
181 35
935 441
878 294
428 111
932 213
436 197
686 399
42 254
964 411
685 256
958 154
789 515
480 327
528 345
1003 361
713 411
754 422
971 446
693 382
445 269
452 229
414 345
546 412
864 507
878 383
547 249
605 430
997 6
672 104
682 429
929 183
480 305
534 249
485 315
1008 283
461 335
969 335
494 322
581 399
649 33
386 106
