424
205 642
211 640
210 638
837 645
228 448
226 641
205 645
825 631
848 656
829 655
845 632
430 26
189 641
452 51
851 630
432 28
816 631
443 21
925 560
452 26
452 21
435 32
443 19
428 25
233 456
231 459
234 441
423 61
819 627
426 61
820 629
869 28
825 656
873 15
432 30
77 116
232 436
855 635
437 69
816 646
423 409
1010 80
857 637
154 560
848 630
154 440
431 24
227 436
226 460
81 39
875 56
452 44
900 136
454 45
633 661
905 132
860 654
83 6
81 43
423 32
81 41
152 458
880 109
382 396
78 94
855 660
398 396
224 439
80 69
172 78
161 311
78 90
232 438
406 405
925 557
439 37
224 455
891 103
441 24
169 146
162 503
159 560
892 101
80 66
822 656
399 406
78 92
405 383
430 67
432 403
904 298
232 452
419 61
435 68
438 42
78 5
422 58
412 352
884 304
225 445
232 446
165 230
873 3
893 62
402 393
487 56
815 625
868 58
904 136
418 100
870 57
83 18
889 394
434 47
102 133
870 59
177 11
436 26
389 396
155 207
396 403
426 410
423 101
984 651
1009 78
869 42
877 88
880 114
456 35
812 629
397 379
884 308
884 300
727 102
884 306
154 465
891 442
813 649
78 557
447 34
382 464
886 345
157 399
404 307
901 83
392 393
440 45
889 398
891 445
405 358
914 58
166 519
386 396
446 31
431 53
871 54
402 359
151 438
448 32
438 22
419 336
869 40
394 382
71 115
438 40
155 209
896 58
385 392
420 385
431 410
438 49
912 393
899 111
417 50
432 38
102 141
876 71
29 82
437 18
894 146
880 256
451 113
76 38
886 347
382 402
166 9
440 30
447 117
890 149
437 55
172 76
369 103
875 38
892 94
336 211
857 655
150 456
898 181
888 322
134 533
435 23
150 460
921 597
447 57
454 36
674 78
151 528
426 406
902 132
445 48
415 101
425 112
74 63
444 37
405 110
922 544
423 38
429 410
390 465
72 89
887 351
430 55
396 389
893 494
398 390
170 524
859 635
224 452
872 81
386 6
30 109
75 42
391 397
453 114
88 16
874 115
151 443
88 18
104 137
442 28
173 8
888 390
918 563
900 86
884 296
380 70
862 485
435 60
896 543
864 658
899 236
31 55
388 387
891 96
868 38
895 535
153 418
378 75
898 234
884 340
888 326
428 39
199 162
875 117
830 36
379 72
857 628
894 144
412 102
422 40
422 43
68 66
877 82
442 88
446 54
444 61
441 62
32 29
449 115
877 477
888 353
421 350
385 409
490 40
393 404
313 234
895 119
889 402
73 41
382 72
440 28
890 438
898 238
454 33
884 111
879 244
889 245
462 116
886 343
419 358
898 60
58 89
431 413
580 417
105 135
896 60
442 85
875 49
925 590
429 414
423 45
898 64
433 50
887 15
473 114
451 37
401 390
366 218
450 18
72 93
898 230
27 106
874 69
363 108
133 537
780 344
902 110
887 219
909 387
235 138
422 55
422 403
417 48
878 102
911 386
415 354
388 389
883 187
915 39
454 424
439 25
901 113
168 558
404 356
29 80
529 30
394 398
316 175
902 98
687 156
894 490
420 402
646 190
447 40
173 10
874 27
901 89
584 76
274 331
997 82
857 401
145 550
910 228
897 74
888 324
364 110
454 410
412 403
325 166
266 358
871 162
879 254
897 119
461 383
876 126
390 106
75 16
163 211
451 201
334 189
709 471
835 31
924 236
579 469
41 85
422 401
901 67
665 480
362 117
897 121
891 92
542 471
384 462
44 3
504 200
466 110
880 136
530 153
995 89
872 31
562 140
454 357
73 67
431 42
267 350
88 14
449 36
387 412
405 301
446 425
433 22
922 583
425 206
879 147
871 85
369 219
430 469
571 417
881 132
414 334
912 555
477 30
58 113
898 585
