277
24.4963 35.9583
13.2527 31.915
13.6517 33.8631
13.6964 35.1682
146.005 207.275
365.185 481.704
212.372 421.479
212.15 421.712
211.82 436.572
211.915 436.407
211.742 428.487
433.21 9.57406
433.946 10.7011
438.544 10.4048
696.024 331.12
922.578 386.413
921.816 387.492
926.627 463.573
926.378 463.49
932.046 527.64
117.555 476.24
938.319 579.823
901.717 609.66
927.835 611.238
915.196 610.576
264.601 639.841
264.771 639.825
247.72 636.97
256.178 638.462
256.684 638.366
740.956 547.914
626.376 299.5
281.436 399.288
952.984 9.82229
954.421 7.83656
943.193 12.1269
943.227 11.7947
951.056 110.683
947.769 360.314
937.437 279.558
937.372 260.377
937.769 259.946
930.519 189.272
922.474 48.1039
921.878 40.8063
922.827 54.6478
923.212 56.3645
987.719 577.836
451.067 374.868
451.042 374.538
448.133 374.604
421.124 364.614
422.034 366.171
438.466 355.97
435.654 366.661
435.36 367.444
436.339 367.434
936.36 429.291
936.015 428.91
1019.69 21.0765
425.313 197.729
420.477 321.348
423.971 315.046
424.845 314.117
438.545 316.436
430.222 311.928
430.366 310.413
429.269 309.664
428.617 307.964
429.069 306.663
471.245 266.333
371.981 278.621
16.8399 5.25617
14.2621 5.01742
14.1335 5.20798
14.5889 27.3902
12.7955 25.6716
12.3447 25.7118
14.9894 55.3706
12.2169 54.6514
11.3986 54.2511
12.219 33.9307
23.1282 81.7279
23.3099 81.8929
23.9349 82.2176
24.3461 82.6308
24.625 83.1213
30.6327 79.3846
31.7145 54.2025
109.672 528.251
109.349 528.616
107.955 531.052
67.9271 371.969
458.134 511.557
837.135 554.417
842.291 552.056
893.299 619.918
939.887 625.9
978.834 626.031
978.574 626.232
980.3 627.447
990.687 616.918
1013.17 614.617
946.948 557.72
957.839 547.24
932.236 445.523
961.657 525.749
936.812 412.028
935.824 407.044
929.205 378.163
934.886 406.483
930.554 322.125
930.294 322.411
927.545 267.23
924.68 232.63
923.476 167.889
923.762 167.467
917.085 98.9867
917.373 112.493
923.735 84.4537
923.891 86.7562
927.642 167.725
938.232 376.508
895.72 377.439
937.717 79.2533
938.021 80.8957
934.704 61.5788
933.167 60.5849
932.103 59.6288
932.383 51.4784
934.652 62.6697
956.599 348.95
830.644 351.431
825.499 274.008
741.342 280.315
597.847 452.212
569.861 467.976
569.857 467.03
790.816 412.609
792.435 412.648
810.235 412.034
747.841 412.386
792.196 409.156
692.466 427.229
757.281 445.118
783.766 446.51
824.523 204.726
823.019 205.024
896.167 450.652
775.711 480.372
504.024 444.215
503.522 468.75
503.842 466.821
658.195 330.563
628.822 322.326
629.06 321.767
561.852 259.777
505.527 171.132
419.397 182.805
412.172 266.745
397.669 235.238
455.361 152.613
384.684 308.363
473.344 305.772
331.018 212.042
328.846 211.362
427.954 207.995
482.18 298.673
384.08 229.707
384.492 229.772
385.101 230.036
428.032 394.249
349.062 308.675
348.507 308.568
277.5 347.142
268.966 340.392
521.286 247.276
521.449 246.402
553.322 178.126
553.197 177.555
549.081 164.335
570.11 193.882
571.276 193.648
572.037 193.035
440.438 210.932
554.17 273.925
348.439 372.587
360.133 384.124
470.373 230.14
482.431 214.477
482.852 214.554
483.238 214.67
483.88 215.041
485.313 215.633
546.698 288.558
546.299 285.07
586.504 376.704
586.519 376.934
406.163 99.014
406.201 92.6113
334.493 346.097
576.429 366.215
529.77 327.211
548.759 360.324
547.788 359.968
383.649 405.178
489.714 364.211
378.64 71.5947
378.721 71.5494
482.135 400.92
482.395 401.477
414.886 59.3588
414.355 58.9246
411.541 56.7986
411.291 56.6893
441.607 51.1088
440.424 48.1566
295.914 434.755
246.098 460.251
254.124 457.598
285.904 446.107
235.232 478.106
236.054 477.788
314.915 104.98
260.063 119.608
421.759 484.268
378.746 484.053
371.442 483.891
456.313 52.5794
467.326 50.5
471.084 52.9337
471.434 52.4329
493.595 70.9584
493.776 69.0716
495.147 69.3158
451.648 65.3315
453.196 66.6282
209.739 308.983
401.415 38.0999
455.699 19.9014
456.065 19.4313
457.675 19.0966
458.469 18.084
458.14 18.7619
459.712 18.5297
835.403 479.455
841.334 480.816
935.706 598.184
515.83 558.747
805.829 53.1365
781.48 56.1559
735.56 104.737
461.931 38.3986
757.882 77.7138
708.728 87.3644
503.793 7.74306
734.279 30.6736
671.328 80.7302
614.95 107.684
614.721 107.696
706.839 4.26905
529.591 3.15559
805.767 586.265
619.417 25.5367
912.903 601.894
912.622 601.896
443.821 12.6973
449.857 9.88908
449.217 9.02386
448.689 8.81886
916.257 619.798
916.164 619.895
423.04 364.155
954.29 25.0495
1018.63 66.8889
1018.53 69.9842
1017.58 74.309
