271
109.052 86.2547
102.06 84.2262
109.778 78.2788
102.465 8.50924
116.967 11.7176
106.99 62.9146
226.532 227.506
266.58 428.64
435.201 16.1956
417.159 44.2711
616.191 302.084
814.27 591.786
761.444 617.904
782.835 620.541
772.565 619.479
732.049 591.62
530.639 571.093
18.1187 320.958
17.9542 321.6
18.5322 321.301
187.721 604.192
187.85 604.057
187.061 604.076
187.245 604.221
187.089 604.113
58.5709 672.448
840.722 362.114
854.855 320.723
859.996 208.532
855.972 117.277
856.014 115.887
858.983 182.727
852.742 47.1438
852.806 47.8066
852.919 49.1881
851.473 9.29387
850.38 237.167
839.743 63.7423
840.85 98.7217
829.657 94.9758
829.762 94.9183
829.098 79.7068
826.835 24.3737
826.64 23.4175
872.231 592.022
839.076 10.6861
836.948 269.333
836.953 271.706
836.808 269.35
836.9 268.899
1019.85 41.9542
1019.8 54.5249
1017.41 64.87
824.981 436.537
411.526 382.067
411.521 381.047
386.951 372.889
385.351 373.099
385.603 374.774
405.423 365.341
399.041 374.655
398.209 375.98
828.38 536.438
828.405 538.036
4.52072 320.574
5.82513 320.127
6.025 320.678
389.115 334.245
390.868 329.703
398.554 327.9
399.047 325.916
399.091 324.913
398.914 322.952
398.937 322.577
932.428 631.863
932.16 631.947
931.178 631.747
421.453 283.959
421.803 283.744
355.535 296.236
355.584 296.184
96.1236 128.547
95.7726 128.596
95.9228 128.791
95.7185 129.021
95.3014 129.2
105.299 78.4246
102.095 69.2079
102.122 73.9023
133.319 86.6423
132.964 110.17
102.437 73.1343
86.2519 79.6456
13.6651 306.538
13.701 306.921
12.3816 319.08
12.5448 317.517
5.80292 359.574
11.0592 329.954
11.5166 329.659
11.7599 329.919
14.1979 339.576
435.171 509.77
728.197 561.799
841.171 639.072
864.564 632.828
865.564 633.508
869.868 633.563
838.233 484.225
832.772 390.324
862.617 565.537
867.597 576.16
868.302 576.379
910.946 518.577
853.634 610.343
829.809 337.103
822.633 312.67
818.638 242.883
823.938 168.327
824.461 175.824
808.219 13.8042
808.272 14.2368
821.01 144.528
813.842 167.283
851.633 222.429
841.711 248.75
850.452 200.994
851.131 177.722
853.848 547.147
853.985 547.05
847.344 296.162
846.29 300.749
798.326 350.564
289.757 351.4
387.13 210.152
366.892 252.257
367.332 251.955
401.936 268.126
334.095 236.745
326.041 234.415
430.266 296.069
351.043 322.225
350.774 322.129
470.693 264.181
488.167 198.116
487.979 197.686
508.321 213
509.419 211.927
480.245 188.317
433.418 236.177
433.874 236.647
434.378 237.402
434.51 235.85
350.093 378.434
422.935 251.445
491.235 268.909
492.036 270.552
474.868 339.13
474.902 338.965
373.5 134.081
374.092 128.379
340.476 356.393
340.532 356.526
488.024 301.783
487.087 298.534
487.016 299.188
394.819 399.86
395.337 400.841
399.248 400.563
488.091 369.126
542.562 329.457
527.934 387.818
516.698 384.552
515.026 383.419
506.628 379.404
572.96 337.46
471.162 397.13
439.467 373.422
617.031 333.659
272.779 454.429
648.396 419.62
683.871 420.051
684.745 419.932
697.645 419.885
502.719 455.041
482.832 446.838
482.337 468.691
298.645 157.582
302.968 156.102
657.67 451.621
656.555 451.486
371.204 479.635
330.368 478.884
788.003 119.057
682.782 147.452
712.92 283.671
667.471 289.354
835.774 84.651
846.003 85.5683
846.24 86.0563
846.776 82.0509
847.037 83.1941
449.38 103.524
449.889 103.328
448.022 102.415
449.287 102.04
423.962 88.0242
428.475 87.7876
416.629 101.837
391.657 98.7235
391.813 98.2368
390.396 96.5622
407.414 86.046
766.862 459.036
848.914 396.258
777.756 489.387
719.258 486.904
833.97 68.7448
833.951 54.6564
833.454 47.623
833.553 41.1402
837.681 41.7769
838.318 34.6842
844.417 61.5564
844.063 60.7922
843.909 60.588
643.724 49.7427
438.306 55.1871
436.666 54.7824
437.055 48.5227
437.604 49.4963
437.462 45.9319
438.358 46.0181
703.79 65.5828
681.539 71.3003
689.791 183.648
846.213 346.791
846.099 349.432
845.764 344.507
848.104 344.921
644.009 121.317
847.642 369.166
850.091 446.198
850.242 446.113
849.683 443.513
849.492 417.721
425.243 51.8351
429.104 47.5078
428.939 46.0655
851.635 490.209
852.025 496.217
851.683 493.69
852.376 499.684
431.409 15.7203
428.733 29.7866
770.841 610.484
770.879 610.306
207.41 251.889
208.122 251.4
858.994 62.8616
858.819 62.4879
858.307 55.2572
773.223 628.459
773.055 628.664
1014.2 173.803
1013.54 175.103
1012.47 195.448
112.334 108.954
90.2645 4.95655
136.025 10.2011
117.176 7.98574
