295
35.1089 60.3943
42.7611 69.033
38.332 63.9044
82.8403 69.2073
70.2636 3.31849
69.4361 2.37475
43.6984 54.9943
182.942 193.918
179.289 242.405
228.859 448.087
423.145 52.0329
447.588 23.442
443.134 25.3047
853.151 421.066
148.693 490.89
866.406 622.893
824.971 641.955
849.077 644.096
837.376 643.418
571.301 598.379
683.45 575.629
208.484 641.15
207.551 641.356
208.342 640.996
207.931 641.083
423.573 401.104
423.508 401.245
395.557 391.915
395.561 391.621
396.004 391.22
414.681 383.283
396.415 393.081
409.468 394.01
409.575 394.164
882.348 325.634
880.357 286.669
883.063 297.03
885.291 394.169
885.404 396.102
905.901 23.4416
904.903 30.9452
891.525 29.4939
891.565 29.9206
894.543 89.9606
894.565 90.6565
897.757 148.993
897.898 150.775
902.194 235.001
869.924 70.4918
871.162 96.9073
871.129 99.8874
870.751 91.8073
867.315 13.9608
867.397 13.943
867.171 15.8007
867.295 17.7943
872.237 59.7742
923.46 614.573
876.771 226.772
873.99 462.448
1017.19 89.8071
1014.57 102.973
875.707 202.315
876.669 557.335
876.544 556.327
397.78 350.891
399.499 346.447
399.802 345.598
402.045 343.695
416.149 346.498
407.807 341.942
407.589 340.602
407.115 338.095
973.492 652
971.522 651.414
972.037 651.325
358.393 237.53
440.945 299.282
357.427 309.841
6.16342 9.08725
5.19993 32.8994
18.8819 91.102
79.2335 27.0779
78.9484 26.8271
78.7432 27.0088
47.8341 121.556
49.549 122.03
50.0213 122.325
49.7068 122.576
49.6431 123.006
64.5154 101.129
61.4733 73.8681
77.3499 52.1429
77.0425 52.2462
75.6457 53.0724
75.5956 78.5238
74.8594 76.9934
73.3248 77.8358
73.95 104.588
74.1989 104.095
73.2556 103.056
72.0373 103.586
57.8107 69.0824
52.9146 45.031
48.3519 98.1502
137.971 540.322
90.6973 311.867
211.703 392.231
781.555 585.692
597.708 467.871
817.263 651.719
860.175 659.452
862.981 661.136
902.837 661.434
921.466 655.381
883.609 593.111
899.19 605.655
878.821 410.073
878.728 426.575
878.023 426.849
877.412 371.539
877.511 370.807
871.949 342.689
871.246 343.758
865.451 270.691
868.73 205.422
863.657 135.695
857.714 31.9279
840.028 4.57045
840.765 4.49697
921.768 423.504
909.498 587.81
915.59 597.757
897.769 572.079
909.456 632.03
885.353 120.142
887.32 118.491
859.45 407.262
825.516 411.441
890.248 278.257
576.513 472.219
794.733 385.469
537.353 474.084
542.94 478.289
518.381 470.137
518.216 492.622
887.144 328.403
887.186 327.498
732.696 443.862
692.41 443.064
686.169 442.45
684.126 441.418
700.463 475.169
722.191 477.381
716.515 510.455
888.086 375.449
279.994 372.423
394.158 298.759
398.902 220.68
369.768 337.486
369.871 264.24
370.179 264.336
370.419 263.958
325.252 246.05
429.013 370.529
426.595 369.778
434.237 339.311
408.839 243.68
475.834 206.563
342.793 337.554
342.352 337.289
490.826 280.128
490.153 280.433
516.962 215.025
510.957 203.15
534.791 230.601
535.646 230.281
536.362 229.587
441.651 265.519
341.889 395.828
341.58 396.167
522.958 293.801
580.627 352.205
453.152 250.798
453.778 250.6
454.265 251.251
544.312 404.801
544.248 405.034
329.142 372.299
495.854 357.557
609.068 361.655
386.744 141.911
387.542 136.326
386.173 133.287
534.824 396.191
534.036 400.921
510.769 316.484
510.791 317.708
512.226 389.02
511.635 389.494
402.856 419.302
403.275 420.32
408.178 420.719
368.448 115.408
368.741 115.413
457.363 392.013
457.388 392.497
290.857 454.919
253.012 475.859
279.464 465.626
235.267 493.957
298.128 469.022
655.678 356.233
399.898 105.929
400.371 105.278
398.244 103.382
398.52 102.915
419.94 95.4723
405.63 93.67
322.938 146.776
277.837 160.396
383.912 503.901
345.3 502.881
335.583 502.598
340.684 489.934
771.344 511.023
441.669 97.2909
446.177 98.075
469.983 114.98
468.979 113.887
469.189 113.662
432.384 111.324
805.624 121.297
774.647 307.923
765.007 308.921
825.855 483.781
822.719 483.302
246.663 312.215
878.774 30.4436
879.147 30.7765
884.44 99.9017
883.854 98.9062
883.938 98.4535
880.69 85.0299
461.487 489.71
877.382 14.6714
877.446 13.7552
877.439 12.1176
764.032 22.5415
443.621 66.3351
444.369 64.8796
446.376 59.5728
446.16 60.3744
447.346 57.695
447.055 56.9776
738.044 209.192
699.426 143.093
706.864 118.816
812.286 40.5723
771.93 50.2104
685.876 74.0232
511.503 47.1093
893.096 420.868
579.264 148.168
773.424 89.0017
745.646 95.6893
740.896 96.9674
418.035 21.6476
701.793 10.3322
620.344 32.3874
630.131 121.937
585.373 70.3496
892.568 470.514
892.609 469.962
469.139 3.54001
894.947 520.259
894.703 519.369
894.871 516.887
429.67 39.9069
835.24 634.412
835.495 634.238
432.188 60.6818
432.355 60.0936
437.287 56.4502
437.076 54.8267
436.819 24.5559
437.525 25.4898
838.384 652.261
838.325 652.42
899.312 91.879
900.334 97.6249
1021.99 480.665
1009.74 225.966
80.8197 3.08363
71.3885 2.73638
