271
121.997 377.531
121.325 395.147
121.687 386.164
167.626 310.291
447.268 405.18
690.4 391.266
464.796 453.652
433.324 452.181
455.316 452.101
989.211 375.836
989.839 375.44
993.153 373.013
998.444 333.856
994.867 395.59
993.842 313.427
992.112 313.575
982.875 444.413
984 443.633
993.437 389.859
963.181 404.237
963.387 404.262
963.892 343.634
991.562 210.782
1002.53 232.931
997.742 243.869
999.961 193.086
998.212 230.527
961.44 229.165
967.837 242.929
966.701 245.619
981.438 24.1602
991.749 93.4117
947.574 90.4222
944.579 20.8714
944.622 26.0084
993.63 174.125
991.111 172.392
985.608 89.4068
999.854 268.084
960.537 278.1
960.564 278.067
961.115 281.802
961.433 281.993
961.508 281.757
962.685 303.906
974.787 289.312
974.53 288.726
965.631 289.16
975.161 272.341
737.474 302.945
747.959 265.686
949.766 535.638
930.432 560.171
953.457 560.278
942.011 560.679
828.297 539.292
397.643 627.771
397.317 627.713
397.307 627.404
369.93 625.942
370.343 625.875
370.437 625.949
384.132 626.794
774.075 509.333
590.324 306.421
589.778 307.939
17.9504 540.746
516.94 150.916
454.905 321.222
455.21 323.185
465.318 325.869
465.586 326.959
464.866 326.979
424.853 337.446
457.067 331.288
448.166 336.499
986.696 275.291
986.529 269.619
988.823 269.408
692.973 269.238
454.58 142.406
454.543 143.198
451.858 268.345
451.803 267.906
452.209 266.385
464.757 271.737
455.364 266.082
455.203 264.776
452.415 260.846
451.925 259.822
452.367 257.345
306.931 132.344
453.043 97.0376
230.757 275.8
229.842 276.204
448.517 45.5508
162.075 269.24
200.64 266.837
232.525 268.532
332.936 324.81
490.718 209.499
463.344 199.258
450.395 354.003
450.171 355.366
363.277 212.42
421.036 155.235
482.393 97.8703
462.631 72.3733
319.475 145.122
317.888 147.066
312.737 226.872
564.884 143.913
613.25 223.56
682.324 287.307
558.519 205.989
560.382 201.785
603.86 137.315
605.179 135.977
613.815 157.378
614.958 158.088
444.705 333.412
439.449 159.44
400.761 348.595
509.199 347.249
500.983 13.9395
445.88 24.9225
393.157 20.5737
241.887 365.263
610.625 292.209
302.488 197.107
187.444 282.445
391.13 306.702
382.089 348.958
391.225 364.209
455.745 274.613
566.26 334.34
584.935 323.602
584.964 323.543
373.187 19.2686
395.773 3.23679
517.52 305.196
517.432 305.704
249.918 131.826
517.69 363.495
517.857 364.151
197.264 421.972
269.678 408.424
673.225 467.949
20.7492 526.185
869.674 513.254
883.461 512.546
953.519 482.149
958.733 501.848
984.186 571.745
984.735 571.957
292.296 411.056
294.232 412.802
136.982 241.945
196.979 240.485
114.579 187.409
428.674 535.364
130.285 213.728
143.837 212.309
225.297 119.543
709.548 410.281
708.187 423.098
663.693 416.019
671.911 415.639
635.823 434.091
635.451 433.945
893.789 220.378
864.393 257.282
866.464 259.77
944.221 129.492
944.012 129.382
944.383 146.464
866.031 193.489
754.904 191.78
783.044 88.9445
761.321 277.901
364.487 413.02
440.649 451.32
765.662 124.018
754.211 69.288
784.304 382.651
783.412 382.544
826.552 383.763
827.511 383.912
847.651 381.986
949.832 426.371
926.351 431.306
792.659 413.144
791.204 408.828
541.17 16.9302
541.364 16.1899
541.568 13.7749
542.037 10.9967
493.497 2.4691
836.387 296.053
899.102 289.182
257.814 117.925
595.685 415.479
558.776 409.76
559.081 433.863
519.676 413.596
940.522 63.2501
940.454 59.7141
854.477 49.2102
845.323 49.7973
688.719 226.738
308.993 45.8096
188.461 25.6753
196.259 25.2279
100.261 61.1254
840.003 159.23
700.992 196.326
949.017 385.188
91.6438 10.258
732.011 162.884
926.414 23.7058
783.38 16.8618
583.974 501.503
717.011 56.12
655.485 73.7924
600.739 538.601
623.756 63.2138
940.982 552.783
940.637 552.862
558.569 544.928
558.247 545.007
985.958 254.948
986.886 264.969
986.117 263.623
985.707 263.773
115.377 386.54
126.965 386.434
984.518 183.282
988.379 411.229
1011.63 451.31
982.245 351.137
968.104 116.373
975.361 390.777
974.997 388.148
979.159 168.483
1010.25 379.766
962.569 101.678
963.222 101.636
964.78 101.681
964.669 101.71
963.812 103.363
943.201 568.307
942.726 568.411
1013.92 319.093
1013.48 319.763
1022.27 393.42
1022.23 398.734
1022.07 399.38
1021.85 400.657
1021.3 406.285
456.506 322.727
1021.16 257.466
1021.28 239.967
1021.36 213.144
1021.3 211.962
1020.92 210.78
1019.23 44.0729
1019.33 49.5671
1019.04 39.7659
1020.11 75.6182
1020.87 92.4276
1018.82 46.7039
