298
36.4622 470.74
159.139 412.077
159.012 411.881
158.402 428.126
158.143 428.143
158.697 419.848
444.088 45.7796
926.592 93.8435
926.801 99.9836
926.874 98.8961
926.387 85.6443
713.822 337.301
934.013 285.073
933.263 286.569
967.762 285.651
969.792 331.965
967.586 291.695
960.009 351.738
965.701 232.937
965.049 234.861
961.031 149.163
964.696 297.359
948.787 33.9117
964.405 282.858
965.426 284.815
936.321 349.892
420.823 438.902
389.428 483.455
419.192 481.418
923.888 11.3096
923.706 11.6226
923.603 15.0488
452.593 2.03837
952.639 536.901
940.812 541.737
941.065 542.278
940.281 542.351
245.399 411.833
1001.9 206.623
980.823 34.4331
1009.26 111.925
1000.56 179.013
996.399 221.951
996.186 220.746
1014.22 271.151
1001.2 181.722
1002.32 167.237
1014.99 219.77
1013.53 219.01
1002.82 155.124
995.192 350.236
997.967 349.231
1005.73 420.947
1006.24 423.659
1008.02 430.822
1008.92 436.832
1018.39 353.715
562.511 343.844
941.851 581.806
913.374 608.193
938.365 609.13
926.163 608.733
658.545 578.188
811.533 583.338
752.47 549.693
309.366 649.004
309.414 648.869
309.702 648.713
287.096 646.086
286.908 646.033
298.535 647.466
53.0806 556.302
487.172 195.811
434.298 187.725
422.554 373.238
431.547 358.073
432.685 359.506
456.388 371.499
441.812 362.677
441.912 363.387
442.243 363.449
436.887 366.834
425.541 314.561
428.503 309.301
430.39 307.81
430.82 307.351
444.092 310.649
435.174 305.723
435.375 304.48
432.848 301.021
432.971 300.157
434.119 297.095
372.175 267.904
26.0192 526.982
23.3726 528.284
79.0786 547.857
851.221 555.989
943.847 560.921
944.676 561.099
946.784 556.815
939.323 523.159
977.107 621.678
977.702 622.301
977.893 622.091
989.018 613.247
993.112 610.141
1007.5 568.946
994.901 503.49
997.1 510.258
996.837 473.987
949.244 623.06
944.898 624.054
905.188 618.009
898.657 618.447
278.467 557.637
927.406 490.148
207.66 474.609
227.029 452.552
266.77 441.129
199.341 429.549
271.684 428.654
213.889 374.044
251.793 333.904
332.109 364.221
414.175 257.778
431.257 390.69
407.446 190.092
407.346 193.918
357.178 256.751
385.705 217.503
386.343 218.065
494.61 295.289
319.893 195.284
334.498 298.457
347.587 154.298
465.529 144.88
452.534 111.279
523.921 165.612
536.891 184.88
582.057 259.798
651.476 324.585
575.296 177.284
588.455 195.205
589.406 194.786
560.535 288.221
534.813 244.878
677.445 337.383
603.454 358.504
500.734 208.335
421.818 84.1214
421.725 77.6947
542.738 326.051
541.365 370.122
562.176 360.219
378.366 345.081
308.546 236.665
491.786 399.279
491.814 399.836
420.874 43.2598
419.789 40.7752
419.213 40.5156
384.184 52.5075
384.969 53.4999
383.954 53.8031
377.604 58.1446
383.607 41.2823
724.47 335.434
666.993 446.331
182.029 261.552
631.618 450.634
596.611 444.935
595.35 469.655
594.962 469.499
848.25 484.456
860.576 511.57
441.326 484.03
396.891 483.108
907.374 458.159
227.346 90.6888
227.416 90.5689
821.663 455.394
794.743 452.357
604.429 432.455
762.019 418.541
761.445 418.392
806.626 419.915
825.969 420.004
829.185 419.64
935.29 420.564
931.231 326.207
933.127 326.982
557.24 450.373
523.667 443.828
522.953 444.526
486.508 447.867
275.573 171.814
486.905 39.8409
486.726 40.6557
489.302 45.3248
514.801 64.1007
514.292 61.7362
514.949 61.2697
467.873 53.5836
469.477 54.7676
456.044 39.349
455.8 35.8337
456.229 31.8
460.784 7.85014
461.223 8.51159
460.308 9.7259
460.387 10.3633
705.901 431.691
709.521 429.835
855.932 288.175
843.686 288.656
927.452 266.697
919.509 265.603
873.777 250.18
936.296 157.207
937.661 110.747
936.197 165.385
922.392 105.587
922.313 104.437
926.721 220.981
935.411 93.985
934.484 85.9765
935.363 83.9273
930.448 43.359
815.177 222.471
929.93 10.9913
759.291 290.297
920.789 52.4712
920.638 50.1877
917.047 44.5533
915.233 44.6523
900.911 49.4197
853.892 34.7433
759.005 47.7835
759.265 119.763
730.063 101.582
752.974 99.1539
833.345 75.6023
822.712 76.9578
816.563 188.523
183.458 55.1435
149.262 127.215
147.598 127.609
396.624 20.2231
379.614 21.9854
388.12 1.94786
482.805 27.3193
482.558 27.1975
708.461 196.479
472.909 575.528
693.834 91.0309
845.26 6.48214
837.347 5.02168
555.759 560.923
820.294 586.837
632.858 112.23
606.785 103.971
734.497 18.2225
640.476 31.1067
578.68 15.5349
924.3 600.79
924.769 600.785
1015.55 494.795
450.739 1.47562
450.782 1.79892
1013.95 461.277
927.001 617.297
927.446 617.512
1010.43 330.404
1009.78 330.313
430.873 359.61
430.834 359.282
1012.36 395.546
1014.75 418.829
1013.25 419.39
1013.49 411.171
1012.59 399.516
1005.22 122.655
1004.08 123.274
1005.68 125.546
1006.38 138.339
1006.45 137.888
1006.77 137.437
1005.99 137.274
1011.51 287.91
1009.02 265.962
1008.45 265.876
1009.08 288.883
1008.95 269.884
1010.94 217.393
1008.85 217.984
1007.59 193.067
1007.41 193.099
1007.37 213.402
