264
85.2467 379.412
84.8492 399.171
85.2813 388.857
115.366 184.162
193 325.299
476.58 406.823
479.832 456.146
492.634 455.348
498.967 453.66
977.556 344.91
983.455 397.363
983.792 396.944
1016.35 283.539
994.599 363.665
1004.46 320.4
988.603 264.763
991.987 266.111
980.289 248.49
981.144 298.124
985.126 202.432
941.485 44.4949
979.128 115.533
975.633 97.6368
1016.14 134.74
1016.85 132.92
992.995 314.1
936.056 275.252
968.425 425.41
745.856 304.05
758.164 266.86
758.157 269.131
712.25 378.5
925.039 546.53
944.831 545.458
935.052 546.114
901.97 545.332
734.974 539.983
541.472 553.915
503.746 640.529
503.294 640.489
502.862 640.402
472.696 640.372
473.055 640.445
473.635 640.3
488.307 640.352
551.809 4.01781
480.374 320.251
489.972 325.155
489.701 325.155
490.396 326.22
611.544 306.839
633.447 115.429
635.157 117.554
476.56 335.619
473.682 336.09
473.188 337.26
544.924 147.5
545.451 148.601
204.339 545.142
717.723 268.904
718.716 270.144
475.814 135.488
475.856 136.06
475.119 14.4724
473.793 264.523
474.398 263.056
474.35 263.241
485.595 268.988
476.834 263.496
474.421 259.266
471.741 255.943
314.394 117.353
477.499 95.4883
228.429 269.393
226.935 270.687
406.502 128.256
474.007 88.4617
475.884 88.1772
472.898 34.885
478.635 35.8257
57.0239 25.2661
54.7076 25.4823
145.999 23.7285
206.914 98.4604
85.799 109.777
371.225 204.617
315.13 158.924
453.002 210.915
472.748 147.088
471.007 354.856
466.632 355.735
588.606 143.444
698.864 286.166
310.721 337.563
279.711 347.976
471.848 332.594
471.57 332.615
603.554 250.228
323.35 284.344
577.475 204.329
623.426 134.183
625.855 132.214
629.625 126.445
633.107 155.744
633.815 155.533
630.195 292.39
458.921 152.564
647.61 342.826
397.25 324.875
396.749 325.346
544.526 11.609
544.189 11.5914
473.09 15.1139
400.915 11.5508
461.261 14.0403
530.173 266.354
239.888 364.619
397.756 348.227
407.678 304.089
407.555 304.494
231.776 541.405
729.328 467.962
731.189 459.344
141.31 474.433
694.784 514.784
588.653 508.848
576.833 269.614
162.563 275.02
552.427 295.354
604.621 325.153
604.549 322.797
604.613 323.08
589.119 335.725
589.581 340.356
386.734 5.76843
182.762 257.691
132.109 258.592
110.347 228.579
175.321 229.153
51.0821 510.99
787.21 260.948
530.853 325.072
530.65 325.259
86.665 403.274
280.011 436.887
280.302 435.849
280.209 412.23
268.097 241.31
541.052 304.4
541.065 305.17
306.488 414.847
308.447 416.131
308.174 416.691
541.761 363.945
541.756 364.349
476.253 271.387
476.358 270.557
96.1268 197.936
92.3887 197.998
103.945 193.84
564.418 8.01562
96.6854 168.97
383.292 543.711
753.341 298.851
754.278 299.011
721.361 546.263
722.232 548.242
789.892 502.1
866.591 504.037
938.563 432.282
937.945 424.861
938.613 418.901
935.834 420.881
768.716 280.959
916.732 556.568
969.548 555.968
81.7659 267.215
860.534 262.254
576.564 551.75
437.348 409.197
358.795 409.457
359.046 410.703
829.142 382.477
789.972 381.453
785.485 381.007
839.715 414.199
800.625 411.006
863.887 432.405
759.665 196.568
862.265 202.036
802.468 168.344
240.433 96.7659
887.753 228.19
706.504 199.748
739.575 409.548
738.164 421.239
695.57 414.897
694.811 415.223
705.014 414.161
668.168 433.362
628.844 415.391
622.545 417.886
590.838 410.557
592.209 433.49
590.961 433.337
541.759 415.198
552.269 414.593
759.935 78.3934
301.986 24.695
847.064 65.2088
808.894 60.1482
899.75 97.3471
11.6038 419.514
898.389 166.621
725.292 63.7036
666.201 76.8263
699.525 79.5199
863.618 1.6911
870.532 2.47081
817.265 2.8335
634.196 513.41
639.427 67.0094
645.263 547.044
644.67 546.387
644.457 546.447
719.466 537.264
77.6382 389.556
77.4494 389.739
933.72 539.223
933.954 539.124
91.9033 389.258
91.6493 389.429
935.668 87.4712
935.72 89.1943
937.212 109.426
935.984 553.554
935.967 553.757
985.973 328.076
979.009 310.945
990.962 402.669
991.965 436.775
989.987 376.832
979.302 360.331
986.878 277.461
977.009 261.901
983.693 253.715
983.597 278.761
989.802 225.08
991.462 204.687
988.472 220.116
988.727 219.498
483.75 321.02
973.341 151.724
973.729 151.529
974.041 151.878
975.244 158.037
974.063 151.829
974.073 152.422
1017.02 121.468
1016.57 121.096
1016.04 121.042
976.637 163.924
978.334 163.568
977.408 163.417
