4543
474 31
640 31
801 31
939 31
949 31
223 32
235 32
317 32
648 32
924 32
965 32
328 33
416 33
452 33
478 33
746 33
872 33
163 34
480 34
631 34
864 34
427 35
461 35
520 35
623 35
412 36
616 36
634 36
639 36
960 36
302 37
200 38
329 38
387 38
479 38
635 38
450 39
565 39
600 39
966 39
248 40
452 40
822 40
933 40
962 40
576 41
588 41
600 41
928 41
246 42
379 42
403 42
412 42
469 42
925 42
960 42
523 43
596 43
805 43
257 44
392 44
422 44
455 44
139 45
380 45
431 45
452 45
538 45
549 45
740 45
352 46
402 46
414 46
926 46
332 47
358 47
523 47
550 47
200 48
372 48
392 48
538 48
378 49
528 49
687 49
523 50
554 50
741 50
839 50
847 50
966 50
331 51
464 51
487 51
745 51
514 52
522 52
941 52
197 53
510 53
672 53
737 53
960 53
967 53
291 54
461 54
477 54
616 54
691 54
731 54
955 54
297 55
485 55
512 55
304 56
597 56
967 56
422 57
484 57
939 57
956 57
63 58
487 58
511 58
514 58
696 58
724 58
941 58
162 59
391 59
478 59
924 59
317 60
494 60
583 60
716 60
936 60
950 60
954 60
961 60
492 61
498 61
764 61
918 61
932 61
945 61
958 61
513 62
516 62
521 62
927 62
490 63
508 63
557 63
645 63
654 63
924 63
641 64
929 64
932 64
961 64
963 64
347 65
497 65
607 65
949 65
509 66
627 66
632 66
862 66
980 66
517 67
549 67
604 67
767 67
718 68
724 68
945 68
964 69
218 70
606 70
617 70
929 70
950 70
954 70
339 71
243 72
363 72
368 72
646 72
773 72
981 72
336 73
848 73
921 73
345 74
348 74
364 74
713 74
838 74
841 74
948 74
952 74
337 75
361 75
524 75
554 75
574 75
654 75
858 75
178 76
425 76
140 77
339 77
543 77
815 77
360 78
486 78
741 78
926 78
515 79
595 79
622 79
862 79
951 79
523 80
612 80
736 80
808 80
293 81
712 81
765 81
780 81
785 81
940 81
950 81
301 82
452 82
804 82
861 82
447 83
136 84
806 84
952 84
432 85
617 85
954 85
971 85
422 86
643 86
620 87
630 87
717 87
976 87
981 87
288 88
303 88
408 88
513 88
403 89
949 89
960 89
964 89
342 90
706 90
713 90
759 90
801 90
219 91
223 91
242 91
245 91
570 91
799 91
943 91
970 91
962 92
662 93
695 93
968 93
698 94
803 94
943 94
357 95
560 95
654 95
665 95
949 95
303 96
355 96
459 96
477 96
638 96
755 96
922 96
944 96
968 96
472 97
575 97
802 97
183 98
761 99
908 99
969 99
590 100
802 100
940 100
943 100
597 101
602 101
606 101
581 102
589 102
611 102
899 102
937 102
335 103
895 103
955 103
957 103
577 104
602 104
933 104
950 105
319 106
333 106
610 106
729 106
772 106
938 106
941 106
955 106
217 107
692 107
701 107
933 107
683 108
732 108
766 108
949 108
334 109
942 109
643 110
865 110
878 110
313 111
573 111
785 111
947 111
954 112
943 113
630 114
923 114
605 115
622 115
802 115
807 115
951 115
809 116
216 117
314 117
989 117
947 118
201 119
607 119
794 119
310 120
319 120
798 120
758 121
173 122
319 122
587 122
754 122
933 122
950 122
231 123
990 123
743 124
779 124
167 125
582 125
750 125
952 125
710 126
327 127
782 127
860 127
310 128
131 129
331 129
950 129
664 130
780 130
928 130
954 130
957 130
103 131
199 131
760 131
783 131
989 131
320 132
641 132
45 133
52 133
328 133
631 133
738 133
752 133
989 133
991 133
335 134
338 134
745 134
53 135
407 135
940 135
600 136
608 136
341 137
945 137
970 137
283 139
285 139
301 139
638 139
971 139
928 140
939 140
944 140
969 140
276 141
298 141
991 141
540 142
928 142
948 142
267 143
970 143
260 144
927 144
295 145
661 145
923 146
928 146
173 147
197 147
562 147
357 148
502 148
539 148
557 148
916 148
927 148
222 149
595 149
701 149
923 149
959 149
215 150
340 150
727 150
504 151
507 151
560 151
679 151
789 151
807 151
340 152
828 152
831 152
950 152
359 153
715 153
929 153
775 154
336 155
503 155
578 155
735 155
779 155
515 156
557 156
715 156
722 156
775 156
929 156
948 156
295 157
488 157
573 157
477 158
484 158
571 158
678 158
723 158
948 158
57 159
361 159
474 159
489 160
502 160
486 161
555 161
571 161
948 161
168 162
468 162
713 162
506 163
602 163
632 163
701 163
819 163
830 163
146 164
134 165
140 165
474 165
496 165
502 165
510 165
614 165
166 166
387 166
479 166
486 166
628 166
740 166
333 167
378 167
476 167
607 167
324 168
342 168
369 168
389 168
509 168
649 168
295 169
307 169
329 169
355 169
373 169
471 169
954 169
614 170
941 170
111 171
167 171
182 171
211 171
216 171
362 171
948 171
266 172
283 172
352 172
356 172
370 172
386 172
509 172
252 173
254 174
332 174
370 174
492 174
508 174
913 174
949 174
386 175
480 175
560 175
599 175
356 176
359 176
365 176
371 176
381 176
490 176
495 176
566 176
681 176
928 176
241 177
348 177
503 177
847 177
167 178
211 178
219 178
480 178
841 178
852 178
306 179
886 179
946 179
183 180
187 180
357 180
841 180
305 181
310 181
475 181
302 182
307 182
926 182
624 183
833 183
163 184
278 184
339 184
475 184
639 184
221 185
292 185
365 185
379 185
740 185
831 185
251 186
301 186
307 186
375 186
497 186
843 186
943 186
131 187
153 187
268 187
275 187
368 187
387 187
505 187
743 187
946 187
366 188
830 188
836 188
471 189
474 189
637 189
780 189
926 189
930 189
742 190
361 191
383 191
500 191
566 191
758 191
363 193
655 193
785 193
664 194
755 194
764 194
155 195
401 195
737 195
743 195
506 196
623 196
641 196
391 197
720 197
360 198
415 198
680 198
721 199
724 199
385 200
504 200
685 200
695 201
272 202
385 202
420 202
462 202
786 202
408 203
663 203
667 203
955 203
638 204
151 205
390 205
411 205
622 205
625 205
631 205
658 205
876 205
258 206
248 207
529 207
660 207
926 207
467 208
955 208
158 209
463 209
382 210
389 210
429 210
931 211
314 213
162 214
387 214
154 215
407 215
926 215
955 215
543 218
960 220
262 221
432 221
441 221
443 221
428 222
724 222
861 222
955 222
177 223
260 223
473 223
435 224
437 224
452 224
779 224
820 224
926 224
932 224
970 224
974 224
447 225
454 225
469 225
296 226
765 226
795 226
845 226
947 226
425 227
427 227
431 227
449 227
969 227
972 227
400 228
418 228
724 228
948 228
312 229
402 229
976 229
451 230
456 230
661 230
930 230
939 230
974 230
251 232
273 232
458 232
416 233
463 233
941 233
312 234
414 234
936 235
199 236
219 236
223 236
277 236
339 236
460 236
594 236
938 236
971 236
212 237
409 237
599 237
463 238
151 239
413 239
951 239
971 239
193 240
190 241
761 241
936 241
130 242
533 242
111 243
115 243
469 243
647 243
936 243
465 246
933 246
951 246
975 246
311 247
403 247
816 247
975 248
555 249
759 249
860 249
952 249
967 249
922 250
926 250
936 251
963 251
924 252
975 252
315 253
471 253
758 253
856 253
450 254
543 254
271 255
52 256
556 256
286 257
786 257
219 258
222 258
444 258
455 258
762 258
210 259
435 259
437 259
339 260
553 260
785 260
685 261
205 262
531 262
715 262
784 262
466 263
710 263
718 263
431 264
787 264
662 265
624 266
630 266
950 266
135 267
391 267
430 267
958 267
786 268
354 269
428 269
527 269
801 269
592 270
869 270
917 270
948 270
342 273
442 274
944 274
959 274
962 274
419 275
560 275
942 276
936 277
952 278
432 279
740 279
937 279
942 280
953 280
788 281
938 281
279 282
260 283
953 283
266 284
560 284
959 284
937 285
949 285
224 286
809 286
869 287
926 287
928 287
329 288
716 288
719 288
746 288
937 288
501 289
481 290
499 290
721 290
913 290
177 291
484 291
497 291
783 291
790 291
732 292
946 292
135 293
743 293
861 293
331 294
414 294
490 294
688 294
736 294
135 295
328 295
429 295
630 295
930 295
372 296
383 296
744 296
412 297
376 298
425 298
497 298
442 299
477 299
504 299
957 299
410 300
263 301
437 301
556 301
705 301
746 301
766 301
957 301
303 302
392 302
447 302
658 302
951 302
270 303
366 303
438 303
444 303
374 304
385 304
659 304
425 305
655 305
938 305
946 305
651 306
961 306
448 307
654 307
303 308
966 308
223 309
745 309
767 309
943 309
127 310
339 310
451 310
563 310
959 310
135 311
220 311
329 311
359 311
422 311
431 311
922 311
185 312
559 313
747 313
751 313
961 313
181 314
495 314
732 314
743 314
939 314
126 315
224 315
235 315
449 315
631 315
687 315
165 316
435 316
561 316
581 316
922 316
948 316
959 316
382 317
549 317
555 317
568 317
862 317
95 318
239 318
439 318
932 318
936 318
954 318
945 319
445 320
706 320
746 320
237 321
426 321
429 321
450 321
492 321
744 321
806 321
952 321
966 321
413 322
434 322
864 322
929 322
958 322
961 322
223 323
333 323
432 323
935 323
237 324
437 324
491 324
742 324
746 324
854 324
858 324
861 324
955 324
339 325
343 325
449 325
479 325
486 325
497 325
846 325
940 325
950 325
959 325
318 326
328 326
433 326
482 326
863 326
158 327
378 327
439 327
442 327
444 327
477 327
495 327
223 328
390 328
768 328
775 328
804 328
876 328
961 328
974 328
314 329
367 329
374 329
681 329
760 329
950 329
955 329
723 330
742 330
754 330
935 330
938 330
300 331
699 331
927 331
733 333
979 333
219 334
789 334
816 335
936 335
449 336
528 336
568 336
932 336
981 336
990 336
558 337
566 337
225 338
669 338
985 338
992 338
358 339
434 339
447 339
569 339
572 339
496 340
950 340
978 340
439 341
448 341
487 341
572 341
659 341
491 342
938 342
437 343
946 343
980 343
209 344
216 344
378 344
383 344
443 344
574 344
969 345
184 346
193 346
428 346
433 346
550 346
439 347
570 347
576 347
447 348
557 348
559 348
201 349
554 349
214 351
344 351
444 351
450 351
454 352
730 352
328 353
496 353
506 353
726 353
932 353
963 353
417 354
421 354
423 354
477 354
557 354
578 354
953 354
992 354
197 355
365 355
382 355
391 355
419 355
429 355
485 355
498 355
504 355
548 355
576 355
970 355
426 356
914 356
372 357
384 357
429 357
445 357
592 357
931 357
992 357
414 358
418 358
425 358
344 359
433 359
533 359
728 359
46 360
424 360
445 360
953 360
427 361
588 361
777 361
811 361
949 361
307 362
357 362
436 362
529 362
537 362
552 362
754 363
414 364
424 364
429 364
725 364
343 365
412 365
421 365
678 365
769 365
774 365
780 365
820 365
311 366
435 366
487 366
761 366
873 366
957 366
202 367
432 367
685 367
980 367
427 368
757 368
959 368
805 369
846 369
412 370
467 370
494 370
629 370
866 370
880 370
980 370
227 371
381 371
421 371
438 371
448 371
457 371
461 371
489 371
601 371
631 371
414 372
431 372
443 372
956 372
425 373
449 373
464 373
657 373
952 373
980 373
210 374
230 374
281 374
300 374
406 374
427 374
431 375
443 375
456 375
599 375
602 375
866 375
960 375
237 376
414 376
464 376
964 376
301 377
436 377
466 377
468 377
491 377
189 378
197 378
407 378
418 378
439 379
457 379
462 379
466 379
553 379
104 380
140 380
297 380
400 381
419 381
497 381
504 381
932 381
414 382
462 382
479 382
486 382
759 382
762 382
825 382
41 383
90 383
367 383
373 383
383 383
389 383
422 383
447 383
465 383
469 383
482 383
500 383
507 383
557 383
568 383
937 383
964 383
370 384
386 384
459 384
477 384
495 384
933 384
328 385
381 385
391 385
806 385
951 385
338 386
398 386
418 386
471 386
758 386
809 386
899 386
645 387
929 387
763 389
938 389
355 390
357 390
719 390
753 390
755 390
809 390
876 390
393 391
655 391
698 391
701 391
548 392
645 392
929 392
692 393
345 394
961 394
597 395
610 395
933 395
294 396
305 396
872 396
976 396
254 397
487 397
497 397
655 397
913 397
373 398
382 398
932 398
955 398
966 398
378 399
491 399
977 400
660 401
121 402
257 402
953 403
978 403
182 404
190 404
257 404
641 404
955 404
153 406
165 406
40 407
156 407
163 407
968 407
152 408
165 408
981 408
168 409
358 409
43 410
153 410
229 410
165 411
40 412
925 412
114 413
223 413
819 413
938 413
915 414
634 415
730 415
864 415
934 415
937 415
943 415
968 415
153 416
164 416
940 416
158 417
227 417
725 417
851 417
113 418
185 418
815 418
939 418
955 418
161 419
155 420
632 420
785 420
938 420
739 421
743 421
863 421
748 422
866 422
158 423
672 423
739 423
860 423
153 424
163 424
168 424
955 425
791 427
968 427
39 428
935 428
152 429
164 429
954 429
149 430
620 430
982 430
41 431
725 431
730 431
962 431
338 432
693 432
723 432
746 432
155 433
161 433
478 433
826 433
39 434
152 434
522 434
682 435
834 435
164 436
212 437
417 437
942 437
219 438
257 438
40 439
42 439
316 439
337 439
414 439
686 439
378 440
399 440
426 440
208 441
244 441
443 441
464 441
41 442
289 442
303 442
511 442
534 442
693 442
168 443
221 443
348 443
363 443
582 443
957 443
254 444
278 444
413 444
427 444
607 444
658 444
669 444
671 444
698 444
238 445
292 445
338 445
495 445
684 445
124 446
295 446
375 446
400 446
549 446
565 446
673 446
784 446
202 447
440 447
467 447
624 447
641 447
691 447
955 447
40 448
155 448
166 448
491 448
508 448
675 448
748 448
132 449
189 449
487 449
536 449
554 449
561 449
579 449
753 449
784 449
957 449
610 450
340 451
629 451
637 451
657 451
746 451
488 452
223 453
688 453
470 454
201 455
266 455
280 455
539 455
700 455
239 456
325 456
340 456
800 456
936 456
404 457
614 457
787 457
840 457
254 458
260 458
271 458
278 458
386 458
436 458
539 458
313 459
319 459
337 459
421 459
454 459
470 459
730 459
927 459
946 459
375 460
540 460
691 460
720 460
983 460
400 461
521 461
722 461
440 462
446 462
467 462
594 462
612 462
219 463
508 463
515 463
815 463
255 464
276 464
529 464
535 464
669 464
691 464
723 464
934 464
200 465
315 465
579 465
587 465
602 465
844 465
195 466
336 466
377 466
610 466
936 466
657 467
665 467
934 467
442 468
238 469
812 469
157 470
510 470
534 471
582 472
816 472
452 473
609 473
685 473
659 474
813 474
955 474
171 475
366 476
983 476
730 477
173 478
189 478
362 478
773 478
814 478
734 479
185 480
724 480
752 480
936 480
88 481
118 481
137 481
709 482
726 482
732 482
776 482
183 483
284 483
757 484
936 484
880 485
917 485
98 486
810 486
817 486
892 486
84 487
128 487
156 488
959 488
82 489
139 489
160 489
167 489
175 489
841 489
847 489
746 490
759 490
142 491
704 491
763 491
828 491
890 492
765 494
771 494
959 494
769 496
945 496
79 499
796 499
952 499
581 500
797 501
79 502
771 503
759 504
957 504
31 505
684 506
880 506
34 507
890 507
958 508
735 510
738 510
744 510
756 510
841 510
750 511
763 511
871 511
966 511
729 512
34 513
79 513
733 513
847 513
969 513
39 514
938 514
966 514
188 515
627 516
636 516
726 516
894 516
897 516
33 517
801 517
172 518
571 518
986 519
565 520
958 520
971 521
558 522
968 522
985 522
971 523
242 524
944 524
957 524
217 525
266 525
551 525
566 525
964 525
283 526
604 526
906 526
947 526
950 526
270 527
609 527
734 527
972 527
79 528
82 528
246 528
256 528
545 528
731 528
958 528
723 529
279 530
347 530
524 530
653 530
660 530
967 530
971 530
553 531
571 531
628 531
78 532
484 532
492 532
635 532
576 534
96 535
377 535
624 535
667 535
717 535
639 536
387 537
720 537
960 537
987 537
609 538
94 539
546 539
481 540
726 540
699 541
80 542
611 542
950 542
219 543
268 543
624 543
731 543
554 544
844 544
77 545
509 546
615 546
886 546
952 546
545 547
71 548
459 548
740 548
746 548
465 549
526 549
755 549
763 549
956 549
485 550
72 551
185 551
305 551
739 551
958 551
58 552
62 552
213 552
220 552
553 552
610 552
797 552
947 552
967 552
42 553
231 553
364 553
421 553
576 553
905 553
33 554
373 554
496 554
518 554
669 554
750 554
791 554
809 554
909 554
450 555
452 555
480 555
560 555
654 555
940 555
949 555
187 556
256 556
265 556
571 556
671 556
785 556
794 556
823 556
900 556
215 557
961 557
292 558
416 558
488 558
555 558
698 558
748 558
949 558
322 559
572 559
842 559
848 559
884 559
931 559
762 560
782 560
881 560
855 561
964 561
33 562
296 562
627 562
636 562
760 562
887 562
968 562
364 563
479 563
699 563
42 564
45 564
308 564
373 564
462 564
557 564
965 564
844 565
941 565
963 565
969 565
198 566
403 566
466 566
68 567
416 567
506 567
468 568
492 568
565 568
258 569
484 569
546 569
471 570
559 570
967 570
215 571
148 572
526 572
940 572
580 573
253 574
584 574
268 575
318 575
509 575
972 576
706 577
261 578
363 578
365 578
453 578
512 578
585 578
591 578
716 578
372 579
480 579
495 579
975 579
87 580
589 580
969 580
979 580
79 581
83 581
359 583
585 583
975 583
813 584
201 585
376 585
493 585
818 585
368 586
484 586
821 586
420 587
692 587
485 588
816 588
829 588
987 588
946 589
982 589
964 591
590 594
903 594
905 594
983 594
943 595
947 595
909 596
963 596
988 596
901 597
941 597
903 598
915 598
933 598
945 600
948 600
976 600
905 601
981 602
946 603
756 606
978 606
925 607
432 608
988 608
923 609
929 609
980 610
926 612
903 614
907 614
986 614
606 615
901 615
973 616
434 618
947 619
950 619
918 620
937 620
451 621
953 621
970 621
910 622
913 622
971 624
796 625
929 626
949 626
970 626
806 627
803 628
979 628
243 633
770 638
294 643
369 643
640 643
284 644
300 645
307 645
309 645
296 646
320 647
325 647
334 647
273 648
276 648
269 649
301 649
298 650
200.4 37.2
301.2 37.2
328.8 38.4
386.4 38.4
470.4 38.4
804 38.4
451.2 39.6
822 39.6
924 39.6
108 40.8
416.4 40.8
576 40.8
598.8 40.8
927.6 40.8
932.4 40.8
244.8 42
270 42
367.2 42
379.2 42
469.2 42
248.4 43.2
300 43.2
454.8 43.2
804 43.2
138 44.4
256.8 44.4
391.2 44.4
430.8 44.4
451.2 44.4
481.2 44.4
414 45.6
520.8 45.6
199.2 46.8
358.8 46.8
433.2 46.8
740.4 46.8
925.2 46.8
372 48
378 48
421.2 48
537.6 48
553.2 49.2
686.4 49.2
966 49.2
331.2 50.4
463.2 50.4
378 51.6
745.2 51.6
940.8 51.6
196.8 52.8
460.8 52.8
672 52.8
736.8 52.8
960 52.8
966 52.8
376.8 54
476.4 54
691.2 54
484.8 55.2
512.4 55.2
597.6 55.2
938.4 56.4
956.4 56.4
966 56.4
513.6 57.6
62.4 58.8
162 58.8
477.6 58.8
522 58.8
850.8 58.8
936 58.8
940.8 58.8
316.8 60
494.4 60
715.2 60
949.2 60
954 60
498 61.2
516 61.2
762 61.2
944.4 61.2
957.6 61.2
490.8 62.4
513.6 62.4
520.8 62.4
525.6 62.4
261.6 63.6
640.8 63.6
652.8 63.6
922.8 63.6
928.8 63.6
960 63.6
931.2 64.8
948 64.8
508.8 66
548.4 66
511.2 67.2
517.2 67.2
603.6 67.2
766.8 67.2
360 68.4
963.6 68.4
210 69.6
218.4 69.6
606 69.6
928.8 69.6
338.4 70.8
867.6 70.8
952.8 70.8
242.4 72
350.4 72
920.4 72
981.6 72
344.4 73.2
709.2 73.2
712.8 73.2
360 74.4
363.6 74.4
524.4 74.4
573.6 74.4
764.4 74.4
853.2 74.4
948 74.4
546 75.6
139.2 76.8
360 78
423.6 78
427.2 78
484.8 78
621.6 78
740.4 78
813.6 78
925.2 78
949.2 78
514.8 79.2
553.2 79.2
303.6 80.4
522 80.4
612 80.4
711.6 80.4
784.8 80.4
806.4 80.4
150 81.6
294 81.6
452.4 81.6
780 81.6
802.8 81.6
860.4 81.6
950.4 81.6
135.6 84
805.2 84
951.6 84
421.2 85.2
954 85.2
981.6 85.2
242.4 88.8
512.4 88.8
963.6 88.8
978 88.8
339.6 90
393.6 90
568.8 90
705.6 90
712.8 90
758.4 90
969.6 91.2
189.6 92.4
573.6 92.4
662.4 92.4
480 93.6
356.4 94.8
560.4 94.8
616.8 94.8
654 94.8
664.8 94.8
302.4 96
474 96
476.4 96
753.6 96
921.6 96
967.2 96
447.6 97.2
800.4 97.2
160.8 98.4
907.2 98.4
801.6 99.6
968.4 99.6
596.4 100.8
601.2 100.8
606 100.8
610.8 100.8
942 100.8
589.2 102
804 102
898.8 102
937.2 102
334.8 103.2
801.6 103.2
894 103.2
932.4 103.2
727.2 104.4
332.4 105.6
609.6 105.6
940.8 105.6
691.2 106.8
682.8 108
765.6 108
940.8 109.2
642 110.4
784.8 110.4
865.2 110.4
313.2 111.6
572.4 111.6
740.4 111.6
954 111.6
631.2 112.8
666 112.8
921.6 112.8
942 112.8
604.8 115.2
801.6 115.2
313.2 116.4
807.6 116.4
238.8 117.6
781.2 117.6
607.2 118.8
798 118.8
309.6 120
757.2 121.2
784.8 121.2
932.4 121.2
319.2 122.4
585.6 122.4
949.2 122.4
230.4 123.6
166.8 124.8
951.6 124.8
160.8 126
752.4 126
326.4 127.2
330 128.4
950.4 128.4
132 129.6
956.4 129.6
199.2 130.8
450 130.8
759.6 130.8
782.4 130.8
952.8 130.8
42 132
320.4 132
736.8 132
45.6 133.2
428.4 133.2
630 133.2
751.2 133.2
312 134.4
686.4 134.4
54 135.6
939.6 135.6
969.6 135.6
295.2 136.8
340.8 136.8
944.4 136.8
292.8 138
676.8 138
301.2 139.2
637.2 139.2
939.6 139.2
970.8 139.2
297.6 140.4
670.8 140.4
943.2 140.4
276 141.6
540 141.6
267.6 142.8
621.6 142.8
957.6 142.8
969.6 142.8
926.4 144
661.2 145.2
172.8 146.4
926.4 146.4
556.8 147.6
700.8 148.8
921.6 148.8
596.4 150
960 150
339.6 151.2
504 151.2
507.6 151.2
789.6 151.2
806.4 151.2
826.8 151.2
360 152.4
808.8 152.4
928.8 152.4
945.6 152.4
336 154.8
502.8 154.8
531.6 154.8
577.2 154.8
715.2 154.8
735.6 154.8
777.6 154.8
820.8 154.8
494.4 156
514.8 156
928.8 156
948 156
483.6 157.2
361.2 158.4
466.8 158.4
480 158.4
56.4 159.6
475.2 159.6
489.6 159.6
501.6 159.6
727.2 159.6
486 160.8
554.4 160.8
571.2 160.8
168 162
468 162
506.4 163.2
601.2 163.2
631.2 163.2
829.2 163.2
474 164.4
501.6 164.4
165.6 165.6
478.8 165.6
486 165.6
476.4 166.8
567.6 166.8
628.8 166.8
378 168
470.4 168
508.8 168
649.2 168
927.6 169.2
111.6 170.4
216 170.4
948 170.4
166.8 171.6
352.8 171.6
362.4 171.6
369.6 171.6
386.4 171.6
252 172.8
266.4 172.8
350.4 172.8
507.6 172.8
259.2 174
306 174
331.2 174
480 174
492 174
370.8 175.2
385.2 175.2
495.6 175.2
560.4 175.2
344.4 176.4
483.6 176.4
490.8 176.4
566.4 176.4
598.8 176.4
680.4 176.4
211.2 177.6
219.6 177.6
361.2 177.6
480 177.6
502.8 177.6
841.2 177.6
850.8 177.6
306 178.8
861.6 178.8
885.6 178.8
945.6 178.8
183.6 180
186 180
304.8 181.2
309.6 181.2
476.4 182.4
163.2 183.6
278.4 183.6
500.4 183.6
220.8 184.8
249.6 184.8
291.6 184.8
366 184.8
739.2 184.8
830.4 184.8
943.2 184.8
306 186
375.6 186
496.8 186
742.8 186
267.6 187.2
367.2 187.2
504 187.2
928.8 187.2
945.6 187.2
471.6 188.4
474 188.4
925.2 188.4
382.8 190.8
500.4 190.8
565.2 190.8
758.4 190.8
362.4 192
573.6 192
652.8 192
154.8 194.4
666 194.4
736.8 194.4
754.8 194.4
454.8 195.6
639.6 195.6
379.2 196.8
390 196.8
718.8 196.8
360 198
415.2 198
930 198
466.8 199.2
271.2 200.4
498 200.4
504 200.4
685.2 200.4
462 201.6
408 202.8
662.4 202.8
666 202.8
616.8 204
638.4 204
151.2 205.2
390 205.2
248.4 206.4
502.8 207.6
529.2 207.6
158.4 208.8
442.8 208.8
466.8 208.8
388.8 210
428.4 210
382.8 211.2
930 211.2
313.2 212.4
163.2 213.6
153.6 214.8
406.8 214.8
955.2 214.8
926.4 216
958.8 219.6
440.4 220.8
428.4 222
723.6 222
860.4 222
946.8 222
955.2 222
260.4 223.2
931.2 223.2
969.6 223.2
973.2 223.2
453.6 224.4
469.2 224.4
723.6 224.4
441.6 225.6
445.2 225.6
764.4 225.6
844.8 225.6
418.8 226.8
424.8 226.8
430.8 226.8
762 226.8
968.4 226.8
972 226.8
399.6 228
723.6 228
975.6 228
310.8 229.2
402 229.2
451.2 229.2
610.8 229.2
930 229.2
938.4 229.2
304.8 230.4
456 230.4
661.2 230.4
973.2 230.4
250.8 231.6
273.6 231.6
421.2 231.6
308.4 232.8
415.2 232.8
463.2 232.8
936 234
199.2 235.2
312 235.2
352.8 235.2
649.2 235.2
220.8 236.4
409.2 236.4
459.6 236.4
595.2 236.4
598.8 236.4
412.8 238.8
463.2 238.8
950.4 238.8
970.8 238.8
195.6 240
189.6 241.2
111.6 242.4
114 242.4
408 242.4
936 242.4
469.2 243.6
465.6 244.8
930 244.8
927.6 246
932.4 246
403.2 248.4
758.4 248.4
859.2 248.4
926.4 248.4
974.4 248.4
967.2 249.6
962.4 250.8
470.4 252
843.6 252
924 252
974.4 252
758.4 253.2
448.8 254.4
474 254.4
528 254.4
270 255.6
52.8 256.8
286.8 256.8
786 256.8
927.6 256.8
219.6 258
739.2 258
360 259.2
434.4 259.2
530.4 261.6
684 261.6
714 261.6
465.6 262.8
710.4 262.8
429.6 264
787.2 264
661.2 265.2
430.8 266.4
625.2 266.4
957.6 266.4
354 268.8
423.6 268.8
427.2 268.8
526.8 268.8
800.4 268.8
946.8 270
145.2 272.4
416.4 272.4
442.8 273.6
961.2 273.6
418.8 274.8
943.2 274.8
432 278.4
715.2 278.4
936 278.4
938.4 280.8
561.6 282
949.2 284.4
224.4 286.8
226.8 286.8
808.8 286.8
868.8 286.8
936 286.8
220.8 288
328.8 288
421.2 288
633.6 288
746.4 288
480 289.2
499.2 289.2
223.2 290.4
483.6 290.4
496.8 290.4
782.4 290.4
789.6 290.4
730.8 291.6
945.6 291.6
488.4 292.8
490.8 292.8
687.6 292.8
742.8 292.8
860.4 292.8
928.8 292.8
330 294
712.8 294
735.6 294
739.2 294
382.8 295.2
630 295.2
859.2 295.2
483.6 296.4
744 296.4
496.8 297.6
506.4 297.6
267.6 298.8
441.6 298.8
477.6 298.8
484.8 300
567.6 300
956.4 300
262.8 301.2
436.8 301.2
446.4 301.2
528 301.2
555.6 301.2
657.6 301.2
270 302.4
382.8 302.4
391.2 302.4
366 303.6
658.8 303.6
424.8 304.8
650.4 304.8
937.2 304.8
945.6 304.8
654 306
961.2 306
226.8 307.2
223.2 308.4
650.4 308.4
744 308.4
966 308.4
126 309.6
450 309.6
561.6 309.6
134.4 310.8
219.6 310.8
242.4 310.8
328.8 310.8
338.4 310.8
358.8 310.8
184.8 312
180 313.2
238.8 313.2
494.4 313.2
559.2 313.2
746.4 313.2
751.2 313.2
223.2 314.4
235.2 314.4
248.4 314.4
938.4 314.4
126 315.6
164.4 315.6
579.6 315.6
921.6 315.6
934.8 315.6
948 315.6
152.4 316.8
381.6 316.8
549.6 316.8
554.4 316.8
567.6 316.8
860.4 316.8
94.8 318
238.8 318
436.8 318
932.4 318
445.2 319.2
492 320.4
585.6 320.4
746.4 320.4
862.8 320.4
951.6 320.4
964.8 320.4
332.4 321.6
412.8 321.6
960 321.6
238.8 322.8
934.8 322.8
432 324
436.8 324
448.8 324
504 324
741.6 324
745.2 324
853.2 324
939.6 324
319.2 325.2
327.6 325.2
338.4 325.2
478.8 325.2
486 325.2
496.8 325.2
861.6 325.2
949.2 325.2
506.4 326.4
703.2 326.4
157.2 327.6
222 327.6
373.2 327.6
382.8 327.6
390 327.6
804 327.6
313.2 328.8
367.2 328.8
500.4 328.8
681.6 328.8
759.6 328.8
796.8 328.8
937.2 328.8
949.2 328.8
960 328.8
741.6 330
934.8 330
698.4 331.2
926.4 331.2
218.4 333.6
692.4 333.6
696 333.6
814.8 334.8
931.2 334.8
936 334.8
528 336
566.4 336
802.8 336
224.4 337.2
447.6 337.2
567.6 338.4
669.6 338.4
722.4 338.4
978 339.6
439.2 340.8
442.8 340.8
447.6 340.8
486 340.8
490.8 340.8
495.6 340.8
571.2 340.8
658.8 340.8
949.2 340.8
217.2 342
435.6 342
210 343.2
373.2 343.2
378 343.2
382.8 343.2
444 343.2
979.2 343.2
441.6 344.4
573.6 344.4
184.8 345.6
428.4 345.6
432 345.6
164.4 346.8
447.6 346.8
570 346.8
559.2 348
562.8 348
201.6 349.2
450 350.4
453.6 351.6
729.6 351.6
964.8 351.6
327.6 352.8
417.6 352.8
476.4 352.8
487.2 352.8
495.6 352.8
555.6 352.8
931.2 352.8
952.8 352.8
962.4 352.8
198 354
374.4 354
420 354
423.6 354
447.6 354
454.8 354
505.2 354
577.2 354
364.8 355.2
391.2 355.2
484.8 355.2
498 355.2
548.4 355.2
560.4 355.2
931.2 355.2
373.2 356.4
382.8 356.4
591.6 356.4
219.6 357.6
345.6 357.6
414 357.6
417.6 357.6
424.8 357.6
931.2 357.6
963.6 357.6
433.2 358.8
445.2 358.8
532.8 358.8
728.4 358.8
45.6 360
186 360
952.8 360
435.6 361.2
573.6 361.2
588 361.2
529.2 362.4
423.6 363.6
340.8 364.8
429.6 364.8
678 364.8
752.4 364.8
769.2 364.8
772.8 364.8
819.6 364.8
956.4 364.8
310.8 366
435.6 366
760.8 366
873.6 366
426 367.2
812.4 367.2
958.8 367.2
381.6 369.6
411.6 369.6
466.8 369.6
494.4 369.6
628.8 369.6
846 369.6
865.2 369.6
979.2 369.6
226.8 370.8
421.2 370.8
438 370.8
444 370.8
447.6 370.8
457.2 370.8
631.2 370.8
414 372
430.8 372
463.2 372
956.4 372
230.4 373.2
424.8 373.2
951.6 373.2
279.6 374.4
405.6 374.4
429.6 374.4
442.8 374.4
454.8 374.4
468 374.4
414 375.6
462 375.6
601.2 375.6
963.6 375.6
417.6 376.8
423.6 376.8
435.6 376.8
440.4 376.8
490.8 376.8
950.4 378
296.4 379.2
439.2 379.2
454.8 379.2
462 379.2
400.8 380.4
420 380.4
879.6 380.4
931.2 380.4
952.8 380.4
412.8 381.6
462 381.6
478.8 381.6
482.4 381.6
486 381.6
496.8 381.6
500.4 381.6
504 381.6
758.4 381.6
825.6 381.6
40.8 382.8
90 382.8
366 382.8
369.6 382.8
373.2 382.8
382.8 382.8
388.8 382.8
421.2 382.8
446.4 382.8
464.4 382.8
506.4 382.8
556.8 382.8
567.6 382.8
468 384
476.4 384
932.4 384
327.6 385.2
337.2 385.2
398.4 385.2
757.2 386.4
927.6 386.4
531.6 388.8
687.6 388.8
763.2 388.8
830.4 388.8
868.8 388.8
356.4 390
718.8 390
754.8 390
392.4 391.2
472.8 391.2
645.6 391.2
654 391.2
697.2 391.2
778.8 392.4
344.4 393.6
691.2 393.6
256.8 394.8
596.4 394.8
610.8 394.8
294 396
304.8 396
254.4 397.2
486 397.2
490.8 397.2
496.8 397.2
954 397.2
373.2 398.4
378 398.4
381.6 398.4
932.4 398.4
976.8 399.6
256.8 400.8
121.2 402
187.2 403.2
951.6 403.2
182.4 404.4
256.8 404.4
640.8 404.4
955.2 404.4
164.4 405.6
39.6 406.8
152.4 406.8
156 406.8
162 406.8
967.2 406.8
168 408
42 409.2
153.6 410.4
750 410.4
164.4 411.6
924 411.6
39.6 412.8
223.2 412.8
937.2 412.8
634.8 414
787.2 414
914.4 414
933.6 415.2
939.6 415.2
153.6 416.4
158.4 416.4
163.2 416.4
849.6 417.6
938.4 417.6
954 417.6
776.4 418.8
160.8 420
632.4 420
784.8 420
154.8 421.2
704.4 421.2
861.6 421.2
938.4 421.2
748.8 422.4
866.4 422.4
952.8 422.4
152.4 423.6
158.4 423.6
163.2 423.6
258 426
38.4 427.2
790.8 427.2
163.2 429.6
337.2 429.6
619.2 429.6
981.6 429.6
40.8 430.8
166.8 430.8
729.6 430.8
783.6 430.8
961.2 430.8
337.2 432
693.6 432
722.4 432
745.2 432
151.2 433.2
156 433.2
160.8 433.2
478.8 433.2
522 433.2
980.4 433.2
38.4 434.4
164.4 434.4
681.6 435.6
212.4 436.8
416.4 436.8
742.8 436.8
942 436.8
217.2 438
256.8 438
276 438
42 439.2
316.8 439.2
334.8 439.2
414 439.2
207.6 440.4
244.8 440.4
441.6 440.4
288 441.6
302.4 441.6
463.2 441.6
511.2 441.6
693.6 441.6
168 442.8
222 442.8
253.2 442.8
348 442.8
362.4 442.8
532.8 442.8
582 442.8
956.4 442.8
238.8 444
278.4 444
295.2 444
338.4 444
427.2 444
480 444
607.2 444
658.8 444
668.4 444
684 444
697.2 444
121.2 445.2
400.8 445.2
494.4 445.2
549.6 445.2
783.6 445.2
439.2 446.4
466.8 446.4
624 446.4
747.6 446.4
145.2 447.6
201.6 447.6
507.6 447.6
536.4 447.6
642 447.6
674.4 447.6
691.2 447.6
954 447.6
130.8 448.8
578.4 448.8
783.6 448.8
339.6 450
556.8 450
609.6 450
956.4 450
632.4 451.2
687.6 452.4
937.2 452.4
469.2 453.6
200.4 454.8
265.2 454.8
279.6 454.8
538.8 454.8
631.2 454.8
699.6 454.8
732 454.8
220.8 456
325.2 456
339.6 456
253.2 457.2
403.2 457.2
613.2 457.2
787.2 457.2
840 457.2
934.8 457.2
271.2 458.4
313.2 458.4
319.2 458.4
337.2 458.4
436.8 458.4
854.4 458.4
926.4 458.4
945.6 458.4
374.4 459.6
729.6 459.6
981.6 459.6
399.6 460.8
520.8 460.8
537.6 460.8
722.4 460.8
446.4 462
466.8 462
558 462
594 462
612 462
255.6 463.2
274.8 463.2
507.6 463.2
514.8 463.2
528 463.2
535.2 463.2
691.2 463.2
723.6 463.2
814.8 463.2
200.4 464.4
314.4 464.4
334.8 465.6
376.8 465.6
586.8 465.6
602.4 465.6
609.6 465.6
736.8 465.6
936 465.6
656.4 466.8
664.8 466.8
441.6 468
933.6 468
465.6 469.2
508.8 470.4
532.8 470.4
582 471.6
814.8 471.6
608.4 472.8
812.4 472.8
658.8 474
172.8 477.6
188.4 477.6
361.2 477.6
729.6 477.6
734.4 478.8
813.6 478.8
184.8 480
750 480
934.8 480
117.6 481.2
726 481.2
284.4 482.4
936 483.6
808.8 484.8
879.6 484.8
84 486
98.4 486
691.2 486
890.4 486
918 486
127.2 487.2
133.2 487.2
765.6 487.2
834 487.2
957.6 487.2
138 488.4
166.8 488.4
174 488.4
847.2 488.4
81.6 489.6
745.2 489.6
758.4 489.6
703.2 490.8
762 490.8
826.8 490.8
890.4 492
955.2 494.4
958.8 494.4
687.6 498
951.6 498
580.8 500.4
771.6 502.8
94.8 506.4
890.4 507.6
957.6 507.6
754.8 508.8
840 508.8
735.6 510
744 510
962.4 510
964.8 510
751.2 511.2
79.2 512.4
729.6 512.4
846 512.4
956.4 512.4
968.4 512.4
38.4 513.6
868.8 513.6
937.2 513.6
966 513.6
957.6 514.8
626.4 516
636 516
896.4 516
81.6 517.2
576 517.2
726 517.2
571.2 518.4
564 519.6
956.4 519.6
967.2 522
241.2 523.2
936 523.2
943.2 523.2
565.2 524.4
819.6 524.4
957.6 524.4
282 525.6
550.8 525.6
604.8 525.6
906 525.6
963.6 525.6
79.2 526.8
608.4 526.8
733.2 526.8
970.8 526.8
544.8 528
957.6 528
660 529.2
525.6 530.4
571.2 530.4
654 530.4
969.6 530.4
483.6 531.6
492 531.6
510 531.6
752.4 531.6
967.2 531.6
78 532.8
454.8 534
511.2 534
96 535.2
667.2 535.2
716.4 535.2
609.6 537.6
93.6 538.8
546 538.8
724.8 538.8
698.4 540
80.4 541.2
746.4 541.2
218.4 542.4
624 542.4
600 543.6
706.8 543.6
843.6 543.6
256.8 546
265.2 546
308.4 546
508.8 546
951.6 546
544.8 547.2
740.4 547.2
746.4 547.2
70.8 548.4
459.6 548.4
939.6 548.4
490.8 549.6
526.8 549.6
738 549.6
754.8 549.6
968.4 549.6
70.8 550.8
184.8 550.8
189.6 550.8
304.8 550.8
58.8 552
61.2 552
219.6 552
421.2 552
553.2 552
946.8 552
231.6 553.2
363.6 553.2
748.8 553.2
807.6 553.2
812.4 553.2
904.8 553.2
967.2 553.2
452.4 554.4
480 554.4
495.6 554.4
518.4 554.4
668.4 554.4
908.4 554.4
187.2 555.6
255.6 555.6
265.2 555.6
654 555.6
793.2 555.6
822 555.6
898.8 555.6
939.6 555.6
960 555.6
214.8 556.8
416.4 556.8
571.2 556.8
602.4 556.8
699.6 556.8
906 556.8
454.8 558
964.8 558
321.6 559.2
781.2 559.2
841.2 559.2
848.4 559.2
879.6 559.2
884.4 559.2
970.8 559.2
626.4 561.6
634.8 561.6
699.6 561.6
759.6 561.6
855.6 561.6
967.2 561.6
363.6 562.8
478.8 562.8
495.6 562.8
939.6 562.8
948 562.8
954 562.8
42 564
308.4 564
373.2 564
462 564
556.8 564
876 564
961.2 564
964.8 564
198 565.2
970.8 565.2
424.8 566.4
505.2 566.4
873.6 566.4
118.8 568.8
258 568.8
483.6 568.8
544.8 568.8
214.8 570
470.4 570
522 570
558 570
147.6 571.2
525.6 571.2
939.6 571.2
528 572.4
579.6 572.4
253.2 573.6
267.6 574.8
318 574.8
508.8 574.8
583.2 574.8
181.2 576
364.8 577.2
584.4 577.2
591.6 577.2
705.6 577.2
495.6 578.4
974.4 578.4
87.6 579.6
480 579.6
716.4 579.6
79.2 580.8
979.2 580.8
974.4 582
358.8 583.2
590.4 583.2
375.6 584.4
492 584.4
813.6 584.4
817.2 584.4
420 586.8
483.6 586.8
590.4 586.8
691.2 586.8
980.4 586.8
816 588
828 588
945.6 589.2
963.6 589.2
690 590.4
978 592.8
589.2 594
902.4 594
904.8 594
981.6 594
943.2 595.2
946.8 595.2
907.2 596.4
940.8 596.4
902.4 597.6
938.4 597.6
979.2 597.6
915.6 598.8
932.4 598.8
946.8 598.8
963.6 598.8
944.4 600
598.8 601.2
963.6 601.2
980.4 601.2
945.6 604.8
985.2 604.8
756 606
979.2 606
921.6 608.4
928.8 608.4
544.8 609.6
979.2 609.6
926.4 612
902.4 613.2
906 613.2
985.2 613.2
973.2 616.8
945.6 618
913.2 619.2
919.2 619.2
934.8 619.2
949.2 619.2
940.8 620.4
908.4 621.6
913.2 621.6
942 622.8
945.6 624
970.8 624
805.2 626.4
970.8 626.4
802.8 627.6
769.2 637.2
294 643.2
639.6 643.2
298.8 644.4
303.6 644.4
352.8 44.64
401.76 44.64
413.28 44.64
450.72 44.64
433.44 46.08
508.32 46.08
740.16 46.08
378.72 47.52
537.12 47.52
924.48 47.52
515.52 48.96
686.88 48.96
331.2 50.4
463.68 50.4
745.92 50.4
940.32 51.84
195.84 53.28
377.28 53.28
462.24 53.28
475.2 53.28
737.28 53.28
954.72 53.28
959.04 53.28
727.2 54.72
485.28 56.16
597.6 56.16
421.92 57.6
514.08 57.6
161.28 59.04
518.4 59.04
936 59.04
316.8 60.48
944.64 60.48
948.96 60.48
496.8 61.92
514.08 61.92
525.6 61.92
928.8 61.92
957.6 61.92
380.16 63.36
508.32 63.36
652.32 63.36
931.68 63.36
948.96 64.8
511.2 67.68
210.24 69.12
606.24 69.12
946.08 69.12
866.88 70.56
928.8 70.56
950.4 70.56
953.28 70.56
241.92 72
342.72 73.44
358.56 73.44
921.6 73.44
948.96 73.44
525.6 74.88
853.92 74.88
426.24 76.32
544.32 76.32
360 77.76
485.28 77.76
620.64 77.76
812.16 77.76
937.44 77.76
950.4 77.76
439.2 79.2
514.08 79.2
552.96 79.2
925.92 79.2
293.76 80.64
303.84 80.64
452.16 80.64
521.28 80.64
780.48 80.64
806.4 80.64
861.12 80.64
950.4 80.64
950.4 84.96
519.84 86.4
717.12 86.4
974.88 86.4
963.36 87.84
568.8 89.28
705.6 89.28
758.88 89.28
934.56 89.28
190.08 92.16
573.12 92.16
662.4 92.16
970.56 92.16
358.56 93.6
941.76 93.6
560.16 95.04
617.76 95.04
302.4 96.48
630.72 96.48
921.6 96.48
161.28 99.36
580.32 100.8
596.16 100.8
610.56 100.8
933.12 100.8
937.44 100.8
967.68 100.8
590.4 102.24
941.76 102.24
335.52 103.68
576 103.68
954.72 103.68
331.2 105.12
610.56 105.12
727.2 105.12
950.4 105.12
315.36 106.56
691.2 106.56
106.56 108
764.64 108
864 109.44
941.76 109.44
313.92 110.88
571.68 110.88
630.72 112.32
665.28 112.32
921.6 112.32
953.28 112.32
622.08 113.76
312.48 115.2
780.48 116.64
239.04 118.08
311.04 119.52
321.12 119.52
797.76 119.52
757.44 120.96
784.8 120.96
318.24 122.4
584.64 122.4
950.4 122.4
741.6 123.84
161.28 125.28
326.88 126.72
331.2 128.16
950.4 128.16
132.48 129.6
783.36 129.6
953.28 129.6
198.72 131.04
758.88 131.04
321.12 132.48
737.28 132.48
750.24 132.48
44.64 133.92
51.84 135.36
940.32 135.36
943.2 135.36
295.2 136.8
341.28 136.8
300.96 138.24
508.32 138.24
637.92 138.24
298.08 139.68
943.2 139.68
263.52 142.56
927.36 142.56
927.36 145.44
172.8 146.88
339.84 148.32
216 149.76
596.16 149.76
504 151.2
806.4 151.2
826.56 151.2
948.96 151.2
360 152.64
335.52 154.08
502.56 154.08
540 154.08
715.68 154.08
777.6 154.08
531.36 155.52
555.84 155.52
578.88 155.52
819.36 155.52
947.52 155.52
295.2 156.96
483.84 156.96
488.16 156.96
493.92 156.96
335.52 158.4
466.56 158.4
573.12 158.4
577.44 158.4
57.6 159.84
587.52 159.84
168.48 161.28
468 161.28
712.8 161.28
506.88 162.72
601.92 162.72
630.72 162.72
473.76 164.16
501.12 164.16
612 164.16
164.16 165.6
335.52 165.6
388.8 165.6
485.28 165.6
620.64 165.6
377.28 167.04
470.88 167.04
567.36 167.04
388.8 168.48
649.44 168.48
928.8 168.48
112.32 169.92
216 169.92
948.96 169.92
210.24 171.36
282.24 171.36
362.88 171.36
385.92 171.36
349.92 172.8
352.8 172.8
492.48 172.8
331.2 174.24
384.48 174.24
493.92 175.68
560.16 175.68
218.88 177.12
344.16 177.12
482.4 177.12
491.04 177.12
502.56 177.12
305.28 178.56
357.12 178.56
849.6 178.56
885.6 178.56
946.08 178.56
308.16 180
305.28 181.44
925.92 181.44
161.28 184.32
257.76 184.32
292.32 184.32
338.4 184.32
365.76 184.32
432 184.32
740.16 184.32
943.2 184.32
152.64 185.76
302.4 185.76
305.28 185.76
377.28 185.76
414.72 185.76
743.04 185.76
266.4 187.2
367.2 187.2
429.12 187.2
495.36 187.2
504 187.2
928.8 187.2
946.08 187.2
470.88 188.64
779.04 188.64
925.92 188.64
381.6 190.08
364.32 191.52
564.48 191.52
574.56 191.52
155.52 194.4
400.32 194.4
735.84 194.4
744.48 194.4
754.56 194.4
758.88 194.4
764.64 194.4
378.72 197.28
360 198.72
414.72 198.72
466.56 198.72
504 200.16
462.24 201.6
498.24 201.6
407.52 203.04
954.72 203.04
946.08 204.48
249.12 205.92
502.56 207.36
442.08 208.8
466.56 208.8
388.8 210.24
930.24 211.68
162.72 213.12
154.08 214.56
407.52 214.56
954.72 214.56
925.92 216
387.36 217.44
541.44 217.44
260.64 221.76
429.12 221.76
859.68 221.76
724.32 223.2
925.92 223.2
436.32 224.64
440.64 224.64
453.6 224.64
469.44 224.64
430.56 226.08
446.4 226.08
763.2 226.08
836.64 226.08
424.8 227.52
311.04 228.96
401.76 228.96
450.72 228.96
420.48 230.4
660.96 230.4
455.04 231.84
462.24 231.84
416.16 233.28
352.8 234.72
649.44 234.72
938.88 234.72
198.72 236.16
459.36 236.16
567.36 236.16
594.72 236.16
597.6 236.16
172.8 239.04
177.12 239.04
411.84 239.04
936 240.48
188.64 241.92
113.76 243.36
408.96 243.36
469.44 243.36
465.12 244.8
311.04 246.24
928.8 246.24
933.12 246.24
403.2 249.12
925.92 249.12
966.24 249.12
469.44 252
843.84 252
269.28 254.88
541.44 254.88
933.12 254.88
51.84 256.32
286.56 256.32
784.8 256.32
927.36 256.32
220.32 257.76
360 257.76
740.16 257.76
433.44 259.2
554.4 259.2
466.56 262.08
529.92 262.08
671.04 262.08
659.52 264.96
390.24 266.4
430.56 266.4
624.96 266.4
957.6 266.4
525.6 267.84
354.24 269.28
427.68 269.28
800.64 269.28
416.16 272.16
419.04 273.6
443.52 273.6
943.2 273.6
561.6 275.04
714.24 277.92
936 277.92
430.56 279.36
561.6 282.24
223.2 285.12
432 285.12
937.44 285.12
220.32 286.56
711.36 286.56
809.28 286.56
868.32 286.56
329.76 288
420.48 288
499.68 288
747.36 288
223.2 289.44
715.68 289.44
483.84 290.88
781.92 290.88
946.08 290.88
135.36 292.32
489.6 292.32
743.04 292.32
861.12 292.32
928.8 292.32
329.76 293.76
630.72 293.76
720 293.76
383.04 295.2
701.28 295.2
741.6 295.2
371.52 296.64
650.88 296.64
666.72 296.64
440.64 298.08
496.8 298.08
505.44 298.08
443.52 299.52
478.08 299.52
485.28 299.52
567.36 299.52
652.32 299.52
264.96 300.96
437.76 300.96
446.4 300.96
555.84 300.96
269.28 302.4
383.04 302.4
391.68 302.4
430.56 302.4
950.4 302.4
957.6 302.4
374.4 303.84
424.8 303.84
658.08 303.84
653.76 305.28
946.08 305.28
227.52 306.72
223.2 308.16
650.88 308.16
744.48 308.16
966.24 308.16
125.28 309.6
328.32 309.6
450.72 309.6
561.6 309.6
135.36 311.04
243.36 311.04
358.56 311.04
180 312.48
495.36 312.48
560.16 312.48
732.96 312.48
745.92 312.48
223.2 313.92
236.16 313.92
239.04 313.92
938.88 313.92
126.72 315.36
164.16 315.36
410.4 315.36
630.72 315.36
921.6 315.36
934.56 315.36
947.52 315.36
93.6 316.8
151.2 316.8
237.6 316.8
381.6 316.8
437.76 316.8
550.08 316.8
568.8 316.8
861.12 316.8
931.68 318.24
586.08 319.68
856.8 321.12
862.56 321.12
951.84 321.12
237.6 322.56
432 322.56
446.4 322.56
489.6 322.56
741.6 322.56
745.92 322.56
342.72 324
437.76 324
449.28 324
504 324
862.56 324
940.32 324
326.88 325.44
478.08 325.44
496.8 325.44
158.4 326.88
221.76 328.32
390.24 328.32
707.04 328.32
776.16 328.32
937.44 328.32
950.4 328.32
365.76 329.76
934.56 329.76
725.76 331.2
691.2 334.08
731.52 334.08
813.6 334.08
931.68 334.08
528.48 335.52
722.88 335.52
936 335.52
561.6 336.96
224.64 338.4
446.4 338.4
669.6 338.4
722.88 338.4
491.04 339.84
571.68 339.84
447.84 341.28
486.72 341.28
495.36 341.28
948.96 341.28
210.24 342.72
378.72 342.72
946.08 342.72
230.4 344.16
372.96 344.16
381.6 344.16
423.36 344.16
440.64 344.16
573.12 344.16
969.12 344.16
427.68 347.04
439.2 347.04
446.4 347.04
576 347.04
201.6 348.48
443.52 349.92
449.28 349.92
453.6 351.36
326.88 352.8
417.6 352.8
420.48 352.8
423.36 352.8
555.84 352.8
963.36 352.8
447.84 354.24
478.08 354.24
485.28 354.24
576 354.24
365.76 355.68
372.96 355.68
383.04 355.68
390.24 355.68
548.64 355.68
931.68 355.68
218.88 357.12
413.28 357.12
417.6 357.12
460.8 357.12
963.36 357.12
344.16 358.56
427.68 358.56
432 358.56
444.96 358.56
532.8 358.56
728.64 358.56
46.08 360
187.2 360
953.28 360
306.72 361.44
434.88 361.44
551.52 361.44
573.12 361.44
676.8 361.44
357.12 362.88
423.36 362.88
413.28 364.32
768.96 364.32
773.28 364.32
819.36 364.32
956.16 364.32
311.04 365.76
341.28 365.76
434.88 365.76
465.12 365.76
760.32 365.76
874.08 365.76
426.24 367.2
812.16 367.2
931.68 367.2
959.04 367.2
413.28 368.64
495.36 368.64
956.16 368.64
381.6 370.08
427.68 370.08
439.2 370.08
447.84 370.08
466.56 370.08
846.72 370.08
224.64 371.52
414.72 371.52
421.92 371.52
430.56 371.52
456.48 371.52
462.24 371.52
424.8 372.96
453.6 372.96
599.04 372.96
656.64 372.96
951.84 372.96
956.16 372.96
279.36 374.4
404.64 374.4
443.52 374.4
468 374.4
423.36 375.84
439.2 375.84
600.48 375.84
188.64 377.28
417.6 377.28
434.88 377.28
491.04 377.28
603.36 377.28
950.4 377.28
296.64 378.72
401.76 378.72
460.8 378.72
596.16 378.72
411.84 380.16
420.48 380.16
496.8 380.16
499.68 380.16
468 381.6
478.08 381.6
482.4 381.6
504 381.6
365.76 383.04
383.04 383.04
388.8 383.04
446.4 383.04
457.92 383.04
463.68 383.04
555.84 383.04
568.8 383.04
398.88 384.48
931.68 384.48
640.8 387.36
531.36 388.8
355.68 390.24
393.12 391.68
472.32 391.68
547.2 391.68
640.8 393.12
691.2 393.12
256.32 394.56
345.6 394.56
596.16 394.56
610.56 394.56
931.68 394.56
293.76 396
305.28 396
491.04 396
954.72 396
377.28 397.44
486.72 397.44
496.8 397.44
381.6 398.88
931.68 398.88
243.36 400.32
659.52 400.32
120.96 401.76
181.44 403.2
951.84 403.2
165.6 404.64
640.8 404.64
954.72 404.64
161.28 407.52
800.64 407.52
154.08 410.4
164.16 410.4
747.36 410.4
750.24 410.4
937.44 411.84
944.64 411.84
158.4 416.16
933.12 416.16
938.88 416.16
154.08 417.6
776.16 417.6
849.6 417.6
784.8 419.04
161.28 420.48
861.12 420.48
937.44 420.48
152.64 421.92
866.88 421.92
951.84 421.92
187.2 423.36
257.76 426.24
934.56 426.24
152.64 429.12
162.72 429.12
619.2 429.12
623.52 429.12
149.76 430.56
167.04 430.56
336.96 430.56
722.88 430.56
730.08 430.56
155.52 432
159.84 432
479.52 432
522.72 432
692.64 432
151.2 433.44
681.12 434.88
213.12 436.32
417.6 436.32
743.04 436.32
941.76 436.32
216 437.76
257.76 437.76
275.04 437.76
424.8 437.76
318.24 439.2
334.08 439.2
414.72 439.2
208.8 440.64
244.8 440.64
288 440.64
302.4 440.64
443.52 440.64
462.24 440.64
509.76 440.64
172.8 442.08
223.2 442.08
348.48 442.08
362.88 442.08
512.64 442.08
531.36 442.08
581.76 442.08
956.16 442.08
237.6 443.52
252 443.52
279.36 443.52
295.2 443.52
339.84 443.52
426.24 443.52
606.24 443.52
668.16 443.52
684 443.52
372.96 444.96
493.92 444.96
548.64 444.96
783.36 444.96
201.6 446.4
439.2 446.4
468 446.4
506.88 446.4
623.52 446.4
640.8 446.4
747.36 446.4
145.44 447.84
164.16 447.84
486.72 447.84
537.12 447.84
577.44 447.84
672.48 447.84
691.2 447.84
753.12 447.84
953.28 447.84
557.28 449.28
610.56 449.28
748.8 449.28
632.16 450.72
656.64 450.72
745.92 450.72
701.28 453.6
252 455.04
264.96 455.04
279.36 455.04
731.52 455.04
324 456.48
403.2 456.48
787.68 456.48
936 456.48
436.32 457.92
946.08 457.92
452.16 459.36
730.08 459.36
439.2 460.8
468 460.8
521.28 460.8
691.2 460.8
721.44 460.8
506.88 462.24
594.72 462.24
200.16 463.68
275.04 463.68
315.36 463.68
528.48 463.68
535.68 463.68
813.6 463.68
377.28 465.12
578.88 465.12
601.92 465.12
610.56 465.12
842.4 465.12
936 465.12
442.08 466.56
656.64 466.56
665.28 466.56
465.12 468
509.76 469.44
532.8 469.44
934.56 469.44
581.76 470.88
684 470.88
815.04 470.88
607.68 472.32
812.16 472.32
188.64 476.64
728.64 478.08
734.4 478.08
185.76 479.52
750.24 479.52
727.2 480.96
548.64 482.4
583.2 482.4
184.32 483.84
936 483.84
83.52 485.28
97.92 485.28
586.08 485.28
691.2 485.28
807.84 485.28
891.36 485.28
766.08 486.72
957.6 486.72
138.24 488.16
155.52 488.16
167.04 488.16
174.24 488.16
835.2 488.16
848.16 488.16
745.92 489.6
826.56 489.6
80.64 491.04
702.72 491.04
763.2 492.48
954.72 493.92
686.88 498.24
951.84 498.24
580.32 499.68
771.84 502.56
95.04 505.44
957.6 506.88
754.56 508.32
840.96 508.32
735.84 509.76
744.48 509.76
750.24 509.76
79.2 511.2
763.2 511.2
846.72 512.64
967.68 512.64
937.44 514.08
626.4 515.52
636.48 515.52
80.64 516.96
570.24 518.4
728.64 519.84
956.16 519.84
943.2 521.28
967.68 521.28
565.92 524.16
819.36 524.16
957.6 524.16
963.36 525.6
970.56 525.6
79.2 527.04
609.12 527.04
544.32 528.48
551.52 528.48
522.72 529.92
525.6 529.92
653.76 529.92
482.4 531.36
492.48 531.36
509.76 531.36
596.16 531.36
734.4 531.36
751.68 531.36
835.2 532.8
455.04 534.24
668.16 534.24
457.92 537.12
610.56 537.12
545.76 538.56
724.32 538.56
750.24 538.56
698.4 540
80.64 541.44
705.6 544.32
708.48 544.32
898.56 544.32
103.68 545.76
266.4 545.76
308.16 545.76
509.76 545.76
951.84 545.76
70.56 547.2
544.32 547.2
747.36 547.2
459.36 548.64
491.04 548.64
525.6 548.64
756 548.64
956.16 548.64
69.12 550.08
738.72 550.08
59.04 551.52
188.64 551.52
218.88 551.52
552.96 551.52
879.84 551.52
364.32 552.96
372.96 552.96
495.36 552.96
748.8 552.96
904.32 552.96
944.64 552.96
967.68 552.96
479.52 554.4
518.4 554.4
669.6 554.4
950.4 554.4
254.88 555.84
264.96 555.84
601.92 555.84
793.44 555.84
822.24 555.84
455.04 557.28
698.4 557.28
964.8 557.28
321.12 558.72
780.48 558.72
799.2 558.72
840.96 558.72
848.16 558.72
884.16 558.72
957.6 558.72
335.52 560.16
626.4 560.16
635.04 560.16
879.84 560.16
938.88 560.16
699.84 561.6
967.68 561.6
362.88 563.04
479.52 563.04
938.88 563.04
947.52 563.04
462.24 564.48
843.84 564.48
941.76 564.48
970.56 564.48
424.8 565.92
505.44 565.92
874.08 565.92
483.84 567.36
257.76 568.8
545.76 568.8
558.72 570.24
578.88 571.68
253.44 573.12
267.84 574.56
509.76 574.56
583.2 574.56
181.44 576
364.32 577.44
453.6 577.44
511.2 577.44
591.84 577.44
705.6 577.44
87.84 578.88
479.52 578.88
583.2 578.88
974.88 578.88
79.2 580.32
717.12 580.32
974.88 581.76
358.56 583.2
492.48 584.64
813.6 584.64
483.84 586.08
691.2 586.08
826.56 587.52
688.32 588.96
964.8 588.96
590.4 593.28
902.88 593.28
943.2 594.72
963.36 594.72
902.88 597.6
938.88 597.6
917.28 599.04
931.68 599.04
946.08 599.04
963.36 600.48
924.48 604.8
754.56 606.24
432 607.68
921.6 607.68
930.24 609.12
925.92 612
901.44 614.88
973.44 616.32
912.96 617.76
920.16 617.76
946.08 617.76
934.56 619.2
950.4 619.2
908.64 620.64
941.76 622.08
946.08 623.52
796.32 624.96
804.96 626.4
972 626.4
243.36 632.16
