4363
604 31
614 31
927 31
331 32
426 32
717 32
412 33
457 33
497 33
507 33
597 33
615 33
950 33
953 33
955 33
328 34
331 34
717 34
823 34
721 35
940 35
459 36
244 37
225 38
250 38
283 38
436 38
713 38
831 38
905 38
912 38
387 39
466 39
664 39
666 39
838 39
274 40
382 40
570 40
582 40
707 40
911 40
509 41
962 41
560 42
579 42
397 43
406 43
436 43
443 43
456 43
846 43
332 44
458 44
651 44
669 44
700 44
739 44
910 44
950 44
952 44
280 45
460 45
303 46
362 46
403 46
406 46
922 46
293 47
367 47
437 47
842 47
692 48
836 48
840 48
925 48
948 48
445 49
512 49
743 49
818 49
830 49
834 49
954 49
357 50
403 50
406 50
814 50
431 51
510 51
537 51
293 52
407 52
925 52
259 53
401 53
437 53
453 53
540 53
630 53
838 53
922 53
960 53
426 54
516 54
700 54
949 54
951 54
442 55
580 55
922 55
966 55
426 56
464 56
512 56
730 56
790 56
837 56
342 57
439 57
508 57
633 57
931 57
234 58
379 58
496 58
726 58
728 58
740 58
423 59
621 59
942 59
953 59
491 60
567 60
723 60
769 60
782 60
950 60
260 61
613 61
779 61
923 61
217 62
343 62
373 62
422 62
690 62
940 62
953 62
320 63
384 63
420 63
489 63
717 63
755 63
761 63
782 63
908 63
957 63
403 64
589 64
741 64
261 65
459 65
493 65
586 65
490 66
713 66
942 66
957 66
217 67
363 67
445 67
468 67
598 67
838 67
368 68
372 68
937 68
207 69
476 69
689 69
886 69
932 69
318 70
461 70
473 70
478 70
491 70
499 70
193 71
276 71
295 71
502 71
507 71
776 71
238 72
372 72
488 72
937 72
953 72
405 73
471 73
928 73
932 73
955 73
188 74
284 74
345 74
478 74
495 74
735 74
780 74
950 74
490 75
603 75
694 75
873 75
897 75
272 76
554 76
559 76
934 76
541 77
624 77
954 77
538 78
579 78
594 78
691 78
778 78
845 78
925 78
947 78
525 79
683 79
375 80
932 80
943 80
958 80
237 81
323 81
531 81
623 81
778 81
789 81
599 82
781 82
164 83
479 83
738 83
907 83
926 83
189 84
505 84
763 84
779 84
712 85
952 85
642 86
842 86
235 87
461 87
496 87
49 88
635 88
644 88
358 89
749 89
955 89
54 90
950 90
226 91
412 91
288 92
360 92
580 92
52 93
214 93
352 93
409 93
559 93
705 93
707 93
762 93
931 93
435 94
611 94
207 95
709 95
784 95
954 95
679 96
779 96
957 96
671 97
785 97
927 97
952 97
960 97
349 98
352 98
418 98
574 99
585 99
589 99
594 99
662 99
410 100
580 100
759 100
775 100
247 101
252 101
272 101
591 101
770 101
953 101
586 102
129 103
322 103
562 104
761 104
837 104
926 104
929 104
943 104
963 105
314 106
630 106
647 106
736 106
905 106
945 106
439 107
451 107
756 107
710 108
202 109
613 109
726 109
839 109
200 110
221 110
429 110
944 110
962 110
908 111
925 111
946 111
310 112
323 112
558 112
604 112
920 112
722 113
190 114
760 114
870 114
351 115
938 115
403 116
737 116
841 116
906 116
198 117
273 117
837 117
925 117
968 118
272 119
322 119
730 119
187 120
257 120
331 120
716 120
165 121
241 121
253 123
230 124
328 124
926 124
333 125
568 125
665 126
623 127
331 128
613 129
225 130
926 130
657 131
938 131
521 132
805 132
208 133
652 133
785 133
803 133
957 133
319 134
592 134
620 134
767 134
202 135
788 135
790 135
793 135
800 135
321 136
529 136
955 136
457 137
480 137
535 139
605 139
642 139
753 139
931 139
324 141
436 141
623 141
635 141
950 141
959 141
694 142
841 142
952 142
659 143
714 143
166 144
271 144
797 144
808 144
948 144
252 145
330 145
694 145
700 145
417 146
924 146
332 147
334 147
702 147
240 148
706 148
710 148
236 149
332 149
338 149
400 149
547 149
264 150
906 150
573 151
692 151
948 151
338 152
695 152
924 152
218 153
911 153
929 153
535 154
946 154
549 155
557 155
842 155
347 156
576 156
903 156
927 156
946 156
208 157
482 157
517 157
826 157
203 158
545 158
820 158
830 158
944 158
958 158
239 159
317 159
322 159
512 159
533 159
615 159
915 159
930 159
551 160
577 160
643 160
813 160
308 161
320 161
481 161
497 161
820 161
941 161
185 162
545 162
579 162
598 162
612 162
301 163
596 163
633 163
474 164
483 164
590 164
850 164
290 165
356 165
464 165
586 165
958 165
162 166
294 166
317 166
462 166
481 166
288 167
451 167
468 167
472 167
648 167
809 167
347 168
457 168
486 168
490 168
598 168
466 169
481 169
661 169
916 169
265 170
355 170
359 170
492 170
808 170
815 170
959 170
113 171
124 171
799 171
115 172
476 172
481 172
929 172
122 173
342 173
575 173
719 173
124 174
237 174
467 174
490 174
621 174
918 174
232 175
722 175
763 175
960 175
218 176
252 176
916 176
124 177
318 177
453 177
491 178
588 178
721 178
737 178
764 178
930 178
962 178
607 179
622 179
644 179
915 179
346 180
381 180
473 180
343 181
743 181
204 182
374 182
463 182
476 182
734 182
926 182
484 183
717 183
723 183
934 183
351 184
363 184
466 184
473 184
348 185
620 185
910 185
381 186
463 186
927 186
943 186
361 187
637 187
700 187
765 187
646 188
648 188
706 188
381 189
702 189
943 189
947 189
962 189
215 190
376 190
662 190
666 190
371 191
912 191
935 191
308 192
350 192
543 192
960 192
295 193
297 193
318 193
361 193
476 193
488 193
551 193
607 193
662 193
673 193
905 193
212 194
934 194
126 195
188 195
253 195
289 195
357 195
962 195
249 196
285 196
952 196
969 196
648 197
984 197
226 198
248 198
316 198
931 198
982 198
214 199
273 199
365 199
376 199
640 199
986 199
316 200
374 200
481 200
622 200
977 200
171 201
312 201
367 201
615 201
620 201
643 201
946 201
950 201
169 202
249 202
952 202
841 203
931 203
936 203
379 204
485 205
946 205
227 206
230 206
306 206
398 206
917 206
281 207
296 207
363 207
453 207
486 207
944 207
799 208
825 208
934 208
962 208
411 209
809 209
918 209
376 210
515 210
210 211
451 211
486 211
705 212
774 212
979 212
415 213
203 214
744 214
892 215
938 216
220 217
454 217
920 217
386 218
434 218
706 218
527 220
205 221
971 221
386 222
380 224
645 225
892 225
282 226
312 226
385 226
405 226
970 226
907 228
933 228
939 229
968 229
434 230
424 231
458 232
796 232
840 232
430 233
438 233
444 233
434 234
595 234
948 234
983 234
582 235
586 235
421 236
425 236
837 236
414 237
443 237
211 238
447 238
398 239
631 239
204 240
291 240
400 240
453 240
416 241
290 242
320 242
740 242
967 243
412 244
450 244
766 244
453 245
519 245
768 245
953 247
766 248
955 248
290 249
302 249
362 249
410 249
458 249
283 250
350 250
765 250
900 250
277 251
455 252
768 252
850 253
665 254
697 254
943 254
668 255
700 255
729 255
843 255
259 256
528 256
941 256
240 257
401 257
516 257
540 257
944 257
460 259
638 259
917 259
945 259
903 260
224 261
236 261
463 261
233 262
942 262
960 262
611 263
616 263
722 263
436 265
910 265
189 266
873 266
328 267
174 268
573 269
966 269
397 270
544 270
697 270
299 271
365 271
448 271
515 271
851 271
312 272
351 272
698 272
425 275
258 276
545 276
648 276
389 277
423 277
844 277
249 278
728 279
772 279
841 279
924 279
238 280
765 280
414 281
125 283
692 283
724 283
919 283
544 284
928 284
972 285
360 286
427 286
200 287
672 287
726 287
928 287
952 287
978 287
194 288
365 288
190 289
241 289
631 289
942 289
751 290
930 290
958 290
728 292
486 293
658 293
906 293
483 294
688 294
942 294
420 295
472 295
579 295
662 295
418 296
948 296
476 297
626 297
942 297
278 298
297 298
478 298
729 298
938 298
270 299
344 299
628 299
749 299
917 299
952 299
727 300
835 300
484 301
492 301
542 301
552 301
262 302
412 302
424 302
845 302
388 303
391 303
467 303
916 303
948 303
259 304
385 304
517 304
622 304
726 305
729 305
940 305
262 306
341 306
375 306
437 306
712 306
715 306
379 307
441 307
847 308
892 308
978 308
223 309
547 310
844 310
393 311
841 311
940 311
950 311
386 312
729 312
829 312
846 312
979 312
187 313
195 313
378 313
545 313
191 314
424 314
294 315
445 315
547 316
565 316
724 316
728 316
427 317
483 317
553 317
787 317
923 317
939 317
536 318
542 318
751 318
925 318
443 319
445 319
570 319
758 319
322 320
743 320
344 321
446 321
657 321
725 322
732 322
736 322
767 322
262 323
352 323
435 323
445 323
683 323
698 323
706 323
366 324
480 324
771 324
795 324
799 324
954 324
439 325
444 325
385 326
684 326
420 327
428 327
480 327
491 327
264 328
411 328
485 328
948 328
951 328
184 329
191 329
261 329
426 329
430 329
443 329
475 329
228 330
252 330
469 330
263 331
427 331
973 331
348 332
437 332
489 332
983 332
215 333
432 333
185 334
205 334
353 334
356 334
382 334
642 334
200 335
343 335
392 335
336 336
378 336
387 336
945 336
160 337
373 337
545 337
548 337
552 337
634 337
518 338
920 338
984 338
332 339
391 339
539 339
554 339
905 339
923 339
354 340
446 340
557 340
232 341
253 342
900 342
959 342
210 343
443 343
485 343
559 343
921 343
961 343
476 344
946 344
984 344
440 345
366 346
435 346
554 346
561 347
859 347
433 348
438 348
441 348
481 348
542 348
425 350
379 351
386 351
422 351
432 351
795 351
429 352
436 352
443 352
713 352
426 353
563 353
760 353
418 354
430 354
441 354
541 354
854 354
858 354
967 354
446 355
478 355
494 355
546 355
561 355
785 355
804 355
435 356
577 356
738 356
743 356
753 356
756 356
764 356
968 356
252 357
468 357
487 357
960 357
261 358
358 358
447 358
745 358
829 358
850 358
416 359
443 359
740 359
413 360
421 360
441 360
522 360
573 360
787 360
324 361
341 361
380 361
559 361
665 361
741 361
792 361
245 362
394 362
421 362
440 362
539 362
671 362
372 363
388 363
409 363
411 363
417 363
428 363
519 363
525 363
663 363
850 363
378 364
414 364
425 364
438 364
359 365
407 366
419 366
428 366
242 367
583 367
585 367
611 367
613 368
415 369
420 369
429 369
816 369
866 369
925 369
231 370
406 370
413 370
426 370
318 371
327 371
438 371
443 371
460 371
633 371
921 371
234 372
423 372
429 372
484 372
581 372
811 372
979 372
357 373
367 373
458 373
585 373
808 373
331 374
407 374
424 374
441 374
743 374
885 374
429 375
448 375
452 375
460 375
785 375
386 376
413 376
422 376
455 376
123 377
408 377
435 377
438 377
442 377
449 377
928 377
418 378
447 378
463 378
558 378
434 379
454 379
459 379
481 379
541 379
742 379
852 379
861 379
925 379
402 380
414 381
427 381
432 381
935 381
266 382
411 382
448 382
453 382
456 382
555 382
747 382
785 382
947 382
973 382
404 383
481 383
487 383
493 383
545 383
740 383
764 383
930 383
305 384
401 384
455 384
471 384
477 384
489 384
724 384
737 384
415 385
453 385
459 385
461 385
474 385
495 385
900 385
964 385
409 386
485 386
684 386
687 386
974 386
318 387
417 387
450 387
460 387
663 387
983 387
388 388
393 388
621 388
631 388
678 388
235 389
243 389
374 389
379 389
463 389
935 389
324 390
414 390
522 390
386 391
401 391
928 391
965 391
197 392
353 392
378 392
391 392
537 392
944 392
582 393
594 393
631 393
925 393
168 394
466 394
622 394
746 395
395 396
855 396
157 397
367 397
119 398
945 398
478 399
487 399
927 399
950 399
360 400
482 400
913 400
618 402
326 403
380 403
387 403
975 403
317 404
384 404
903 404
924 404
933 404
276 406
804 406
837 407
834 409
836 409
716 410
839 410
235 412
283 412
711 412
762 412
849 412
922 412
183 413
770 413
852 413
946 413
231 414
930 414
217 415
846 415
729 416
207 417
211 417
215 417
692 417
219 418
608 418
725 418
960 419
119 420
208 420
217 420
716 420
776 421
121 422
957 423
119 425
208 425
240 425
253 425
212 426
216 426
233 426
941 426
709 427
716 427
733 427
680 428
819 428
209 429
214 429
952 429
216 431
212 432
729 432
208 433
968 433
216 434
348 434
507 434
985 434
951 435
348 436
938 436
207 437
216 438
681 438
118 439
205 439
219 439
676 439
968 439
411 440
684 440
768 440
210 441
214 441
419 441
627 441
639 441
656 441
120 442
207 442
409 442
493 442
514 442
557 442
581 442
940 442
217 443
326 443
343 443
378 443
396 443
434 443
452 443
641 443
671 443
770 443
937 443
243 444
246 444
278 444
663 444
674 444
734 444
739 444
931 444
118 445
466 445
479 445
528 445
542 445
597 445
611 445
643 445
316 446
354 446
366 446
407 446
421 446
728 446
239 447
256 447
268 447
273 447
298 447
732 447
925 447
375 448
431 448
455 448
491 448
516 448
555 448
583 448
626 448
692 448
930 448
122 449
249 449
275 449
296 449
344 449
397 449
738 449
866 449
220 450
309 450
473 450
535 450
603 450
666 450
120 451
263 451
687 451
711 451
719 451
774 451
855 451
921 451
361 452
842 452
310 453
415 453
184 454
233 454
939 454
203 455
218 455
519 455
587 455
716 455
183 456
192 456
673 456
706 456
120 457
709 457
801 457
251 459
298 459
347 459
400 459
520 459
830 459
285 460
334 460
385 460
429 460
443 460
458 460
585 460
654 460
710 460
249 461
415 461
503 461
536 461
568 461
570 461
675 461
276 462
281 462
290 462
296 462
330 462
345 462
397 462
606 462
636 462
932 462
432 463
437 463
449 463
455 463
492 463
498 463
509 463
516 463
555 464
562 464
576 464
583 464
627 464
634 464
930 464
802 466
931 466
73 467
277 468
294 468
326 468
343 468
378 468
963 468
433 469
799 469
454 470
493 470
514 470
659 470
201 471
233 471
557 471
582 471
628 472
717 473
927 474
212 475
721 475
803 475
738 476
711 477
713 478
697 479
719 479
906 479
363 480
934 480
796 481
880 481
922 481
822 482
971 482
828 484
834 484
181 486
218 486
746 486
815 486
691 487
733 487
750 487
834 487
879 487
753 488
968 488
971 488
751 490
757 490
155 491
166 491
756 492
153 494
783 495
783 497
554 499
758 499
107 501
186 501
971 502
151 503
151 506
829 506
834 506
975 506
979 506
723 507
726 507
732 507
743 507
860 507
114 508
738 508
800 508
848 508
982 508
164 509
191 509
752 509
835 509
883 509
978 509
117 510
718 511
883 512
887 513
104 514
600 514
608 514
715 514
788 514
152 515
548 515
971 515
117 516
192 516
540 516
530 518
921 518
980 518
984 518
154 519
526 519
104 520
519 520
516 521
971 521
976 521
896 522
103 523
506 523
963 523
985 523
72 524
533 524
579 524
721 524
241 525
254 525
583 525
972 525
102 526
496 526
720 526
244 527
631 527
979 527
106 528
625 528
822 528
941 528
152 529
305 529
510 529
542 529
601 529
103 530
427 530
435 530
109 531
341 531
746 531
549 532
705 532
192 533
329 533
598 533
637 533
151 534
165 535
337 535
709 535
584 536
325 538
499 538
715 538
163 539
527 539
689 539
940 539
117 540
576 541
964 541
151 542
205 542
106 543
780 543
234 544
275 544
589 544
241 545
402 546
409 546
729 546
735 546
435 547
470 547
497 547
766 547
974 547
109 548
144 548
519 548
734 548
744 548
201 549
510 549
728 549
960 549
973 549
44 550
205 550
365 550
546 550
585 550
785 550
132 551
135 551
215 551
319 551
326 551
440 551
550 551
802 551
871 551
896 551
117 552
394 552
464 552
640 552
797 552
233 553
522 553
738 553
780 553
932 553
963 553
983 553
241 554
542 554
626 554
773 554
811 554
815 554
891 554
202 555
261 555
361 555
432 555
612 555
690 555
935 555
953 555
956 555
285 556
736 556
898 556
985 556
831 557
837 557
874 557
296 558
691 558
745 558
751 558
770 558
925 558
264 559
441 559
871 559
57 560
318 560
422 560
455 560
601 560
609 560
748 560
845 560
973 560
109 561
281 561
291 561
326 561
688 561
968 561
982 561
350 562
519 562
976 562
53 563
368 563
408 563
450 564
833 564
972 564
976 564
128 565
436 565
497 565
235 566
428 566
531 566
203 567
414 567
365 568
521 568
192 569
473 569
982 569
232 570
932 570
42 571
243 571
282 571
455 572
983 572
56 573
320 574
397 574
440 575
62 576
134 576
424 576
458 576
702 576
130 577
721 577
72 578
159 578
559 578
315 579
329 580
704 580
726 580
192 581
437 581
979 581
428 582
991 582
365 583
798 583
985 583
435 584
429 585
566 585
803 585
977 585
807 586
814 588
561 589
936 590
565 592
955 592
890 594
893 595
936 595
932 596
889 597
896 597
929 597
931 598
573 599
891 599
903 599
922 599
990 599
992 599
938 601
504 602
892 602
934 602
992 602
373 603
956 603
935 604
39 605
529 606
935 606
985 607
914 608
917 611
374 613
576 613
914 614
974 614
891 615
895 616
982 616
990 616
889 617
985 618
937 621
902 622
907 622
941 622
927 623
221 624
898 624
944 624
933 625
765 626
936 627
971 627
770 628
775 628
918 629
940 629
957 632
978 632
968 633
256 635
264 636
259 637
233 638
276 638
280 638
722 638
230 639
236 639
254 640
582 640
256 642
263 644
191 651
249.6 37.2
562.8 37.2
920.4 37.2
283.2 38.4
322.8 38.4
465.6 38.4
582 38.4
712.8 38.4
381.6 39.6
408 39.6
663.6 39.6
910.8 39.6
950.4 39.6
274.8 40.8
391.2 40.8
508.8 40.8
560.4 40.8
705.6 40.8
961.2 40.8
438 42
331.2 43.2
408 43.2
410.4 43.2
458.4 44.4
650.4 44.4
668.4 44.4
738 44.4
951.6 44.4
303.6 45.6
402 45.6
460.8 45.6
921.6 45.6
292.8 46.8
366 46.8
436.8 46.8
691.2 46.8
306 48
823.2 48
840 48
924 48
444 49.2
453.6 49.2
830.4 49.2
812.4 50.4
306 51.6
406.8 51.6
415.2 51.6
924 51.6
349.2 52.8
400.8 52.8
438 52.8
538.8 52.8
834 52.8
343.2 54
441.6 54
699.6 54
921.6 54
934.8 54
948 54
463.2 55.2
426 56.4
788.4 56.4
836.4 56.4
232.8 57.6
379.2 57.6
495.6 57.6
631.2 57.6
727.2 57.6
402 58.8
621.6 58.8
783.6 58.8
942 58.8
490.8 60
566.4 60
768 60
949.2 60
690 61.2
760.8 61.2
778.8 61.2
373.2 62.4
420 62.4
448.8 62.4
716.4 62.4
956.4 62.4
319.2 63.6
382.8 63.6
781.2 63.6
402 64.8
458.4 64.8
492 64.8
585.6 64.8
394.8 66
445.2 66
466.8 66
499.2 66
837.6 66
942 66
956.4 66
217.2 67.2
368.4 67.2
372 67.2
588 67.2
594 67.2
206.4 69.6
318 69.6
460.8 69.6
476.4 69.6
490.8 69.6
493.2 69.6
498 69.6
506.4 69.6
885.6 69.6
276 70.8
294 70.8
501.6 70.8
775.2 70.8
937.2 70.8
237.6 72
372 72
471.6 72
488.4 72
885.6 72
927.6 72
932.4 72
952.8 72
345.6 73.2
404.4 73.2
734.4 73.2
187.2 74.4
274.8 74.4
494.4 74.4
602.4 74.4
693.6 74.4
940.8 74.4
949.2 74.4
954 74.4
272.4 75.6
553.2 75.6
558 75.6
888 76.8
924 76.8
946.8 76.8
537.6 78
578.4 78
594 78
777.6 78
952.8 78
374.4 79.2
531.6 80.4
777.6 80.4
939.6 80.4
957.6 80.4
513.6 81.6
478.8 82.8
738 82.8
780 82.8
188.4 84
372 84
504 84
777.6 84
853.2 84
951.6 84
711.6 85.2
842.4 85.2
234 86.4
49.2 87.6
459.6 87.6
909.6 87.6
52.8 88.8
358.8 88.8
748.8 88.8
950.4 88.8
777.6 90
410.4 91.2
51.6 92.4
216 92.4
351.6 92.4
423.6 92.4
598.8 92.4
704.4 92.4
930 92.4
434.4 93.6
709.2 93.6
206.4 94.8
358.8 94.8
783.6 94.8
958.8 94.8
555.6 96
778.8 96
49.2 97.2
669.6 97.2
951.6 97.2
956.4 97.2
594 98.4
409.2 99.6
579.6 99.6
246 100.8
252 100.8
271.2 100.8
573.6 100.8
774 100.8
585.6 102
657.6 102
128.4 103.2
457.2 103.2
592.8 103.2
925.2 103.2
561.6 104.4
624 104.4
760.8 104.4
943.2 104.4
314.4 105.6
646.8 105.6
735.6 105.6
903.6 105.6
451.2 106.8
612 109.2
712.8 109.2
943.2 109.2
434.4 110.4
919.2 110.4
309.6 111.6
322.8 111.6
604.8 111.6
945.6 111.6
588 112.8
352.8 114
759.6 114
906 115.2
403.2 116.4
590.4 116.4
736.8 116.4
924 116.4
967.2 117.6
271.2 118.8
333.6 118.8
729.6 118.8
187.2 120
722.4 120
571.2 121.2
230.4 123.6
253.2 123.6
554.4 123.6
925.2 123.6
332.4 124.8
568.8 124.8
936 128.4
925.2 129.6
657.6 130.8
207.6 132
520.8 132
804 132
784.8 133.2
319.2 134.4
619.2 134.4
787.2 134.4
926.4 134.4
798 135.6
457.2 136.8
480 136.8
642 138
604.8 139.2
756 139.2
916.8 140.4
926.4 140.4
435.6 141.6
634.8 141.6
950.4 141.6
693.6 142.8
714 142.8
716.4 142.8
165.6 144
270 144
700.8 144
796.8 144
807.6 144
950.4 144
417.6 145.2
922.8 145.2
538.8 146.4
333.6 147.6
705.6 147.6
709.2 147.6
331.2 148.8
337.2 148.8
399.6 148.8
547.2 148.8
264 150
544.8 150
948 150
338.4 151.2
924 152.4
534 153.6
909.6 153.6
945.6 153.6
330 154.8
548.4 154.8
556.8 154.8
841.2 154.8
346.8 156
902.4 156
926.4 156
207.6 157.2
481.2 157.2
830.4 157.2
944.4 157.2
957.6 157.2
238.8 158.4
316.8 158.4
531.6 158.4
819.6 158.4
914.4 158.4
321.6 159.6
511.2 159.6
544.8 159.6
550.8 159.6
614.4 159.6
643.2 159.6
926.4 159.6
928.8 159.6
942 159.6
319.2 160.8
481.2 160.8
514.8 160.8
560.4 160.8
819.6 160.8
184.8 162
496.8 162
543.6 162
578.4 162
595.2 162
612 162
927.6 162
300 163.2
474 163.2
482.4 163.2
632.4 163.2
589.2 164.4
462 165.6
464.4 165.6
586.8 165.6
836.4 165.6
345.6 166.8
450 166.8
468 166.8
808.8 166.8
457.2 168
489.6 168
807.6 169.2
814.8 169.2
915.6 169.2
112.8 170.4
451.2 170.4
492 170.4
799.2 170.4
480 171.6
928.8 171.6
115.2 172.8
342 172.8
456 172.8
466.8 172.8
574.8 172.8
718.8 172.8
915.6 172.8
123.6 174
489.6 174
620.4 174
722.4 174
758.4 174
458.4 175.2
318 176.4
453.6 176.4
915.6 176.4
736.8 177.6
763.2 177.6
489.6 178.8
588 178.8
726 178.8
914.4 178.8
345.6 180
381.6 180
472.8 180
342 181.2
738 181.2
742.8 181.2
374.4 182.4
382.8 182.4
462 182.4
475.2 182.4
472.8 183.6
483.6 183.6
716.4 183.6
933.6 183.6
942 184.8
380.4 186
361.2 187.2
961.2 188.4
352.8 189.6
380.4 189.6
666 189.6
946.8 189.6
124.8 190.8
460.8 190.8
910.8 190.8
934.8 190.8
307.2 192
487.2 192
542.4 192
550.8 192
960 192
211.2 193.2
295.2 193.2
318 193.2
360 193.2
380.4 193.2
475.2 193.2
661.2 193.2
126 194.4
933.6 194.4
288 195.6
951.6 195.6
645.6 196.8
648 196.8
982.8 196.8
315.6 198
364.8 199.2
985.2 199.2
170.4 200.4
945.6 200.4
949.2 200.4
976.8 200.4
255.6 201.6
366 201.6
602.4 201.6
640.8 201.6
763.2 201.6
840 202.8
936 202.8
951.6 202.8
315.6 204
378 204
445.2 204
226.8 205.2
288 205.2
312 205.2
484.8 205.2
916.8 205.2
945.6 205.2
279.6 206.4
363.6 206.4
397.2 206.4
256.8 207.6
294 207.6
452.4 207.6
799.2 207.6
825.6 207.6
933.6 207.6
961.2 207.6
410.4 208.8
478.8 208.8
789.6 208.8
375.6 210
388.8 210
451.2 210
484.8 210
514.8 210
759.6 210
210 211.2
704.4 212.4
202.8 213.6
404.4 213.6
486 213.6
744 213.6
704.4 214.8
741.6 214.8
891.6 214.8
919.2 216
938.4 216
453.6 217.2
434.4 218.4
422.4 219.6
526.8 219.6
205.2 220.8
386.4 222
940.8 223.2
379.2 224.4
644.4 224.4
912 224.4
952.8 224.4
404.4 225.6
969.6 225.6
262.8 226.8
906 228
968.4 229.2
633.6 230.4
423.6 231.6
458.4 231.6
795.6 231.6
840 231.6
429.6 232.8
444 232.8
433.2 234
438 234
582 235.2
585.6 235.2
824.4 235.2
414 236.4
420 236.4
442.8 236.4
547.2 236.4
211.2 237.6
204 238.8
398.4 238.8
446.4 238.8
452.4 238.8
416.4 240
289.2 241.2
739.2 242.4
411.6 243.6
450 243.6
765.6 243.6
405.6 246
453.6 246
362.4 247.2
952.8 247.2
721.2 248.4
764.4 249.6
458.4 250.8
696 252
942 254.4
258 255.6
528 255.6
691.2 255.6
240 256.8
400.8 256.8
516 256.8
654 256.8
670.8 256.8
459.6 258
916.8 258
463.2 260.4
538.8 260.4
644.4 260.4
940.8 260.4
231.6 261.6
958.8 261.6
609.6 262.8
940.8 262.8
518.4 264
172.8 267.6
820.8 268.8
364.8 270
424.8 270
448.8 270
543.6 270
697.2 270
298.8 271.2
312 271.2
514.8 271.2
849.6 271.2
424.8 274.8
842.4 274.8
258 276
452.4 276
544.8 276
418.8 277.2
843.6 277.2
727.2 278.4
922.8 278.4
764.4 279.6
841.2 279.6
414 280.8
436.8 282
124.8 283.2
714 283.2
918 283.2
927.6 283.2
543.6 284.4
426 285.6
970.8 285.6
200.4 286.8
670.8 286.8
726 286.8
927.6 286.8
978 286.8
942 288
631.2 289.2
957.6 289.2
974.4 289.2
930 290.4
486 292.8
906 292.8
482.4 294
658.8 294
687.6 294
940.8 294
471.6 295.2
948 295.2
417.6 296.4
476.4 296.4
625.2 296.4
932.4 296.4
288 297.6
297.6 297.6
729.6 297.6
942 297.6
270 298.8
343.2 298.8
748.8 298.8
916.8 298.8
951.6 298.8
552 300
726 300
483.6 301.2
492 301.2
541.2 301.2
942 301.2
261.6 302.4
944.4 302.4
258 303.6
390 303.6
466.8 303.6
517.2 303.6
621.6 303.6
230.4 304.8
343.2 304.8
728.4 304.8
261.6 306
340.8 306
374.4 306
379.2 306
436.8 306
715.2 306
846 306
919.2 306
441.6 307.2
660 307.2
547.2 309.6
840 309.6
385.2 310.8
420 310.8
836.4 310.8
844.8 310.8
940.8 310.8
344.4 312
970.8 312
190.8 313.2
378 313.2
423.6 313.2
544.8 313.2
726 313.2
859.2 313.2
294 314.4
296.4 314.4
445.2 314.4
564 315.6
723.6 315.6
728.4 315.6
420 316.8
427.2 316.8
482.4 316.8
553.2 316.8
786 316.8
922.8 316.8
938.4 316.8
536.4 318
750 318
570 319.2
939.6 319.2
343.2 320.4
351.6 320.4
687.6 320.4
735.6 321.6
261.6 322.8
433.2 322.8
681.6 322.8
691.2 322.8
366 324
444 324
480 324
795.6 324
798 324
270 325.2
385.2 325.2
682.8 325.2
426 326.4
442.8 326.4
478.8 326.4
264 327.6
484.8 327.6
490.8 327.6
676.8 327.6
183.6 328.8
190.8 328.8
261.6 328.8
426 328.8
442.8 328.8
469.2 328.8
475.2 328.8
228 330
252 330
430.8 330
262.8 331.2
348 331.2
982.8 331.2
214.8 332.4
432 332.4
706.8 332.4
355.2 333.6
520.8 333.6
642 333.6
342 334.8
352.8 334.8
386.4 334.8
550.8 334.8
264 336
378 336
392.4 336
518.4 337.2
984 337.2
372 338.4
385.2 338.4
553.2 338.4
922.8 338.4
376.8 339.6
556.8 339.6
919.2 339.6
445.2 340.8
442.8 342
900 342
920.4 342
210 343.2
480 343.2
484.8 343.2
558 343.2
945.6 343.2
476.4 344.4
984 344.4
366 345.6
435.6 345.6
858 346.8
433.2 348
440.4 348
481.2 348
542.4 348
423.6 349.2
426 349.2
432 350.4
255.6 351.6
379.2 351.6
422.4 351.6
429.6 351.6
442.8 351.6
712.8 351.6
426 352.8
435.6 352.8
562.8 352.8
759.6 352.8
417.6 354
429.6 354
440.4 354
802.8 354
853.2 354
858 354
967.2 354
477.6 355.2
544.8 355.2
576 355.2
736.8 355.2
252 356.4
435.6 356.4
442.8 356.4
468 356.4
493.2 356.4
752.4 356.4
756 356.4
260.4 357.6
475.2 357.6
708 357.6
735.6 357.6
849.6 357.6
930 357.6
960 357.6
411.6 358.8
416.4 358.8
744 358.8
830.4 358.8
440.4 360
572.4 360
663.6 360
788.4 360
340.8 361.2
558 361.2
244.8 362.4
393.6 362.4
411.6 362.4
420 362.4
424.8 362.4
662.4 362.4
849.6 362.4
925.2 362.4
372 363.6
378 363.6
436.8 363.6
242.4 366
358.8 366
427.2 366
610.8 367.2
408 368.4
415.2 368.4
420 368.4
458.4 368.4
925.2 368.4
230.4 369.6
426 369.6
430.8 369.6
318 370.8
326.4 370.8
436.8 370.8
459.6 370.8
484.8 370.8
632.4 370.8
920.4 370.8
234 372
417.6 372
423.6 372
580.8 372
808.8 372
356.4 373.2
366 373.2
408 373.2
584.4 373.2
931.2 373.2
418.8 374.4
424.8 374.4
429.6 374.4
440.4 374.4
447.6 374.4
454.8 374.4
459.6 374.4
741.6 374.4
784.8 374.4
386.4 375.6
412.8 375.6
421.2 375.6
435.6 375.6
926.4 375.6
122.4 376.8
408 376.8
442.8 376.8
462 376.8
417.6 378
434.4 379.2
453.6 379.2
457.2 379.2
481.2 379.2
919.2 379.2
925.2 379.2
415.2 380.4
426 380.4
430.8 380.4
933.6 380.4
265.2 381.6
410.4 381.6
452.4 381.6
746.4 381.6
946.8 381.6
973.2 381.6
476.4 382.8
486 382.8
492 382.8
543.6 382.8
739.2 382.8
763.2 382.8
930 382.8
400.8 384
415.2 384
470.4 384
472.8 384
723.6 384
963.6 384
409.2 385.2
452.4 385.2
457.2 385.2
448.8 386.4
459.6 386.4
684 386.4
974.4 386.4
982.8 386.4
316.8 387.6
412.8 387.6
415.2 387.6
630 387.6
663.6 387.6
946.8 387.6
235.2 388.8
242.4 388.8
373.2 388.8
379.2 388.8
393.6 388.8
463.2 388.8
622.8 388.8
678 388.8
934.8 388.8
322.8 390
386.4 390
400.8 390
414 390
522 390
618 391.2
943.2 391.2
964.8 391.2
319.2 392.4
535.2 392.4
594 392.4
465.6 393.6
580.8 393.6
621.6 393.6
630 393.6
973.2 393.6
394.8 396
366 397.2
118.8 398.4
636 398.4
950.4 398.4
477.6 399.6
482.4 399.6
486 399.6
710.4 400.8
784.8 400.8
618 402
316.8 403.2
326.4 403.2
379.2 403.2
902.4 403.2
386.4 404.4
400.8 404.4
734.4 404.4
276 405.6
279.6 405.6
849.6 405.6
819.6 406.8
271.2 408
834 409.2
282 411.6
848.4 411.6
182.4 412.8
770.4 412.8
852 412.8
921.6 412.8
230.4 414
930 414
217.2 415.2
206.4 416.4
211.2 416.4
118.8 418.8
960 418.8
207.6 420
217.2 420
945.6 421.2
121.2 422.4
118.8 424.8
212.4 424.8
238.8 424.8
253.2 424.8
810 424.8
940.8 424.8
208.8 427.2
594 427.2
708 427.2
818.4 427.2
951.6 428.4
208.8 430.8
214.8 430.8
211.2 432
728.4 432
346.8 435.6
937.2 435.6
207.6 436.8
117.6 438
216 438
675.6 438
680.4 438
205.2 439.2
411.6 439.2
210 440.4
213.6 440.4
638.4 440.4
656.4 440.4
684 440.4
768 440.4
120 441.6
206.4 441.6
217.2 441.6
418.8 441.6
556.8 441.6
579.6 441.6
628.8 441.6
326.4 442.8
342 442.8
378 442.8
394.8 442.8
409.2 442.8
451.2 442.8
512.4 442.8
663.6 442.8
670.8 442.8
734.4 442.8
738 442.8
769.2 442.8
242.4 444
246 444
278.4 444
292.8 444
930 444
117.6 445.2
406.8 445.2
420 445.2
465.6 445.2
478.8 445.2
518.4 445.2
526.8 445.2
542.4 445.2
613.2 445.2
238.8 446.4
267.6 446.4
303.6 446.4
315.6 446.4
366 446.4
732 446.4
374.4 447.6
429.6 447.6
454.8 447.6
490.8 447.6
516 447.6
554.4 447.6
583.2 447.6
625.2 447.6
691.2 447.6
928.8 447.6
121.2 448.8
224.4 448.8
249.6 448.8
274.8 448.8
296.4 448.8
309.6 448.8
472.8 448.8
535.2 448.8
603.6 448.8
262.8 450
666 450
825.6 450
711.6 451.2
717.6 451.2
774 451.2
840 451.2
927.6 451.2
415.2 452.4
232.8 453.6
202.8 454.8
217.2 454.8
716.4 454.8
938.4 454.8
706.8 456
120 457.2
673.2 457.2
250.8 458.4
297.6 458.4
346.8 458.4
799.2 458.4
829.2 458.4
274.8 459.6
285.6 459.6
333.6 459.6
399.6 459.6
429.6 459.6
442.8 459.6
457.2 459.6
640.8 459.6
709.2 459.6
931.2 459.6
415.2 460.8
502.8 460.8
568.8 460.8
674.4 460.8
895.2 460.8
289.2 462
344.4 462
397.2 462
454.8 462
536.4 462
490.8 463.2
498 463.2
508.8 463.2
516 463.2
554.4 463.2
576 463.2
583.2 463.2
561.6 464.4
626.4 464.4
633.6 464.4
930 465.6
72 466.8
278.4 466.8
292.8 466.8
326.4 466.8
801.6 466.8
378 468
798 468
433.2 469.2
453.6 469.2
493.2 469.2
658.8 469.2
514.8 470.4
558 470.4
582 470.4
932.4 470.4
628.8 471.6
927.6 472.8
716.4 474
721.2 475.2
802.8 475.2
710.4 476.4
712.8 477.6
697.2 478.8
906 478.8
933.6 478.8
879.6 480
795.6 481.2
970.8 481.2
820.8 482.4
834 483.6
746.4 484.8
732 486
813.6 486
691.2 487.2
970.8 488.4
750 489.6
756 489.6
154.8 490.8
165.6 490.8
152.4 495.6
783.6 496.8
758.4 499.2
186 500.4
106.8 501.6
828 505.2
975.6 505.2
979.2 505.2
726 506.4
742.8 506.4
723.6 507.6
732 507.6
738 507.6
114 508.8
116.4 508.8
164.4 508.8
192 508.8
717.6 508.8
751.2 508.8
802.8 508.8
835.2 508.8
883.2 508.8
978 508.8
598.8 513.6
608.4 513.6
787.2 513.6
151.2 514.8
192 514.8
548.4 514.8
120 516
540 516
970.8 516
716.4 517.2
920.4 517.2
116.4 518.4
525.6 518.4
979.2 518.4
153.6 519.6
518.4 519.6
516 520.8
975.6 520.8
220.8 523.2
506.4 523.2
531.6 523.2
102 525.6
495.6 525.6
243.6 526.8
631.2 526.8
979.2 526.8
105.6 528
151.2 528
154.8 528
469.2 528
625.2 528
940.8 528
103.2 529.2
435.6 529.2
510 529.2
541.2 529.2
426 530.4
745.2 530.4
108 531.6
549.6 531.6
328.8 532.8
597.6 532.8
637.2 532.8
705.6 532.8
151.2 534
544.8 534
584.4 536.4
940.8 536.4
325.2 537.6
499.2 537.6
714 537.6
117.6 538.8
162 538.8
526.8 538.8
688.8 538.8
962.4 540
151.2 541.2
105.6 542.4
462 542.4
888 542.4
234 543.6
274.8 543.6
589.2 543.6
495.6 544.8
969.6 544.8
102 546
402 546
408 546
734.4 546
144 547.2
744 547.2
752.4 547.2
727.2 548.4
949.2 548.4
960 548.4
43.2 549.6
142.8 549.6
205.2 549.6
364.8 549.6
510 549.6
546 549.6
784.8 549.6
870 549.6
116.4 550.8
132 550.8
134.4 550.8
214.8 550.8
325.2 550.8
549.6 550.8
801.6 550.8
895.2 550.8
982.8 550.8
391.2 552
393.6 552
422.4 552
463.2 552
639.6 552
738 552
900 552
232.8 553.2
241.2 553.2
522 553.2
625.2 553.2
955.2 553.2
963.6 553.2
201.6 554.4
361.2 554.4
781.2 554.4
811.2 554.4
952.8 554.4
975.6 554.4
284.4 555.6
735.6 555.6
897.6 555.6
934.8 555.6
787.2 556.8
829.2 556.8
836.4 556.8
873.6 556.8
870 558
318 559.2
440.4 559.2
600 559.2
608.4 559.2
830.4 559.2
843.6 559.2
280.8 560.4
326.4 560.4
422.4 560.4
687.6 560.4
747.6 560.4
974.4 560.4
109.2 561.6
518.4 561.6
940.8 561.6
962.4 561.6
980.4 561.6
52.8 562.8
368.4 562.8
832.8 562.8
866.4 562.8
450 564
975.6 564
235.2 565.2
427.2 565.2
982.8 565.2
202.8 566.4
364.8 567.6
520.8 567.6
192 568.8
472.8 568.8
981.6 568.8
231.6 570
554.4 570
56.4 572.4
454.8 572.4
982.8 572.4
319.2 573.6
457.2 573.6
690 573.6
440.4 574.8
559.2 574.8
61.2 576
423.6 576
566.4 576
693.6 576
702 576
159.6 577.2
72 578.4
315.6 578.4
985.2 578.4
328.8 579.6
436.8 580.8
427.2 582
984 582
364.8 583.2
435.6 583.2
798 583.2
428.4 584.4
802.8 584.4
972 584.4
976.8 585.6
183.6 586.8
560.4 588
801.6 588
813.6 588
565.2 591.6
955.2 591.6
890.4 594
896.4 596.4
932.4 596.4
927.6 597.6
930 597.6
954 597.6
890.4 598.8
903.6 598.8
920.4 598.8
936 600
933.6 601.2
891.6 602.4
955.2 602.4
981.6 602.4
39.6 604.8
740.4 606
934.8 606
985.2 606
913.2 607.2
910.8 609.6
918 610.8
973.2 614.4
890.4 615.6
981.6 615.6
985.2 618
907.2 621.6
936 621.6
939.6 621.6
897.6 622.8
901.2 622.8
925.2 622.8
220.8 624
943.2 624
764.4 625.2
932.4 625.2
774 627.6
937.2 627.6
970.8 627.6
939.6 628.8
982.8 628.8
956.4 631.2
255.6 634.8
259.2 636
264 636
274.8 637.2
280.8 637.2
721.2 637.2
232.8 638.4
236.4 638.4
288 638.4
253.2 639.6
582 639.6
256.8 642
459.36 44.64
921.6 44.64
302.4 46.08
436.32 46.08
462.24 46.08
596.16 47.52
836.64 47.52
443.52 48.96
453.6 48.96
816.48 48.96
362.88 50.4
779.04 50.4
812.16 50.4
406.08 51.84
453.6 51.84
400.32 53.28
921.6 53.28
934.56 53.28
408.96 54.72
440.64 54.72
426.24 56.16
493.92 56.16
789.12 56.16
836.64 56.16
233.28 57.6
378.72 57.6
630.72 57.6
779.04 57.6
408.96 59.04
781.92 60.48
950.4 60.48
372.96 61.92
420.48 61.92
447.84 61.92
717.12 61.92
758.88 61.92
597.6 63.36
383.04 64.8
459.36 64.8
491.04 64.8
371.52 66.24
394.56 66.24
444.96 66.24
466.56 66.24
495.36 66.24
956.16 66.24
931.68 67.68
941.76 67.68
476.64 69.12
492.48 69.12
498.24 69.12
506.88 69.12
885.6 69.12
293.76 70.56
318.24 70.56
501.12 70.56
774.72 70.56
937.44 70.56
237.6 72
372.96 72
472.32 72
488.16 72
496.8 72
931.68 72
345.6 73.44
404.64 73.44
493.92 73.44
734.4 73.44
940.32 73.44
272.16 74.88
558.72 74.88
695.52 74.88
924.48 76.32
933.12 76.32
950.4 76.32
374.4 77.76
538.56 77.76
502.56 80.64
531.36 80.64
371.52 83.52
777.6 83.52
853.92 83.52
951.84 83.52
642.24 84.96
842.4 84.96
457.92 86.4
933.12 86.4
48.96 87.84
910.08 87.84
53.28 89.28
777.6 89.28
410.4 90.72
423.36 90.72
216 92.16
599.04 92.16
704.16 92.16
558.72 93.6
610.56 93.6
930.24 93.6
205.92 95.04
358.56 95.04
943.2 95.04
959.04 95.04
48.96 96.48
784.8 96.48
951.84 96.48
593.28 99.36
757.44 99.36
244.8 100.8
252 100.8
270.72 100.8
325.44 100.8
574.56 100.8
128.16 102.24
925.92 102.24
456.48 103.68
560.16 103.68
593.28 103.68
761.76 103.68
313.92 105.12
622.08 105.12
452.16 106.56
542.88 106.56
760.32 106.56
904.32 106.56
725.76 108
943.2 109.44
433.44 110.88
604.8 110.88
727.2 110.88
907.2 110.88
555.84 112.32
588.96 112.32
946.08 112.32
354.24 113.76
758.88 113.76
738.72 115.2
905.76 115.2
924.48 116.64
728.64 118.08
188.64 119.52
321.12 119.52
714.24 119.52
570.24 120.96
561.6 128.16
612 128.16
936 128.16
784.8 132.48
803.52 132.48
925.92 132.48
319.68 133.92
619.2 133.92
767.52 133.92
336.96 135.36
797.76 135.36
318.24 138.24
642.24 138.24
754.56 138.24
917.28 139.68
325.44 141.12
925.92 141.12
950.4 141.12
715.68 142.56
269.28 144
694.08 144
699.84 144
923.04 144
950.4 144
417.6 145.44
334.08 146.88
538.56 146.88
263.52 149.76
545.76 149.76
338.4 151.2
692.64 151.2
532.8 152.64
923.04 152.64
347.04 155.52
550.08 155.52
557.28 155.52
901.44 155.52
925.92 155.52
207.36 156.96
480.96 156.96
820.8 156.96
829.44 156.96
957.6 156.96
239.04 158.4
316.8 158.4
532.8 158.4
550.08 158.4
613.44 158.4
914.4 158.4
511.2 159.84
544.32 159.84
560.16 159.84
928.8 159.84
596.16 161.28
496.8 162.72
561.6 162.72
604.8 162.72
630.72 162.72
928.8 162.72
473.76 164.16
482.4 164.16
588.96 164.16
466.56 165.6
489.6 165.6
345.6 167.04
447.84 167.04
597.6 167.04
457.92 168.48
480.96 169.92
491.04 169.92
800.64 169.92
118.08 171.36
928.8 171.36
115.2 172.8
120.96 172.8
252 172.8
341.28 172.8
466.56 172.8
574.56 172.8
620.64 172.8
718.56 172.8
915.84 172.8
123.84 174.24
722.88 174.24
453.6 175.68
489.6 177.12
761.76 177.12
383.04 178.56
387.36 178.56
587.52 178.56
914.4 178.56
341.28 180
924.48 180
462.24 181.44
383.04 182.88
475.2 182.88
463.68 184.32
483.84 184.32
361.44 185.76
381.6 185.76
698.4 187.2
764.64 187.2
947.52 188.64
213.12 190.08
352.8 190.08
357.12 190.08
380.16 190.08
460.8 190.08
204.48 191.52
308.16 191.52
541.44 191.52
295.2 192.96
319.68 192.96
322.56 192.96
475.2 192.96
486.72 192.96
551.52 192.96
666.72 192.96
126.72 194.4
188.64 194.4
429.12 194.4
410.4 197.28
430.56 197.28
456.48 197.28
646.56 197.28
316.8 198.72
365.76 198.72
171.36 200.16
344.16 200.16
374.4 200.16
946.08 200.16
254.88 201.6
365.76 201.6
603.36 201.6
640.8 201.6
378.72 203.04
444.96 203.04
839.52 203.04
951.84 203.04
315.36 204.48
305.28 205.92
364.32 205.92
397.44 205.92
485.28 205.92
917.28 205.92
452.16 207.36
479.52 207.36
799.2 207.36
388.8 208.8
410.4 208.8
933.12 208.8
208.8 210.24
450.72 210.24
758.88 210.24
374.4 211.68
918.72 211.68
203.04 213.12
485.28 213.12
403.2 214.56
705.6 214.56
918.72 216
434.88 217.44
453.6 217.44
937.44 217.44
205.92 220.32
385.92 221.76
676.8 223.2
380.16 224.64
645.12 224.64
912.96 224.64
280.8 226.08
404.64 226.08
433.44 228.96
423.36 230.4
443.52 231.84
433.44 233.28
429.12 234.72
437.76 234.72
584.64 234.72
424.8 236.16
442.08 236.16
547.2 236.16
828 236.16
211.68 237.6
420.48 237.6
204.48 239.04
398.88 239.04
446.4 239.04
452.16 239.04
289.44 240.48
416.16 240.48
450.72 241.92
738.72 241.92
411.84 243.36
764.64 243.36
915.84 243.36
408.96 247.68
455.04 250.56
519.84 250.56
407.52 252
457.92 252
941.76 253.44
691.2 254.88
240.48 256.32
527.04 256.32
653.76 256.32
459.36 257.76
401.76 259.2
463.68 259.2
223.2 260.64
538.56 260.64
643.68 260.64
231.84 262.08
612 263.52
188.64 264.96
172.8 267.84
364.32 269.28
396 269.28
436.32 269.28
449.28 269.28
544.32 269.28
298.08 270.72
514.08 270.72
696.96 270.72
849.6 270.72
424.8 273.6
790.56 273.6
257.76 275.04
547.2 275.04
648 275.04
387.36 276.48
421.92 276.48
246.24 277.92
730.08 279.36
763.2 279.36
840.96 279.36
437.76 280.8
544.32 282.24
698.4 282.24
927.36 282.24
125.28 283.68
426.24 285.12
972 285.12
200.16 286.56
671.04 286.56
725.76 286.56
924.48 286.56
977.76 286.56
685.44 288
941.76 288
957.6 288
632.16 289.44
623.52 290.88
930.24 290.88
482.4 293.76
488.16 293.76
617.76 293.76
659.52 293.76
470.88 295.2
289.44 296.64
417.6 296.64
943.2 298.08
951.84 298.08
344.16 299.52
552.96 299.52
627.84 299.52
725.76 299.52
748.8 299.52
252 300.96
483.84 300.96
492.48 300.96
541.44 300.96
262.08 302.4
352.8 302.4
475.2 302.4
843.84 302.4
390.24 303.84
466.56 303.84
516.96 303.84
620.64 303.84
715.68 303.84
728.64 303.84
734.4 303.84
938.88 303.84
228.96 305.28
342.72 305.28
374.4 305.28
380.16 305.28
976.32 305.28
437.76 306.72
440.64 306.72
660.96 308.16
938.88 308.16
839.52 309.6
384.48 311.04
393.12 311.04
420.48 311.04
424.8 311.04
728.64 311.04
941.76 311.04
950.4 311.04
970.56 311.04
191.52 312.48
344.16 312.48
378.72 312.48
545.76 312.48
617.76 312.48
444.96 313.92
483.84 315.36
563.04 315.36
728.64 315.36
420.48 316.8
426.24 316.8
554.4 316.8
923.04 316.8
267.84 318.24
540 318.24
568.8 319.68
688.32 319.68
263.52 321.12
344.16 321.12
352.8 321.12
433.44 322.56
682.56 322.56
691.2 322.56
721.44 322.56
365.76 324
385.92 324
439.2 324
708.48 324
794.88 324
267.84 325.44
491.04 326.88
227.52 328.32
262.08 328.32
272.16 328.32
475.2 328.32
252 329.76
424.8 329.76
430.56 329.76
442.08 329.76
468 329.76
483.84 329.76
262.08 331.2
705.6 331.2
214.56 332.64
200.16 334.08
354.24 334.08
642.24 334.08
263.52 335.52
341.28 335.52
391.68 335.52
518.4 336.96
371.52 338.4
230.4 339.84
557.28 339.84
252 341.28
918.72 341.28
210.24 342.72
263.52 342.72
443.52 342.72
480.96 342.72
557.28 342.72
475.2 344.16
483.84 344.16
561.6 345.6
545.76 347.04
423.36 348.48
440.64 348.48
433.44 349.92
254.88 351.36
378.72 351.36
385.92 351.36
421.92 351.36
429.12 351.36
436.32 351.36
712.8 351.36
961.92 351.36
561.6 352.8
852.48 352.8
966.24 352.8
417.6 354.24
440.64 354.24
858.24 354.24
756 355.68
260.64 357.12
443.52 357.12
452.16 357.12
468 357.12
476.64 357.12
849.6 357.12
930.24 357.12
357.12 358.56
413.28 358.56
440.64 360
522.72 360
558.72 361.44
244.8 362.88
371.52 362.88
378.72 362.88
393.12 362.88
410.4 362.88
424.8 362.88
518.4 362.88
662.4 362.88
925.92 362.88
419.04 364.32
241.92 365.76
358.56 365.76
426.24 365.76
414.72 367.2
610.56 367.2
407.52 368.64
457.92 368.64
924.48 368.64
326.88 370.08
427.68 370.08
485.28 370.08
921.6 370.08
234.72 371.52
444.96 371.52
355.68 372.96
365.76 372.96
407.52 372.96
587.52 372.96
419.04 374.4
430.56 374.4
436.32 374.4
447.84 374.4
455.04 374.4
591.84 374.4
741.6 374.4
385.92 375.84
407.52 375.84
439.2 375.84
462.24 375.84
586.08 375.84
915.84 375.84
925.92 375.84
122.4 377.28
416.16 377.28
443.52 377.28
434.88 378.72
452.16 378.72
457.92 378.72
480.96 378.72
633.6 378.72
924.48 378.72
414.72 380.16
430.56 380.16
920.16 380.16
264.96 381.6
410.4 381.6
426.24 381.6
452.16 381.6
555.84 381.6
947.52 381.6
973.44 381.6
305.28 383.04
473.76 383.04
476.64 383.04
489.6 383.04
492.48 383.04
544.32 383.04
738.72 383.04
930.24 383.04
963.36 383.04
460.8 384.48
447.84 385.92
455.04 385.92
684 385.92
316.8 387.36
414.72 387.36
475.2 387.36
629.28 387.36
663.84 387.36
236.16 388.8
243.36 388.8
372.96 388.8
393.12 388.8
622.08 388.8
676.8 388.8
934.56 388.8
324 390.24
401.76 390.24
521.28 390.24
617.76 390.24
943.2 390.24
535.68 391.68
594.72 391.68
964.8 391.68
319.68 393.12
519.84 393.12
581.76 393.12
973.44 393.12
465.12 394.56
745.92 394.56
396 396
118.08 397.44
365.76 397.44
635.04 397.44
950.4 397.44
478.08 398.88
482.4 398.88
784.8 400.32
930.24 400.32
383.04 401.76
617.76 401.76
326.88 403.2
380.16 403.2
401.76 403.2
924.48 403.2
385.92 404.64
734.4 404.64
273.6 408.96
835.2 408.96
282.24 411.84
230.4 413.28
771.84 413.28
852.48 413.28
921.6 413.28
217.44 414.72
930.24 414.72
207.36 416.16
691.2 416.16
118.08 417.6
734.4 417.6
216 419.04
208.8 420.48
717.12 420.48
120.96 421.92
946.08 421.92
940.32 423.36
211.68 424.8
252 424.8
208.8 427.68
214.56 429.12
280.8 432
508.32 432
211.68 433.44
347.04 434.88
937.44 434.88
950.4 434.88
216 436.32
208.8 437.76
676.8 437.76
679.68 437.76
767.52 439.2
205.92 440.64
417.6 440.64
627.84 440.64
636.48 440.64
656.64 440.64
120.96 442.08
342.72 442.08
377.28 442.08
394.56 442.08
408.96 442.08
433.44 442.08
450.72 442.08
495.36 442.08
511.2 442.08
558.72 442.08
578.88 442.08
671.04 442.08
734.4 442.08
738.72 442.08
244.8 443.52
279.36 443.52
292.32 443.52
328.32 443.52
118.08 444.96
406.08 444.96
420.48 444.96
465.12 444.96
479.52 444.96
527.04 444.96
542.88 444.96
594.72 444.96
612 444.96
640.8 444.96
239.04 446.4
256.32 446.4
267.84 446.4
303.84 446.4
315.36 446.4
488.16 446.4
623.52 446.4
731.52 446.4
250.56 447.84
273.6 447.84
296.64 447.84
309.6 447.84
345.6 447.84
397.44 447.84
430.56 447.84
455.04 447.84
472.32 447.84
534.24 447.84
554.4 447.84
583.2 447.84
603.36 447.84
220.32 449.28
262.08 449.28
665.28 449.28
717.12 450.72
773.28 450.72
840.96 450.72
928.8 450.72
414.72 452.16
472.32 452.16
535.68 452.16
604.8 452.16
231.84 453.6
203.04 455.04
217.44 455.04
717.12 455.04
938.88 455.04
707.04 456.48
799.2 457.92
285.12 459.36
296.64 459.36
334.08 459.36
345.6 459.36
385.92 459.36
398.88 459.36
429.12 459.36
442.08 459.36
640.8 459.36
653.76 459.36
709.92 459.36
931.68 459.36
456.48 460.8
502.56 460.8
568.8 460.8
722.88 460.8
289.44 462.24
491.04 462.24
516.96 462.24
584.64 462.24
561.6 463.68
576 463.68
626.4 463.68
930.24 465.12
72 466.56
277.92 466.56
292.32 466.56
326.88 466.56
378.72 466.56
433.44 468
658.08 468
799.2 468
492.48 469.44
514.08 469.44
558.72 469.44
581.76 470.88
629.28 470.88
933.12 470.88
927.36 472.32
715.68 475.2
721.44 475.2
737.28 475.2
803.52 475.2
223.2 478.08
879.84 479.52
907.2 479.52
920.16 480.96
835.2 483.84
218.88 485.28
745.92 485.28
813.6 485.28
691.2 486.72
966.24 488.16
155.52 489.6
167.04 489.6
750.24 489.6
152.64 495.36
552.96 498.24
758.88 499.68
187.2 501.12
829.44 505.44
116.64 506.88
731.52 506.88
738.72 506.88
113.76 508.32
164.16 508.32
751.68 508.32
802.08 508.32
835.2 508.32
977.76 508.32
879.84 509.76
151.2 514.08
191.52 514.08
119.52 515.52
540 515.52
548.64 515.52
633.6 515.52
970.56 515.52
116.64 516.96
152.64 519.84
970.56 521.28
976.32 521.28
505.44 522.72
531.36 522.72
583.2 524.16
957.6 524.16
100.8 525.6
495.36 525.6
630.72 527.04
151.2 528.48
470.88 528.48
509.76 528.48
541.44 528.48
120.96 529.92
426.24 529.92
108 531.36
548.64 531.36
396 532.8
637.92 532.8
705.6 532.8
151.2 534.24
584.64 535.68
738.72 535.68
714.24 537.12
118.08 538.56
105.12 541.44
696.96 541.44
888.48 541.44
460.8 542.88
273.6 544.32
495.36 544.32
969.12 544.32
401.76 545.76
407.52 545.76
735.84 545.76
472.32 547.2
743.04 547.2
753.12 547.2
948.96 547.2
960.48 547.2
728.64 548.64
868.32 548.64
132.48 550.08
214.56 550.08
325.44 550.08
439.2 550.08
511.2 550.08
548.64 550.08
895.68 550.08
116.64 551.52
423.36 551.52
463.68 551.52
737.28 551.52
802.08 551.52
900 551.52
231.84 552.96
241.92 552.96
640.8 552.96
809.28 552.96
954.72 552.96
768.96 557.28
829.44 557.28
838.08 557.28
874.08 557.28
440.64 558.72
600.48 558.72
607.68 558.72
109.44 560.16
326.88 560.16
688.32 560.16
748.8 560.16
404.64 561.6
941.76 561.6
961.92 561.6
450.72 563.04
832.32 563.04
496.8 564.48
203.04 565.92
865.44 565.92
959.04 565.92
519.84 567.36
973.44 567.36
472.32 568.8
475.2 571.68
319.68 573.12
396 573.12
390.24 574.56
558.72 576
567.36 576
702.72 577.44
315.36 578.88
436.32 580.32
564.48 580.32
799.2 583.2
184.32 586.08
802.08 587.52
954.72 590.4
564.48 591.84
897.12 596.16
933.12 596.16
954.72 596.16
574.56 597.6
889.92 597.6
930.24 597.6
904.32 599.04
920.16 599.04
934.56 600.48
954.72 601.92
934.56 604.8
914.4 606.24
918.72 610.56
914.4 613.44
973.44 614.88
889.92 616.32
908.64 620.64
936 620.64
933.12 622.08
940.32 622.08
897.12 623.52
764.64 624.96
937.44 626.4
970.56 630.72
254.88 633.6
259.2 636.48
275.04 636.48
282.24 636.48
