3186
611.424 611.907
303.841 487.341
595.273 51.4284
595.273 51.4284
638.19 219.99
986.668 184.549
521.397 611.776
949.669 264.965
315.07 137.56
630.825 135.445
478.676 355.05
317.816 214.286
491.091 612.318
491.091 612.318
444.715 229.223
500.793 237.855
684.044 244.101
944.786 109.213
451.774 299.425
451.774 299.425
511.566 116.857
511.566 116.857
511.566 116.857
473.861 488.68
939.333 45.292
611.096 488.024
611.096 488.024
634.615 578.632
474.302 20.2182
968.964 44.263
541.416 178.915
407.437 178.022
407.437 178.022
971.443 124.174
546.093 145.559
975.628 152.912
975.628 152.912
661.69 481.572
287.819 456.106
404.591 144.605
945.625 344.252
497.476 301.559
204.743 467.935
666.388 455.169
658.438 147.594
746.305 464.395
440.593 113.351
440.593 113.351
717.219 441.623
237.239 468.973
499.15 331.952
476.78 316.915
476.78 316.915
476.78 316.915
423.785 204.941
915.76 50.6681
941.677 370.895
936.538 178.278
31.9634 535.35
376.905 115.963
376.905 115.963
232.582 418.859
689.868 367.769
949.604 92.2439
1009.5 210.099
1009.5 210.099
84.6319 122.091
251.192 557.495
962.282 372.484
337.642 329.023
737.614 445.071
194.171 326.45
968.743 213.458
155.673 326.064
155.673 326.064
952.489 240.926
949.44 128.41
597.454 600.574
667.581 220.166
945.562 521.874
315.819 157.63
315.819 157.63
328.022 49.4298
481.069 212.696
481.069 212.696
722.373 537.964
465.606 238.397
945.645 545.892
945.645 545.892
945.645 545.892
85.7477 379.173
565.62 228.138
474.617 295.79
924.982 547.285
819.34 340.031
638.382 194.395
85.3764 399.855
85.3764 399.855
603.28 63.379
475.741 228.159
592.082 442.953
473.516 148.671
953.187 144.763
563.582 454.498
563.582 454.498
999.746 197.448
490.055 273.059
922.21 155.667
543.854 454.477
543.854 454.477
505.253 640.652
615.228 454.405
464.726 455.153
934.577 206.339
249.349 352.889
249.349 352.889
504.358 454.764
293.874 33.0477
293.874 33.0477
633.121 156.872
489.845 454.776
471.144 640.694
423.527 455.086
411.301 455.276
478.636 454.962
941.14 142.422
636.127 454.454
204.763 413.749
204.763 413.749
344.4 455.854
656.367 206.513
475.984 135.787
475.984 135.787
612.147 130.354
612.147 130.354
711.34 312.06
617.743 53.9707
449.454 455.565
920.124 98.7993
387.918 456.037
387.918 456.037
701.678 373.9
944.618 295.663
477.314 271.26
477.314 271.26
369.486 205.751
369.486 205.751
690.052 283.533
931.405 148.417
589.999 27.8651
589.999 27.8651
295.449 347.874
961.837 136.083
528.544 106.243
738.246 254.403
647.072 343.91
180.457 332.093
180.457 332.093
279.033 411.907
259.753 406.913
518.336 108.408
518.336 108.408
15.9198 523.25
346.03 138.242
80.8604 118.011
528.467 105.278
961.313 136.83
448.062 42.4397
474.274 280.874
253.161 573.925
935.987 304.507
662.056 239.584
143.307 306.382
454.853 42.3517
1000.14 552.621
443.903 338.852
443.903 338.852
324.535 192.904
562.656 6.59134
562.656 6.59134
429.519 208.231
928.098 276.328
514.046 326.948
681.612 493.492
1010.37 242.48
79.934 430.641
768.729 69.1699
169.229 234.288
747.502 131.966
526.978 158.472
324.498 201.802
313.475 456.53
472.427 42.195
512.774 36.7922
512.774 36.7922
929.162 77.3769
422.896 42.2808
1013.79 213.953
326.994 158.332
769.945 268.095
682.651 511.91
309.129 596.227
194.48 426.652
194.48 426.652
152.07 330.118
513.254 205.926
406.031 41.924
528.121 42.3592
473.357 206.677
822.286 342.947
237.195 312.108
406.684 105.965
406.684 105.965
934.385 540.1
931.333 117.561
615.832 153.794
615.832 153.794
841.933 267.262
923.573 170.836
952.896 514.353
390.17 112.697
361.001 116.756
961.403 453.675
656.129 115.053
928.975 297.475
52.3617 473.783
243 293.109
266.199 241.206
266.199 241.206
1010.79 223.869
438.02 205.603
828.867 502.224
551.474 77.761
335.161 153.42
335.161 153.42
953.905 446.877
622.311 596.367
146.305 266.416
414.523 18.341
414.523 18.341
988.634 143.442
1010.32 203.181
194.934 436.651
447.442 229.884
447.442 229.884
830.914 421.558
91.0763 389.676
91.0763 389.676
678.052 104.443
304.176 414.723
819.81 228.455
936.07 553.05
936.07 553.05
449.67 274.176
219.274 398.325
470.466 218.073
227.41 246.209
267.736 110.659
303.977 414.777
422.223 157.211
422.223 157.211
78.7817 389.553
745.308 266.405
740.195 409.18
740.195 409.18
479.055 217.372
253.634 398.466
475.511 13.8697
475.511 13.8697
475.511 13.8697
266.495 397.66
479.97 406.598
643.097 66.3884
230.231 398.453
654.679 338.109
615.863 36.7316
33.7047 530.154
483.971 231.901
627.297 589.012
336.404 28.957
480.891 250.926
950.73 70.5087
939.703 466.91
939.703 466.91
84.9512 384.567
84.9512 384.567
683.029 396.827
343.982 29.2665
238.971 398.351
50.9023 173.199
695.374 569.537
713.718 348.09
928.808 87.158
240.99 422.827
521.696 209.573
200.995 104.704
200.995 104.704
222.398 414.689
222.398 414.689
806.965 411.194
607.577 589.814
783.228 388.24
947.274 466.467
634.722 147.199
634.722 147.199
742.793 468.727
742.793 468.727
538.182 257.103
11.7471 548.007
338.838 591.264
431.71 107.046
431.71 107.046
479.438 342.037
673.065 402.854
795.368 405.052
202.428 429.821
183.918 537.864
183.918 537.864
935.776 269.827
746.137 292.784
1011.67 281.536
1011.67 281.536
762.688 539.931
944.224 130.756
944.224 130.756
405.127 256.786
181.425 545.621
299.977 463.671
536.092 110.351
536.092 110.351
274.411 404.479
274.411 404.479
303.168 25.6981
303.168 25.6981
955.325 482.115
295.795 50.2372
100.156 22.0833
804.48 493.529
168.593 104.653
452.279 185.576
647.091 13.3064
647.091 13.3064
333.004 36.2654
333.004 36.2654
455.319 226.072
662.799 402.646
662.799 402.646
76.0887 547.538
295.67 197.459
295.67 197.459
624.211 158.31
624.211 158.31
840.461 440.594
286.356 404.456
623.201 471.007
728.047 397.098
119.366 368.72
99.2466 366.774
99.2466 366.774
811.298 198.814
942.926 88.2942
939.584 221.971
620.501 493.553
559.787 149.01
365.363 398.7
365.363 398.7
946.188 237.816
533.642 413.914
271.851 398.194
271.851 398.194
313.763 470.762
149.847 338.538
824.936 495.297
748.486 259.855
622.565 482.576
622.565 482.576
794.169 387.01
167.705 91.715
167.705 91.715
473.163 325.163
398.218 78.0001
398.218 78.0001
932.074 390.037
521.107 402.769
976.477 447.678
976.477 447.678
185.659 499.447
36.8851 516.248
639.847 151.875
674.951 409.38
382.603 373.913
602.227 397.066
602.227 397.066
176.202 257.672
175.626 280.997
175.626 280.997
720.288 166.289
639.286 548.378
795.047 505.252
610.635 493.952
326.182 37.3011
695.095 397.724
695.095 397.724
929.778 259.983
933.272 471.08
459.542 312.755
459.542 312.755
766.284 384.661
939.421 235.643
930.057 373.215
428.555 357.698
428.555 357.698
367.916 111.104
367.916 111.104
770.723 472.144
239.835 145.298
613.23 595.89
968.166 216.366
552.602 109.651
598.138 409.601
496.845 428.952
496.845 428.952
397.811 123.913
416.115 142.12
209.119 391.705
872.644 270.339
948.024 76.1933
398.837 6.17623
10.5192 541.869
690.143 392.445
690.143 392.445
758.763 299.307
937.677 113.224
937.677 113.224
407.101 250.821
869.695 498.615
936.022 87.2513
529.678 245.837
529.678 245.837
795.372 411.18
795.372 411.18
328.707 129.593
458.895 342.712
458.895 342.712
163.046 274.919
444.006 194.678
444.006 194.678
616.74 589.187
317.954 195.562
589.766 36.4116
917.398 554.927
583.283 397.259
583.283 397.259
617.14 470.619
1010.23 224.086
766.056 280.219
766.056 280.219
539.483 78.9089
941.034 216.227
463.106 179.249
872.292 387.787
436.832 202.51
52.4538 591.861
52.4538 591.861
176.212 229.131
176.212 229.131
111.703 90.4475
804.034 375.875
953.824 556.439
671.929 390.222
455.739 40.3178
507.035 194.962
35.8142 509.972
693.875 373.251
396.193 246.526
414.951 5.80835
509.372 78.7508
483.167 240.833
806.49 504.238
612.787 47.4539
933.72 463.328
752.692 304.323
822.213 334.352
72.8447 103.387
463.801 78.6729
960.732 464.617
555.837 118.845
530.051 257.247
530.051 257.247
303.66 468.937
734.725 403.07
685.716 428.433
401.203 597.289
719.868 328.202
178.162 403.68
741.509 508.631
701.74 468.009
458.007 78.5571
798.266 376.088
678.387 535.352
22.1943 97.585
876.459 509.479
158.122 474.122
847.454 508.663
684.879 483.322
684.879 483.322
117.235 389.915
800.363 137.227
532.217 428.905
602.368 596.388
196.9 98.8741
626.406 126.24
854.029 498.206
746.648 66.9526
885.184 351.194
517.905 78.8502
741.276 303.144
111.741 173.12
951.108 535.396
781.051 489.303
781.051 489.303
472.257 259.357
167.456 62.0975
581.721 30.1729
890.005 505.161
890.005 505.161
949.672 228.282
95.1812 372.322
954.822 201.66
954.822 201.66
715.576 365.564
465.232 24.9895
755.751 385.856
43.1257 231.969
43.1257 231.969
423.357 123.293
540.23 120.276
469.59 21.3218
613.526 329.776
532.305 125.282
846.438 135.392
467.112 342.904
96.7988 404.264
387.644 460.087
987.889 150.93
987.889 150.93
473.212 331.062
847.008 436.612
500.788 345.287
540.072 251.662
717.001 269.177
717.001 269.177
74.8681 373.404
951.824 19.5281
161.754 469.205
623.601 580.088
789.274 130.761
128.8 393.438
794.197 417.33
181.349 531.785
181.349 531.785
399.107 35.2627
66.4484 100.299
66.4484 100.299
709.458 262.163
809.045 256.77
649.906 64.1399
649.906 64.1399
777.86 260.135
777.86 260.135
228.246 62.1368
932.653 400.457
858.07 468.757
766.204 108.072
1006.57 409.852
339.16 65.3213
935.748 242.951
784.216 404.884
239.789 265.919
742.271 298.111
243.177 462.748
521.317 320.221
134.189 171.97
417.778 132.826
342.649 253.787
342.649 253.787
944.703 199.085
920.761 22.1131
125.045 315.852
946.116 537.106
399.841 324.108
933.894 452.949
760.222 530.82
716.611 133.84
716.611 133.84
795.553 446.291
744.839 459.272
402.69 118.16
804.595 166.888
804.595 166.888
416.887 246.777
967.231 448.31
254.089 173.833
783.883 341.814
972.058 286.124
779.869 105.238
1004.06 310.15
770.142 434.802
770.142 434.802
379.109 13.8878
699.086 80.9137
699.086 80.9137
101.415 193.785
960.417 152.315
960.417 152.315
738.908 167.228
481.036 321.398
481.036 321.398
508.804 25.4412
508.804 25.4412
931.235 368.98
936.124 259.266
164.767 67.0356
366.992 29.8905
843.934 147.23
606.545 469.976
742.213 256.934
917.072 536.812
964.883 550.524
313.61 553.037
694.985 83.9577
585.207 41.9467
221.056 342.715
165.287 109.751
165.287 109.751
871.752 4.97455
838.765 382.204
838.765 382.204
926.077 176.476
161.551 389.898
87.1864 361.401
87.1864 361.401
820.3 387.685
701.002 459.34
612.949 59.3833
930.053 309.071
443.322 20.3823
786.138 486.447
434.008 177.847
909.488 496.081
41.3468 75.236
41.3468 75.236
671.104 78.2171
46.4838 524.289
594.154 319.302
871.749 4.85483
784.13 341.92
931.421 368.929
412.95 399.52
412.95 399.52
912.219 329.553
973.095 335.928
817.16 234.107
538.653 3.11039
846.632 441.5
846.632 441.5
253.733 173.605
462.069 645.047
87.1738 361.428
764.417 507.977
700.787 459.295
1003.86 310.37
595.892 89.9724
595.892 89.9724
194.056 441.332
413.787 12.0093
694.766 83.646
612.786 59.4839
138.294 167.012
840.968 137.898
840.968 137.898
367.056 470.141
952.14 20.4257
594.01 319.299
389.873 88.3011
389.873 88.3011
925.636 16.4392
594.616 310.252
594.616 310.252
76.817 394.287
606.885 277.037
627.014 487.791
627.014 487.791
869.685 297.153
783.093 465.305
195.39 282.908
123.231 547.127
123.231 547.127
495.14 25.1481
875.337 65.4768
424.313 117.35
424.313 117.35
811.876 504.19
554.905 9.93454
845.653 446.361
458.864 470.049
157.821 62.0286
125.425 133.098
125.425 133.098
454.611 25.0337
502.304 412.258
728.704 336.017
187.008 318.537
480.412 451.93
278.488 112.545
32.1179 523.717
814.838 27.5105
417.003 247.27
390.063 155.365
846.756 141.737
428.822 374.38
664.54 77.9302
689.382 111.97
742.362 257.265
1005.04 360.467
304.728 58.4917
304.728 58.4917
304.728 58.4917
569.094 215.924
961.47 215.195
1017.42 407.508
587.346 18.0567
838.867 382.351
559.271 450.296
930.691 190.553
930.691 190.553
408.495 107.699
408.495 107.699
762.783 458.926
762.783 458.926
413.182 303.606
778.64 502.735
778.64 502.735
948.252 513.691
933.68 443.688
933.703 437.374
336.574 298.86
767.443 77.2312
767.443 77.2312
403.214 469.957
177.463 333.016
153.295 329.572
354.686 93.9774
519.277 219.183
849.674 152.371
849.674 152.371
715.263 357.28
378.884 215.957
786.14 226.877
786.14 226.877
936.435 192.385
171.116 382.274
564.311 219.458
801.532 435.78
786.627 496.119
811.691 386.62
731.836 107.987
731.836 107.987
467.157 412.006
295.289 43.5966
295.289 43.5966
813.878 378.526
208.193 111.648
208.193 111.648
781.316 382.375
757.083 36.9338
411.163 128.39
775.331 80.9
781.481 3.35818
781.481 3.35818
781.481 3.35818
578.912 35.6861
259.473 410.309
943.973 194.404
688.564 508.295
527.468 79.5608
275.386 42.7687
941.913 332.266
527.875 143.251
698.474 358.255
383.459 219.04
439.074 220.054
117.91 508.787
332.685 94.9074
965.913 385.284
406.259 114.865
406.259 114.865
635.096 486.587
446.248 39.5224
670.791 540.591
971.921 317.794
749.907 125.287
936.585 296
936.585 296
474.675 469.884
484.281 222.024
320.784 60.4645
141.141 364.176
777.166 485.573
548.21 129.803
222.851 112.04
948.204 332.707
788.388 501.135
99.6209 233.093
478.428 298.049
718.067 171.026
544.125 117.122
963.194 286.643
325.432 59.197
743.344 280.721
547.337 362.581
258.994 566.583
389.159 99.1372
997.293 360.562
838.905 264.233
490.015 451.149
483.58 283.951
448.047 79.2447
429.433 219.057
937.462 65.9466
771.926 291.212
616.37 303.675
616.37 303.675
499.706 79.5412
788.463 29.312
998.227 290.042
970.987 562.574
29.5358 422.08
322.035 122.614
322.035 122.614
965.718 211.168
290.955 113.83
290.955 113.83
798.654 262.333
335.582 45.9912
606.774 469.562
89.813 262.711
89.813 262.711
89.813 262.711
514.814 216.394
294.014 59.7629
622.686 61.6118
421.242 597.579
1008.02 209.601
649.362 25.3416
128.131 338.824
690.025 386.9
381.999 10.4045
433.566 215.679
387.831 118.401
387.831 118.401
947.135 74.5841
572.333 224.411
572.333 224.411
698.188 175.428
236.786 225.67
344.683 298.829
793.363 295.821
187.911 333.447
569.638 13.2248
569.638 13.2248
369.505 35.2019
180.12 254.619
463.77 347.791
488.456 597.541
560.503 98.6115
553.081 415.403
789.977 200.441
789.977 200.441
877.548 232.627
390.76 76.6466
667.552 444.39
252.583 104.105
509.616 219.949
729.039 545.785
778.759 367.553
86.4812 266.266
86.4812 266.266
92.932 394.85
909.632 333.695
957.965 333.621
688.872 562.264
1004.94 391.958
125.066 172.698
536.542 362.554
390.43 122.71
290.487 169.28
628.888 415.441
207.787 115.811
946.417 536.331
965.105 336.519
757.122 353.999
411.866 451.052
411.866 451.052
1011.94 360.703
1011.94 360.703
598.513 302.744
598.513 302.744
27.0137 74.6217
27.0137 74.6217
563.09 89.2911
563.09 89.2911
563.09 89.2911
535.082 129.809
654.211 46.2307
181.799 393.767
181.799 393.767
484.844 341.518
260.975 221.191
329.373 302.916
790.757 381.713
790.757 381.713
300.889 580.852
385.475 102.709
954.611 193.411
769.139 509.495
999.268 339.557
160.517 539.635
964.932 360.741
950.532 196.381
662.045 82.3659
16.3229 476.199
609.697 301.442
609.697 301.442
395.467 251.487
90.1935 525.136
719.499 212.82
719.499 212.82
254.842 100.356
494.419 325.851
494.419 325.851
963.474 318.371
963.474 318.371
719.193 201.704
974.278 416.467
316.894 120.497
337.993 242.545
337.993 242.545
335.641 54.8461
1011.3 335.643
513.587 443.106
673.091 161.495
479.038 339.419
374.738 265.823
955.928 371.061
770.036 421.331
175.292 383.404
858.54 202.567
1010.56 310.734
1010.56 310.734
603.509 411.712
1011.58 128.372
855.952 206.153
962.453 269.101
760.16 439.164
760.16 439.164
961.009 476.189
748.561 61.7659
1002.49 292.481
458.403 328.441
331.27 110.991
996.484 310.767
276.164 543.182
167.85 463.881
167.85 463.881
226.425 227.488
765.919 487.868
877.003 327.091
170.349 314.503
811.593 180.117
811.593 180.117
456.927 181.76
180.579 231.437
805.482 98.4466
805.482 98.4466
970.098 268.546
852.206 437.917
695.313 198.537
695.313 198.537
783.332 50.7073
783.332 50.7073
961.222 481.524
572.961 220.196
572.961 220.196
120.062 335.721
120.062 335.721
394.446 117.555
294.882 169.308
294.882 169.308
715.997 351.449
715.997 351.449
759.995 78.4953
764.709 66.8167
339.291 277.106
558.377 76.8038
714.54 273.957
823.679 471.966
491.346 315.878
491.346 315.878
59.775 504.903
824.079 81.969
824.079 81.969
446.837 189.905
859.532 335.08
565.968 6.13341
620.939 309.12
620.939 309.12
101.497 584.643
833.762 68.9172
686.465 115.503
998.52 410.311
107.927 232.37
338.23 536.463
578.976 411.493
877.79 134.143
385.525 3.65748
493.004 337.582
158.403 18.1472
158.403 18.1472
214.599 99.1326
214.599 99.1326
383.499 379.966
169.382 526.519
789.676 101.52
728.065 359.942
821.152 4.02698
163.528 102.001
163.528 102.001
546.323 109.046
546.323 109.046
801.95 381.491
170.631 333.99
170.631 333.99
812.028 81.533
218.683 379.465
804.413 446.103
879.883 341.146
996.651 240.947
521.903 341.44
447.923 25.5317
396.532 7.81678
1000.96 243.62
820.828 383.062
820.828 383.062
11.4331 466.923
884.807 356.665
170.499 286.057
862.598 233.143
105.853 169.09
832.369 337.127
832.369 337.127
809.097 111.383
62.5206 589.34
62.5206 589.34
62.5206 589.34
785.533 222.807
428.18 102.497
388.572 597.589
489.796 339.79
519.424 39.5112
684.638 220.904
61.828 476.445
61.828 476.445
225.418 538.6
855.949 298.9
855.949 298.9
503.871 341.119
746.885 109.789
106.169 165.11
668.112 427.22
460.175 323.566
460.175 323.566
828.033 337.342
822.191 467.9
848.539 462.442
848.539 462.442
266.022 259.625
746.691 248.528
639.382 77.2199
468.987 177.778
468.987 177.778
683.841 27.4275
789.55 134.946
68.9493 80.4249
68.9493 80.4249
93.5356 384.141
78.3587 291.615
684.607 31.3385
77.9645 427.467
847.197 500.449
451.346 145.365
451.346 145.365
663.041 131.76
663.041 131.76
397.71 347.182
508.424 334.527
352.638 326.292
837.419 429.242
837.419 429.242
127.468 368.249
974.252 416.179
133.644 261.23
481.828 177.388
481.828 177.388
746.148 231.362
578.163 354.405
273.275 573.985
273.275 573.985
807.41 262.759
408.512 585.552
408.512 585.552
789.472 134.925
135.234 542.294
964.914 555.642
806.515 130.123
785.915 369.725
324.519 310.306
324.519 310.306
42.9552 79.6564
398.405 128.651
632.791 120.86
838.118 502.351
942.941 336.347
231.145 410.028
423.847 21.8353
396.349 7.92829
526.598 118.776
526.598 118.776
257.02 550.347
257.02 550.347
811.311 499.99
830.76 61.4762
636.701 593.974
153.025 26.9242
31.0925 98.3595
679.836 449.687
834.395 64.8586
834.395 64.8586
795.894 109.667
11.6766 546.598
705.92 83.0495
456.925 317.709
63.3852 114.935
63.4289 28.4881
105.845 358.505
343.747 469.558
691.913 412.048
324.798 582.68
1012.77 385.786
1012.77 385.786
764.948 357.229
323.984 318.246
491.302 316.121
491.302 316.121
972.907 366.702
249.032 99.4378
802.64 81.5793
877.746 273.002
872.487 29.3172
258.863 172.813
877.702 443.621
968.753 364.45
742.265 78.1766
742.265 78.1766
691.96 477.644
940.05 189.185
247.528 570.554
72.0959 28.9595
469.262 407.703
469.262 407.703
264.27 571.688
264.27 571.688
831.082 134.316
172.823 291.46
127.403 504.613
294.983 560.227
294.983 560.227
36.637 133.897
109.259 361.67
483.846 411.749
170.659 468.83
320.861 25.3085
1000.72 389.097
231.747 64.6884
432.688 139.758
432.688 139.758
432.688 139.758
376.526 585.827
376.526 585.827
608.259 581.433
414.624 250.897
19.125 504.046
268.3 224.609
883.771 339.317
883.771 339.317
926.845 180.538
582.215 6.49427
356.512 100.666
356.512 100.666
356.512 100.666
531.548 346.513
62.1332 167.588
608.672 86.6705
608.672 86.6705
609.965 412.652
94.0301 427.204
466.605 321.2
944.556 137.567
944.556 137.567
1016.91 397.34
1016.91 397.34
1012.71 120.474
1012.71 120.474
969.679 382.324
967.6 314.928
664.913 128.448
121.36 259.714
121.36 259.714
650.88 58.5958
650.88 58.5958
849.666 146.102
849.666 146.102
879.984 336.533
108.113 588.74
108.113 588.74
532.613 118.575
349.999 585.85
349.999 585.85
1012.68 205.984
466.451 314.559
76.1735 395.519
135.475 108.928
829.168 3.44208
829.168 3.44208
344.31 102.002
86.5769 69.2645
331.342 63.7075
963.078 311.59
129.277 177.751
38.7493 167.397
38.7493 167.397
125.15 168.432
200.983 336.185
503.639 190.296
503.639 190.296
108.794 507.426
489.368 327.91
281.16 409.602
242.348 445.983
242.348 445.983
530.533 410.408
967.068 283.617
610.409 121.503
584.314 22.2391
584.314 22.2391
773.431 2.78931
822.835 101.656
822.835 101.656
1013.6 410.6
442.298 332.37
776.973 99.5115
374.404 219.971
614.762 112.155
738.538 378.93
738.538 378.93
137.428 377.272
137.428 377.272
137.428 377.272
182.056 114.569
141.574 474.622
141.574 474.622
514.49 199.462
665.487 572.886
190.034 433.314
754.235 375.368
754.235 375.368
72.5001 72.3041
746.657 128.328
746.657 128.328
903.467 465.229
903.467 465.229
651.645 410.422
417.943 347.275
417.943 347.275
600.309 80.6095
895.145 104.051
889.164 510.082
582.045 16.5159
879.524 284.947
1006.03 261.764
1006.03 261.764
131.722 57.4458
782.982 29.8842
442.051 585.53
442.051 585.53
245.35 526.765
551.28 346.409
551.28 346.409
136.247 264.744
463.318 636.592
686.379 256.937
686.379 256.937
818.067 265.931
969.701 238.088
605.798 299.245
26.0608 476.887
531.671 135.059
809.469 364.569
809.469 364.569
421.19 39.0566
923.654 42.5326
783.83 499.314
788.794 509.897
95.0298 365
635.848 581.119
761.945 108.907
117.426 385.644
34.7052 579.436
172.956 63.7732
825.022 345.318
383.534 585.715
383.534 585.715
142.978 360.046
458.5 348.108
37.6877 79.0732
736.821 564.03
303.678 544.386
701.937 28.1947
969.855 413.617
759.887 469.978
883.72 344.313
883.72 344.313
550.931 287.563
779.915 514.236
287.331 24.3424
863.723 29.6015
719.338 21.2546
930.952 200.063
883.95 64.5242
883.95 64.5242
810.334 63.8855
957.405 478.531
121.309 421.783
191.545 314.279
561.338 84.5058
873.47 294.335
870.8 67.073
147.602 195.976
93.8113 383.646
585.857 31.3849
585.857 31.3849
428.619 352.266
547.276 258.379
70.833 111.075
70.833 111.075
401.357 330.17
166.637 443.712
166.637 443.712
810.571 96.1913
810.571 96.1913
652.127 338.328
498.917 146
498.917 146
498.917 146
826.847 304.992
482.38 597.664
1003.37 341.41
797.07 500.319
351.791 302.111
351.791 302.111
781.12 409.442
781.12 409.442
356.263 358.572
789.088 401.526
153.861 94.1786
153.861 94.1786
507.574 210.619
882.636 97.9467
148.26 199.238
391.052 95.3305
61.263 259.001
287.778 54.8561
287.778 54.8561
370.871 106.546
534.837 271.978
534.837 271.978
480.953 335.959
480.953 335.959
112.674 24.0042
333.907 281.459
829.702 301.811
786.093 264.335
696.929 468.571
716.366 112.568
651.917 557.457
495.578 345.974
862.886 229.609
523.841 584.951
518.68 585.049
518.68 585.049
787.39 70.3905
787.39 70.3905
780.632 371.034
692.083 98.511
790.049 90.9126
145.882 111.466
456.048 150.171
456.048 150.171
456.048 150.171
530.904 287.348
221.834 357.881
28.6295 256.507
14.2095 423.811
14.2095 423.811
14.2095 423.811
828.395 349.557
828.395 349.557
32.4233 25.4134
965.414 220.306
300.228 169.622
300.228 169.622
835.675 505.112
961.925 262.547
675.258 430.481
656.594 435.928
547.013 584.951
547.013 584.951
654.291 112.076
468.029 172.977
364.458 543.55
776.208 371.113
965.943 265.65
581.561 584.862
535.419 329.991
125.053 365.005
254.012 169.63
851.938 136.784
537.498 126.452
537.498 126.452
831.902 259.616
658.497 171.133
658.497 171.133
82.0847 275.831
82.0847 275.831
530.139 247.969
830.186 226.266
249.288 366.852
804.03 113.57
940.557 372.255
228.061 111.977
683.893 410.24
143.828 27.1338
686.865 159.111
821.578 231.088
750.617 299.025
925.486 150.217
352.88 98.4726
542.386 108.913
940.178 68.6725
633.953 125.032
186.766 296.548
845.105 60.723
968.798 547.17
394.241 140.35
110.743 472.002
110.743 472.002
799.272 418.847
779.942 374.559
149.125 259.976
469.194 343.778
388.78 585.81
815.437 130.982
289.516 172.857
488.507 643.095
488.507 643.095
278.256 116.006
315.447 284.825
315.447 284.825
427.459 110.071
427.459 110.071
888.267 325.406
492.608 332.383
492.608 332.383
492.608 332.383
792.082 163.385
531.346 141.225
401.53 271.401
401.53 271.401
557.036 96.4163
557.036 96.4163
93.3613 395.763
971.262 445.454
486.088 585.287
830.056 470.91
830.056 470.91
544.779 412.385
686.369 133.153
356.765 12.3426
192.896 263.727
189.633 539.018
169.831 343.058
169.831 343.058
850.557 261.367
311.812 451.575
311.812 451.575
852.75 202.41
852.75 202.41
551.372 584.942
551.372 584.942
292.922 105.74
292.922 105.74
698.036 411.673
231.659 269.137
1005.63 289.215
365.812 100.649
710.566 108.504
710.566 108.504
410.954 2.26618
633.995 117.403
284.519 57.0305
221.468 350.384
209.365 136.501
270.816 172.535
23.8801 465.464
998.327 218.593
474.508 585.272
70.8117 407.199
319.283 417.176
847.76 504.112
659.501 64.9566
242.57 417.611
242.57 417.611
421.02 160.408
914.054 325.428
949.77 540.711
483.24 447.95
760.58 360.549
295.177 40.1146
664.34 124.325
664.34 124.325
747.23 333.601
780.57 282.461
780.57 282.461
958.67 141.313
153.12 90.0307
1005.45 237.406
1005.45 237.406
859.082 507.689
520.959 355.572
85.3522 450.272
358.88 428.517
358.88 428.517
96.1091 53.8468
874.653 202.471
874.653 202.471
188.71 197.579
828.181 294.704
403.97 107.117
506.597 337.779
506.597 337.779
310.412 24.984
30.3971 259.834
591.524 427.771
591.524 427.771
187.636 299.933
532.071 211.661
999.473 307.856
999.473 307.856
87.4552 232.611
134.924 38.4757
134.924 38.4757
649.349 193.823
649.349 193.823
568.822 9.51486
454.949 177.552
100.793 444.035
836.863 422.319
15.6862 74.6139
114.35 588.821
732.489 350.903
774.67 30.813
774.67 30.813
606.377 543.949
108.001 107.99
564.617 103.577
564.617 103.577
512.208 350.874
183.343 51.0155
424.974 155.167
163.262 172.855
57.903 525.543
421.833 140.487
671.468 169.67
721.684 63.0217
633.023 507.123
633.023 507.123
268.986 91.0924
965.158 410.321
928.034 538.424
824.969 243.317
759.368 130.876
682.22 567.836
682.22 567.836
757.508 191.257
995.062 5.39438
336.057 61.8846
888.461 513.3
620.953 310.674
196.106 277.142
287.536 432.131
129.959 199.558
235.503 526.895
814.835 386.373
495.871 177.723
210.303 539.014
820.026 484.948
820.026 484.948
485.882 320.356
367.219 585.923
367.219 585.923
493.548 182.374
493.548 182.374
842.007 331.76
842.007 331.76
828.117 29.99
828.117 29.99
451.432 585.437
451.432 585.437
847.286 414.416
399.397 125.269
504.02 22.9921
413.743 107.206
413.743 107.206
500.717 585.125
500.717 585.125
142.015 274.753
297.645 553.134
876.871 296.373
876.871 296.373
825.587 55.119
172.826 231.205
717.278 271.819
510.067 200.61
510.067 200.61
679.386 438.997
826.563 229.893
649.116 340.381
864.297 133.86
675.633 569.939
675.633 569.939
877.346 300.514
482.313 172.945
315.01 529.038
666.639 81.124
180.616 419.491
180.616 419.491
770.382 142.433
770.382 142.433
421.127 585.524
421.127 585.524
512.058 585.273
410.524 116.663
791.603 503.759
550.339 126.6
863.074 446.948
827.678 298.331
540.835 344.131
995.724 262.008
700.257 171.183
414.323 140.17
93.9667 26.5235
960.925 207.569
433.814 585.357
433.814 585.357
184.471 330.597
491.91 640.67
491.91 640.67
416.999 585.545
416.999 585.545
649.004 550.648
770.225 26.1385
856.459 494.483
128.983 319.649
645.16 578.625
694.568 134.616
76.7277 110.689
202.479 387.209
774.096 273.959
774.096 273.959
689.108 557.724
867.567 198.23
279.421 63.4703
347.48 264.291
347.48 264.291
170.991 259.418
756.966 357.727
129.403 403.066
384.645 13.3875
472.298 341.142
472.298 341.142
472.298 341.142
187.826 376.808
1000.79 357.903
852.76 66.6009
789.044 389.026
667.364 408.019
667.364 408.019
809.381 369.042
809.381 369.042
934.712 447.954
794.223 190.609
794.223 190.609
686.591 204.704
575.932 19.378
106.372 338.538
106.372 338.538
1001.82 407.867
765.327 63.0282
40.0064 303.934
40.2431 472.381
488.38 324.357
536.821 211.794
826.914 383.303
829.127 26.9108
308.283 25.431
69.727 260.387
925.57 323.956
1020.34 211.618
576.374 584.966
576.374 584.966
937.884 82.8032
562.389 446.908
203.93 425.604
275.948 28.9799
821.534 500.944
94.9837 303.842
687.824 201.352
118.94 362.213
763.311 301.703
942.444 555.125
514.557 343.216
112.561 249.215
112.561 249.215
762.421 261.618
371.602 297.061
371.602 297.061
758.399 82.125
307.535 322.623
364.046 178.09
212.388 102.003
875.103 130.455
800.98 77.9449
601.626 277.641
598.009 584.833
825.261 137.2
777.278 275.872
806.093 499.816
608.981 272.985
100.484 422.774
100.484 422.774
155.087 100.543
757.848 321.492
965.996 235.282
928.098 532.921
494.701 317.841
945.264 305.365
683.359 82.2852
964.755 478.823
214.371 199.996
457.163 585.309
594.858 101.805
683.144 61.6751
756.969 534.377
998.11 259.229
686.521 423.326
48.3801 261.199
815.465 442.729
815.465 442.729
829.901 287.57
829.901 287.57
951.055 329.322
951.055 329.322
776.912 166.481
927.188 201.3
112.091 237.021
340.784 273.377
878.475 392.056
878.475 392.056
264.765 58.9566
741.451 200.319
186.862 111.616
409.41 140.05
474.223 75.2738
478.683 22.9011
397.011 211.467
478.554 263.099
763.992 446.141
703.94 109.893
283.629 309.203
446.899 20.3972
632.931 284.743
624.446 310.782
694.422 113.133
537.663 558.78
620.978 326.007
131.176 475.287
131.176 475.287
62.0829 127.428
558.778 584.795
558.778 584.795
778.173 96.3156
759.629 325.491
759.629 325.491
656.401 117.592
228.961 272.707
137.682 588.691
863.739 204.867
405.336 567.713
761.896 498.89
761.896 498.89
1003.93 202.625
774.436 352.473
921.928 251.738
272.188 70.5141
272.188 70.5141
810.374 471.222
52.1457 303.799
83.8135 443.38
961.206 238.567
917.019 544.048
461.731 351.188
614.111 299.858
164.37 386.366
757.819 466.681
760.887 420.299
760.887 420.299
113.186 259.955
29.2335 253.061
550.631 248.612
95.3041 423.463
621.693 596.643
136.237 388.877
59.3542 164.676
59.3542 164.676
46.0544 528.359
176.171 273.421
768.66 127.71
809.787 78.1534
809.787 78.1534
752.714 80.9058
485.11 640.532
485.11 640.532
185.397 339.74
185.397 339.74
321.459 152.038
899.389 352.073
611.018 308.99
744.497 99.824
813.9 468.601
635.005 65.6702
619.07 343.089
619.07 343.089
744.717 118.537
744.717 118.537
888.773 98.6653
882.346 504.405
837.974 137.131
623.991 319.141
860.596 166.38
947.976 303.526
947.976 303.526
36.2139 193.48
68.1809 587.96
843.582 385.337
615.358 313.102
929.637 18.8404
722.906 274.452
509.983 634.87
358.2 106.453
616.746 108.88
129.853 364.456
533.61 138.06
880.769 507.46
393.708 134.131
411.385 211.425
808.418 445.466
832.044 351.468
809.562 468.311
601.023 280.779
423.785 383.045
423.785 383.045
271.206 66.2106
877.81 404.628
495.306 546.321
661.259 573.973
1009.11 286.417
1009.11 286.417
406.831 344.352
864.612 265.378
81.2061 506.526
803.576 171.765
805.63 442.698
545.05 135.161
451.966 598.001
681.177 580.949
672.05 9.10618
672.05 9.10618
676.756 112.001
676.756 112.001
446.033 331.085
550.992 211.537
144.592 108.28
638.82 537.68
432.104 176.491
838.802 133.896
838.802 133.896
785.838 512.664
127.283 422.208
839.909 426.551
884.938 17.3638
245.711 62.5479
312.23 326.446
606.494 529.616
772.603 161.283
772.603 161.283
209.437 297.553
209.437 297.553
250.491 113.314
371.687 323.149
371.687 323.149
679.372 443.614
597.965 260.479
650.543 168.947
646.313 308.931
646.313 308.931
860.864 163.27
286.218 113.966
597.9 430.594
347.163 281.122
244.278 136.392
244.278 136.392
750.413 389.789
165.355 487.952
165.355 487.952
672.963 583.199
511.207 646.359
882.177 466.334
933.341 123.391
742.161 311.064
742.161 311.064
580.493 326.067
580.493 326.067
500.594 340.176
932.046 470.208
399.568 532.844
462.758 319.852
750.381 77.841
257.8 286.433
466.135 344.448
466.135 344.448
787.143 455.719
787.143 455.719
680.628 278.582
649.187 185.088
939.575 513.454
951.756 363.483
648.784 590.572
648.784 590.572
53.6722 575.058
628.102 418.969
866.13 137.392
236.867 98.7601
571.877 165.067
566.116 2.39128
812.194 92.8617
367.081 400.299
367.081 400.299
395.565 325.08
402.154 211.56
181.052 379.532
178.677 276.62
178.677 276.62
334.821 264.153
334.821 264.153
409.414 568.27
477.311 334.896
400.39 250.307
400.39 250.307
771.006 246.432
330.428 344.822
330.428 344.822
842.336 532.475
842.336 532.475
203.864 498.652
203.864 498.652
480.773 339.044
780.697 263.627
932.456 380.775
825.275 371.821
504.813 332.531
602.347 305.818
856.88 441.842
747.525 35.5535
558.843 9.38512
558.843 9.38512
730.833 534.9
730.833 534.9
918.14 255.482
806.507 367.531
90.9389 300.2
90.9389 300.2
177.633 399.425
653.458 589.029
653.458 589.029
862.774 262.536
655.573 78.8798
607.662 32.0131
737.751 294.34
737.751 294.34
620.603 304.328
620.603 304.328
823.595 514.867
60.3964 340.443
771.185 146.204
771.185 146.204
546.406 211.702
674.39 162.009
608.908 541.589
608.908 541.589
678.006 498.535
678.006 498.535
43.8552 167.172
732.694 171.112
490.471 269.139
613.358 49.0751
735.385 334.521
835.529 385.375
634.669 62.1787
858.421 445.18
139.889 277.732
758.294 32.4892
864.64 444.23
470.898 306.981
397.373 25.5056
696.209 351.051
174.918 336.67
643.237 451.627
458.281 221.864
455.206 346.52
820.216 165.504
820.216 165.504
548.953 99.2848
808.806 514.306
186.649 27.1414
494.682 340.013
540.306 284.44
854.449 161.769
704.867 76.9669
472.582 597.924
416.56 211.487
265.35 256.133
437.977 448.014
435.564 178.423
705.578 23.0885
840.96 61.2613
201.366 111.786
515.419 346.497
771.139 262.351
346.896 532.609
873.129 133.087
873.129 133.087
297.192 197.667
297.192 197.667
803.601 195.187
803.601 195.187
561.228 542.456
267.405 521.041
843.525 63.5099
843.525 63.5099
182.275 195.418
182.275 195.418
902.906 558.511
902.906 558.511
650.993 501.938
742.198 233.34
742.198 233.34
71.8524 22.8137
762.639 128.53
681.239 111.157
889.197 298.914
777.247 385.316
777.247 385.316
378.315 11.2919
653.778 139.149
934.937 532.812
547.789 250.424
854.868 378.481
28.0361 301.178
28.0361 301.178
303.07 95.8969
957.46 206.953
744.118 112.234
158.998 271.209
756.012 97.646
347.666 542.887
347.666 542.887
807.545 61.416
777.536 409.618
604.092 108.984
211.897 203.164
211.897 203.164
900.751 452.809
900.751 452.809
817.095 417.734
541.505 363.885
148.627 23.4996
148.627 23.4996
745.172 291.104
684.136 201.967
425.745 151.266
383.511 468.938
178.873 390.613
422.327 79.89
205.211 336.836
808.832 502.549
516.558 567.641
516.558 567.641
866.763 61.4005
911.257 376.355
113.424 362.016
601.395 187.344
656.639 130.928
770.728 164.349
770.728 164.349
822.292 328.541
822.292 328.541
928.337 143.548
455.971 598.032
114.326 473.571
601.959 204.903
274.945 26.0413
964.409 238.586
359.645 24.7263
261.366 3.74479
530.423 350.369
530.423 350.369
907.362 501.797
730.58 355.537
257.227 512.406
257.227 512.406
320.674 281.164
102.094 135.889
920.588 552.997
332.652 153.629
694.778 37.2665
810.952 399.899
572.013 299.069
63.3612 345.002
815.839 262.815
810.396 230.603
537.581 289.634
537.581 289.634
754.11 78.1976
73.9759 195.35
551.435 140.655
414.867 564.229
414.867 564.229
1003.31 240.1
639.568 299.039
639.568 299.039
933.327 119.303
1010.48 363.867
608.951 596.984
608.951 596.984
343.503 448.502
784.053 15.3508
502.618 447.54
769.976 229.794
537.325 275.425
160.457 508.111
655.048 41.6842
655.048 41.6842
655.048 41.6842
668.857 171.483
768.114 109.055
544.2 112.675
768.468 413.983
768.468 413.983
768.468 413.983
667.863 584.637
276.098 418.666
43.5994 254.118
416.852 290.661
416.852 290.661
560.971 155.066
219.01 60.5932
72.1439 272.353
273.51 432.134
221.93 368.28
828.241 344.449
413.536 285.986
413.536 285.986
772.52 101.37
772.52 101.37
284.161 60.5658
486.129 280.925
762.472 414.227
782.251 329.46
601.48 263.659
601.48 263.659
601.48 263.659
847.645 300.368
64.7837 363.948
405.749 110.857
405.749 110.857
413.879 346.067
413.879 346.067
692.5 381.686
692.5 381.686
642.141 401.507
187.228 469.906
767.2 332.488
802.432 439.844
825.816 301.121
642.646 28.8482
642.646 28.8482
289.084 303.472
289.084 303.472
551.905 511.437
123.586 226.093
455.999 555.406
728.318 490.946
443.693 186.774
853.46 133.791
696.049 33.8451
583.375 2.64157
637.673 518.185
712.907 337.87
317.024 108.743
422.151 146.676
843.714 463.573
843.714 463.573
571.892 263.391
708.497 170.425
208.546 432.16
208.546 432.16
848.468 66.4773
794.623 112.541
427.23 598.016
377.631 383.481
654.625 26.2026
404.035 274.969
404.035 274.969
772.775 283.051
705.258 415.866
188.424 388.58
188.424 388.58
757.283 414.429
208.029 139.258
586.375 177.019
586.375 177.019
697.745 171.489
123.459 331.57
123.459 331.57
807.509 117.97
231.853 61.4928
131.423 472.269
749.728 233.375
749.728 233.375
750.389 330.323
483.382 542.327
38.3043 68.0676
913.177 447.739
65.0099 166.131
65.0099 166.131
406.823 284.115
624.493 415.242
583.915 358.505
617.59 82.1154
546.976 286.386
546.976 286.386
180.16 422.728
546.569 140.71
236.804 116.004
772.614 355.171
602.957 436.578
602.957 436.578
488.837 324.343
421.453 285.855
849.007 486.811
849.007 486.811
322.778 598.172
600.805 559.991
825.276 348.948
341.209 24.2738
425.424 113.382
425.424 113.382
406.944 211.443
549.927 290.955
549.927 290.955
960.174 337.205
673.16 521.664
673.16 521.664
122.23 388.873
841.315 415.319
635.85 520.105
308.06 234.372
308.06 234.372
718.705 4.04801
718.705 4.04801
249.844 369.768
562.547 123.388
719.094 86.074
413.26 271.162
413.26 271.162
575.445 413.705
262.519 428.838
262.519 428.838
264.417 415.942
593.527 98.3992
14.4559 470.198
14.4559 470.198
93.4714 22.1397
487.456 344.445
487.456 344.445
697.266 229.83
275.899 65.3386
547.522 345.479
163.68 317.046
533.203 528.146
292.218 98.9954
391.283 143.953
887.548 66.4677
873.829 474.355
687.405 111.895
687.405 111.895
789.141 514.744
789.141 514.744
737.452 384.837
298.157 286.141
334.18 348.668
334.18 348.668
334.18 348.668
186.988 404.114
781.776 440.019
781.776 440.019
566.152 379.497
883.68 469.176
693.701 384.464
68.0305 366.664
148.05 439.364
788.565 350.545
935.032 383.09
663.379 585.96
766.089 100.919
353.359 281.09
583.254 542.853
139.115 504.035
682.706 65.3678
682.706 65.3678
170.879 192.775
220.025 334.041
220.025 334.041
764.801 284.511
196.492 337.026
939.579 339.097
747.149 238.277
748.938 385.409
446.082 543.623
811.362 130.295
825.538 4.43165
825.538 4.43165
75.1364 212.251
75.1364 212.251
666.697 35.1823
542.013 211.996
547.315 542.609
547.315 542.609
365.434 29.0682
55.3915 28.0726
880.977 389.286
609.837 399.104
392.438 137.21
392.438 137.21
568.278 382.122
568.278 382.122
249.085 115.916
718.983 266.952
787.221 169.502
942.756 221.814
602.412 347.665
602.412 347.665
820.582 503.921
824.652 32.1197
712.765 121.522
787.278 461.443
668.376 2.95586
913.716 535.422
80.4919 468.164
194.971 334.443
146.992 442.103
822.656 498.057
41.1482 164.996
762.811 264.591
673.789 3.21371
494.743 150.002
811.172 382.559
355.568 319.106
609.601 273.266
881.169 289.866
175.95 255.594
175.95 255.594
128.538 124.043
73.0792 370.097
97.6135 409.163
246.01 116.538
708.802 173.18
140.542 443.358
757.462 370.234
26.7031 78.6272
26.7031 78.6272
417.083 350.858
862.21 385.606
461.159 345.594
806.99 333.42
956.972 558.328
815.768 439.838
144.594 260.433
176.191 235.791
657.501 500.662
838.841 436.94
162.633 227.832
336.881 597.986
155.793 337.461
155.793 337.461
387.758 6.97731
387.758 6.97731
639.948 595.819
203.22 24.9796
203.22 24.9796
101.156 343.939
151.89 193.549
760.451 318.803
3.21082 73.5484
673.917 29.7335
673.917 29.7335
533.752 249.999
660.977 168.736
919.877 512.397
197.362 133.353
937.898 493.677
596.08 427.64
858.573 262.287
631.799 527.861
369.637 402.06
534.953 286.337
534.953 286.337
831.335 222.88
253.213 228.58
36.9283 25.2635
874.059 374.747
874.059 374.747
835.887 435.794
230.193 541.869
617.274 309.051
565.469 115.541
292.983 438.172
292.983 438.172
573.763 426.899
257.124 541.57
257.124 541.57
514.866 178.829
436.73 408.816
837.679 324.606
401.612 286.014
401.612 286.014
401.612 286.014
877.427 82.6965
537.933 333.997
900.925 440.832
900.925 440.832
943.088 555.391
1010.51 114.865
1010.51 114.865
815.932 96.9286
106.646 403.97
860.424 381.027
483.515 311.385
863.789 441.277
552.994 627.843
425.131 408.847
885.102 440.149
885.102 440.149
1003.77 5.94249
108.385 504.266
674.516 256.494
280.903 13.3081
786.676 366.586
191.735 336.932
860.999 423.269
810.653 119.54
79.1511 182.559
667.61 500.454
667.61 500.454
401.764 346.253
401.764 346.253
401.764 346.253
791.157 448.58
944.792 559.983
37.5183 116.063
37.5183 116.063
399.565 543.877
399.565 543.877
73.3211 201.039
159.412 57.9946
796.471 496.979
268.174 277.328
690.284 565.61
690.284 565.61
566.54 110.47
362.846 217.667
733.25 232.581
179.407 469.824
179.407 469.824
807.922 380.15
1015.38 123.048
536.872 543.002
536.872 543.002
164.112 190.674
164.112 190.674
781.653 17.711
399.084 139.591
522.828 111.044
557.465 288.478
557.465 288.478
770.3 502.97
770.3 502.97
64.5935 124.365
635.939 325.765
635.939 325.765
635.939 325.765
635.939 325.765
396.083 511.535
756.573 107.198
864.775 507.263
790.167 347.465
386.972 113.898
314.556 59.9584
450.778 547.52
165.515 335.564
382.808 513.501
382.808 513.501
674.601 26.775
422.925 385.959
33.9055 422.868
592.087 104.655
592.087 104.655
592.087 104.655
226.017 68.2233
472.577 447.977
842.07 354.217
287.931 98.9795
18.1404 123.471
204.082 428.909
809.532 442.428
649.109 189.877
649.109 189.877
768.007 354.281
526.898 147.595
526.898 147.595
96.2012 505.431
793.646 34.0589
702.374 478.55
727.706 399.363
379.651 380.812
379.651 380.812
195.568 257.344
472.339 337.789
426.023 106.315
359.465 546.88
854.371 443.673
147.289 318.896
562.313 151.424
562.313 151.424
670.163 398.901
266.655 11.4373
266.655 11.4373
396.995 350.921
396.995 350.921
626.672 596.796
626.672 596.796
960.019 319.888
960.019 319.888
115.062 257.479
347.827 207.208
676.638 76.6531
676.638 76.6531
265.511 169.606
269.175 84.2107
722.953 508.683
833.448 299.223
119.951 424.608
296.68 415.604
91.4043 61.2598
687.571 230.495
329.731 13.4091
444.419 271.771
527.679 345.325
527.679 345.325
555.196 345.413
555.196 345.413
699.465 201.563
789.477 218.521
469.41 541.53
469.41 541.53
887.511 201.045
887.511 201.045
387.305 151.451
936.22 253.539
525.849 408.411
525.849 408.411
337.637 543.059
652.515 553.913
95.4465 190.151
95.4465 190.151
804.761 133.818
704.408 418.32
548.367 318.135
770.722 107.132
770.722 107.132
665.468 401.339
660.862 430.148
594.828 280.421
133.957 446.743
99.4896 371.479
425.96 380.236
177.465 279.292
795.596 510.814
213.164 541.836
339.142 311.593
777.006 511.668
394.481 109.533
954.633 63.0833
27.004 81.288
348.215 180.248
125.352 257.836
546.857 531.877
691.575 152.606
884.642 497.307
186.075 114.439
155.131 360.562
155.131 360.562
771.029 98.6663
694.567 379.283
557.169 258.056
557.169 258.056
575.239 2.35922
575.239 2.35922
955.161 336.611
138.708 230.003
466.73 208.904
753.831 357.594
776.373 496.718
715.139 231.88
31.9031 198.47
697.562 368.948
892.418 346.696
892.418 346.696
1018.51 315.014
640.725 354.848
640.725 354.848
318.73 420.108
682.31 256.538
693.472 154.952
720.185 105.369
292.084 46.0087
278.382 407.4
736.76 134.406
271.883 107.165
696.189 232.372
555.938 135.316
356.621 284.886
356.621 284.886
121.52 299.582
121.52 299.582
676.544 334.8
28.8353 303.812
55.3521 25.5157
599.209 317.051
752.5 443.95
531.926 564.527
531.926 564.527
686.791 579.369
697.177 381.846
707.221 28.7851
668.766 544.284
599.734 310.269
274.147 45.9877
759.738 29.7803
410.214 543.586
830.43 385.633
607.888 535.429
763.381 470.547
763.381 470.547
404.382 349.659
99.11 488.277
519.322 176.542
275.679 52.1592
275.679 52.1592
813.016 200.849
813.016 200.849
1012.25 132.006
267.647 543.592
506.898 408.407
513.945 408.321
704.277 79.7983
668.688 161.485
260.663 140.003
260.303 570.396
182.621 133.387
947.195 204.412
612.369 319.645
669.462 401.487
876.798 383.435
876.798 383.435
933.351 112.618
646.241 412.085
830.41 23.8491
823.034 296.229
681.162 436.528
681.162 436.528
95.0235 470.379
95.0235 470.379
212.591 139.002
874.438 287.767
918.959 375.599
378.298 508.772
474.938 419.438
474.938 419.438
534.265 23.3608
238.342 229.161
598.817 344.056
598.817 344.056
601.98 534.175
601.98 534.175
927.196 538.087
412.467 566.165
647.59 170.533
974.048 314.134
243.997 449.478
167.672 360.419
378.351 568.358
378.351 568.358
969.125 447.631
314.645 116.852
636.482 68.7804
768.129 301.32
827.636 66.9286
701.731 39.4811
701.731 39.4811
688.552 546.728
136.484 54.4551
713.227 62.802
902.347 196.984
40.8721 27.479
793.503 271.527
793.503 271.527
584.924 430.274
466.363 561.606
466.363 561.606
863.245 383.092
636.173 27.5636
713.215 167.413
713.215 167.413
98.7171 171.55
792.266 55.8885
563.907 110.64
429.664 430.953
429.664 430.953
429.664 430.953
805.548 110.874
1007.02 388.612
350.169 222.279
458.126 243.916
61.3651 142.801
61.3651 142.801
933.161 104.002
670.539 405.937
183.059 210.022
183.059 210.022
835.161 302.195
761.036 378.966
564.219 512.912
564.219 512.912
564.219 512.912
934.628 408.916
797.896 333.375
778.896 56.3295
750.784 354.895
536.864 532.189
151.945 421.285
151.945 421.285
774.255 280.806
774.255 280.806
615.885 84.638
348.986 26.9994
628.475 153.071
134.543 199.167
347.357 348.768
347.357 348.768
347.357 348.768
590.55 109.663
526.901 384.989
880.183 27.1613
844.841 329.283
919.5 515.069
919.5 515.069
559.298 93.3448
697.988 375.066
913.405 503.002
776.6 400.349
781.114 417.093
587.413 546.181
587.413 546.181
546.913 559.031
546.913 559.031
146.994 190.521
355.937 103.909
850.546 417.121
352.537 5.49346
577.121 322.24
577.121 322.24
829.985 452.951
116.691 342.819
558.314 367.444
558.314 367.444
757.331 480.014
46.9494 27.5654
972.54 265.182
404.162 289.324
404.162 289.324
421.85 129.617
997.661 161.193
271.695 167.281
83.4231 57.9592
83.4231 57.9592
47.1087 230.923
47.1087 230.923
621.416 317.197
427.87 512.742
613.692 263.554
520.497 338.994
891.299 437.195
469.089 221.607
805.452 468.486
342.455 564.327
3.02399 169.429
467.006 529.397
467.006 529.397
148.009 325.909
679.039 517.509
83.1837 109.994
904.609 442.055
439.181 345.093
439.181 345.093
786.509 99.0643
305.695 82.5499
672.811 140.789
675.633 263.587
722.733 204.275
690.157 82.4981
202.593 316.053
631.489 197.189
146.626 299.996
832.025 235.548
89.0036 229.743
1017.8 297.274
239.87 541.779
194.392 131.299
608.235 108.891
87.8394 424.511
432.23 508.367
432.23 508.367
432.23 508.367
535.394 345.593
794.638 332.947
658.433 359.2
287.333 576.597
287.333 576.597
916.898 163.667
586.282 427.718
586.282 427.718
889.883 466.654
515.301 339.685
38.5841 113.035
714.415 411.553
701.702 414.789
217.778 26.4487
217.778 26.4487
222.258 382.822
103.581 165.841
862.079 512.521
1012.14 316.29
780.513 110.474
192.031 449.169
661.073 200.382
395.236 564.262
286.254 526.393
230.912 275.093
230.912 275.093
64.5862 341.449
64.5862 341.449
506.698 342.949
506.698 342.949
811.09 406.869
535.667 302.577
535.667 302.577
788.014 340.889
601.444 301.435
882.639 298.384
757.545 495.952
450.017 342.878
450.017 342.878
497.463 180.608
497.463 180.608
604.221 563.929
604.221 563.929
614.964 347.189
614.964 347.189
421.716 345.993
421.716 345.993
578.016 2.42385
604.128 547.323
864.499 336.868
33.998 471.45
291.01 361.036
291.01 361.036
1010.63 124.002
453.538 180.617
1004.54 264.439
701.456 356.313
701.456 356.313
187.284 472.73
554.754 286.202
554.754 286.202
728.699 515.065
728.699 515.065
755.351 230.531
732.569 335.822
140.098 108.515
864.122 333.808
233.315 100.853
695.499 110.518
173.496 113.567
91.2165 502.672
716.376 307.395
432.88 23.0007
523.52 597.734
444.124 257.475
860.807 160.632
740.334 136.498
189.64 167.459
449.027 544.605
449.027 544.605
762.737 416.865
736.402 63.4451
921.703 30.3912
244.723 541.765
199.978 413.464
199.978 413.464
214.518 380.422
701.918 399.54
151.636 473.601
151.636 473.601
507.496 430.735
788.571 354.944
696.198 153.306
696.198 153.306
601.678 210.607
643.706 356.514
964.683 363.926
301.337 52.9839
301.337 52.9839
667.553 32.4887
265.366 253.457
1017.39 285.881
1007.72 103.094
1007.72 103.094
341.821 548.541
557.473 316.051
557.473 316.051
743.529 399.433
743.529 399.433
731.994 346.522
8.2779 75.001
239.625 62.5916
659.127 26.5291
685.476 226.933
685.476 226.933
752.432 191.368
730.389 379.169
730.389 379.169
795.657 384.337
697.854 575.95
810.892 53.5551
77.8913 287.602
77.8913 287.602
70.4345 170.977
839.488 445.544
225.689 153.171
225.689 153.171
225.689 153.171
32.7128 250.107
791.124 507.662
746.349 411.066
878.468 32.4324
338.76 630.932
338.76 630.932
116.351 447.561
858.833 331.821
471.866 404.984
267.893 409.581
267.893 409.581
797.955 18.3281
393.806 346.204
304.581 360.8
304.581 360.8
205.754 296.264
205.754 296.264
661.124 46.6635
807.694 473.877
860.374 207.766
312.005 413.2
799.643 460.085
799.643 460.085
133.407 319.409
377.516 385.997
454.735 337.216
915.034 500.466
41.2747 231.389
142.344 263.658
181.458 34.6541
150.809 189.62
790.913 368.246
168.625 340.049
850.953 31.8523
404.17 139.506
717.478 98.8675
550.511 349.688
769.098 130.504
805.204 354.863
664.948 49.0858
664.948 49.0858
887.037 334.021
639.93 321.68
170.317 169.874
789.617 214.28
831.462 442.626
831.462 442.626
650.495 28.6567
451.891 272.855
451.891 272.855
896.992 159.041
869.705 385.561
213.067 166.992
810.628 75.1445
559.426 147.546
858.181 28.151
637.651 489.47
766.493 168.794
910.503 504.875
732.308 383.868
71.6879 586.787
917.128 467.674
322.676 56.6942
538.121 348.718
538.121 348.718
348.194 185.003
315.481 26.2042
315.481 26.2042
679.417 540.253
949.553 215.223
228.061 154.699
817.684 61.5743
171.628 197.858
627.431 599.356
820.037 38.1031
410.043 532.571
410.043 532.571
410.043 532.571
459.439 319.86
447.944 249.529
146.355 389.485
28.6546 68.9431
217.342 416.004
217.342 416.004
713.997 4.02691
806.136 318.168
398.692 115.57
826.256 203.54
909.403 362.362
576.487 429.974
974.904 363.861
823.124 57.9598
823.124 57.9598
59.3904 343.523
895.439 128.541
797.553 445.686
674.399 539.125
674.399 539.125
560.972 411.997
604.269 527.395
795.413 100.462
870.566 354.512
730.219 337.349
465.176 175.025
117.713 133.151
719.471 209.999
372.044 10.3217
264.527 22.4505
649.874 286.786
842.656 65.9398
819.233 78.3946
340.982 428.185
469.315 346.665
815.592 471.519
485.005 175.107
485.005 175.107
754.256 537.129
556.766 138.013
556.766 138.013
98.5124 556.907
598.847 542.458
598.847 542.458
915.319 296.713
928.222 517.465
601.177 183.99
601.177 183.99
593.525 107.493
701.429 412.072
601.216 216.983
707.578 104.181
908.581 342.798
941.52 443.89
335.287 112.034
685.426 46.9907
466.044 665.037
193.277 98.0984
193.277 98.0984
143.762 443.834
143.762 443.834
670.876 51.6808
659.596 523.805
659.596 523.805
230.461 140.04
200.434 114.529
793.684 267.46
55.0127 249.107
650.685 47.4488
465.483 281.467
142.746 97.0513
781.697 53.7276
100.708 526.518
385.832 106.747
773.023 467.378
77.9274 200.91
775.502 387.502
156.69 317.399
537.82 304.871
959.502 159.119
121.581 277.967
569.489 379.578
396.587 528.708
929.675 28.8255
98.1006 169.197
98.1006 169.197
