2564
304.191 363.552
512.805 212.919
516.782 171.544
576.264 338.318
576.264 338.318
492.213 140.489
953.586 627.862
475.422 499.769
867.275 572.696
826.857 461.536
826.857 461.536
509.495 477.302
562.925 287.8
392.001 401.649
468.731 586.383
370.098 119.536
296.11 356.09
315.412 504.416
315.412 504.416
148.695 527.238
891.439 558.745
834.574 591.164
591.166 496.363
331.538 299.53
220.622 462.421
220.622 462.421
220.622 462.421
526.045 501.562
804.11 501.193
331.308 237.344
331.308 237.344
33.1213 327.421
380.416 301.019
796.219 253.777
376.298 503.065
374.828 212.075
805.163 536.997
805.163 536.997
339.653 172.143
909.808 636.323
909.808 636.323
247.722 222.138
348.836 116.015
454.568 478.166
437.55 56.5609
387.497 375.138
400.854 265.215
243.474 342.546
1006.05 36.0654
1006.05 36.0654
399.243 202.985
399.243 202.985
271.675 449.663
271.675 449.663
242.522 343.323
279.54 578.701
248.555 154.368
492.569 268.086
457.423 290.662
13.5538 305.376
186.091 470.498
172.677 486.852
172.677 486.852
816.631 97.3294
422.835 161.413
391.05 355.214
840.703 40.7219
417.761 224.531
417.761 224.531
535.474 357.216
304.855 330.613
827.327 440.036
792.412 592.529
802.041 310.455
802.041 310.455
485.399 195.809
800.892 234.038
382.881 256.634
382.881 256.634
799.83 469.745
415.866 349.131
40.5349 121.719
797.138 219.359
412.353 382.139
881.395 589.802
881.395 589.802
881.395 589.802
467.61 195.058
350.873 243.131
797.102 394.145
990.668 34.0187
799.827 365.577
504.203 258.64
834.91 571.696
245.859 178.759
242.073 285.764
762.104 619.648
798.312 427.804
200.881 463.393
487.865 372.229
825.351 305.661
792.483 196.867
540.556 333.378
540.556 333.378
540.556 333.378
433.619 75.1691
433.619 75.1691
250.727 35.3363
827.749 280.341
392.677 97.9721
814.292 227.885
216.378 20.8864
216.378 20.8864
236.45 432.7
803.009 33.3368
209.607 208.587
209.607 208.587
404.698 103.474
158.21 139.706
236.23 448.042
437.681 58.5927
424.656 87.807
389.207 337.283
389.207 337.283
98.5236 119.296
454.497 190.542
407.588 247.171
352.744 104.668
621.882 13.6476
327.838 181.718
840.997 639.717
368.01 252.92
349.7 382.318
349.7 382.318
627.82 301.685
627.82 301.685
327.004 255.818
515.464 386.319
515.464 386.319
434.006 237.135
805.912 12.5797
558.46 342.047
364.102 103.837
364.102 103.837
250.237 10.113
407.964 362.468
410.481 324.389
374.149 97.9362
875.863 310.227
247.341 85.1079
238.399 345.603
399.062 295.566
242.279 229.673
824.585 167.51
245.857 118.376
822.251 106.54
683.389 553.775
855.427 265.416
557.473 341.853
557.473 341.853
246.956 85.708
430.708 306.671
242.715 205.807
398.917 231.993
426.062 113.847
389.642 367.069
275.925 423.672
369.357 207.92
865.332 478.137
298.722 359.255
244.683 140.763
102.301 27.3443
102.301 27.3443
824.165 397.709
824.165 397.709
873.032 203.048
499.087 442.252
834.556 388.16
852.017 200.82
971.107 608.857
406.12 97.9439
383.044 587.783
867.953 565.334
418.8 367.166
418.8 367.166
786.958 630.406
786.958 630.406
902.864 594.874
853.483 222.449
806.796 609.01
861.172 377.915
613.049 165.931
613.049 165.931
395.069 222.043
395.069 222.043
237.808 135.039
829.163 538.826
863.202 428.16
844.824 14.2644
816.569 568.789
816.569 568.789
484.469 115.859
793.359 142.027
6.6484 349.313
852.312 186.809
344.538 479.083
344.538 479.083
487.832 302.747
487.832 302.747
310.058 478.102
405.062 352.019
405.062 352.019
848.114 107.159
176.344 507.924
237.222 357.979
242.011 218.09
187.307 604.335
801.633 518.631
801.633 518.631
861.059 615.434
438.06 446.284
845.811 61.1029
825.838 193.63
858.891 329.559
935.647 638.412
854.951 235.04
1017.13 601.677
487.982 199.521
487.982 199.521
340.798 218.917
795.872 223.957
834.847 381.074
339.891 251.585
339.891 251.585
833.27 178.497
425.907 362.203
5.45904 372.789
238.106 325.634
840.249 511.857
238.313 316.265
924.618 639.752
630.255 300.339
299.44 374.099
299.44 374.099
299.44 374.099
870.398 577.589
226.757 470.653
167.226 132.089
849.02 564.805
849.02 564.805
346.818 182.36
828.804 530.419
362.201 479.979
836.612 410.939
838.156 457.681
584.448 13.6122
248.062 37.4182
833.456 195.118
496.855 450.303
26.5465 309.883
867.989 127.04
847.963 383.482
847.963 383.482
316.504 508.495
480.231 191.017
407.239 299.805
831.951 505.592
831.951 505.592
793.15 635.424
832.194 166.253
19.5925 315.412
862.252 632.625
449.058 287.223
848.556 405.936
848.556 405.936
843.175 285.051
838.974 155.086
440.093 38.7353
834.417 357.931
847.08 49.0602
354.092 160.159
486.21 257.713
1017.7 438.614
641.744 426.514
795.281 350.619
795.281 350.619
847.666 392.193
110.211 24.3004
832.286 7.00963
832.286 7.00963
599.683 562.33
651.851 451.363
844.922 464.166
343.009 164.357
238.579 135.051
267.356 422.587
811.053 230.665
627.958 423.024
627.958 423.024
610.136 30.1449
302.24 441.074
852.295 377.451
852.295 377.451
532.389 322.461
532.389 322.461
545.684 604.798
508.485 129.674
74.5693 16.3312
95.9518 20.9612
95.9518 20.9612
850.249 456.826
850.249 456.826
330.087 282.831
853.405 539.909
13.2713 350.337
552.311 293.409
854.12 557.257
247.958 28.5744
847.173 514.631
789.72 608.722
868.056 596.982
868.056 596.982
843.271 421.638
840.762 210.643
807.18 377.344
791.578 232.145
64.6355 14.0069
1012.3 32.7821
743.561 564.253
927.857 628.084
927.857 628.084
843.191 414.613
383.353 282
839.741 166.097
845.245 471.831
864.832 191.859
728.622 567.789
850.974 468.441
266.337 443.376
831.913 155.338
13.2747 295.279
13.2747 295.279
374.435 480.327
833.563 326.913
843.246 272.971
376.039 285.706
376.039 285.706
538.693 578.511
64.2541 13.694
375.901 151.226
212.241 449.46
977.055 601.071
318.785 295.417
408.599 89.254
408.599 89.254
121.722 26.5901
240.054 244.781
942.053 637.355
843.92 302.57
434.721 99.2349
610.984 301.238
610.984 301.238
859.909 594.99
456.592 435.105
824.19 294.237
824.19 294.237
875.504 363.474
852.001 334.066
400.63 305.689
841.276 372.798
141.119 30.9168
432.719 315.599
416.254 42.9448
611.854 539.859
472.05 435.153
472.05 435.153
386.036 99.9544
833.469 54.8981
305.296 435.258
821.795 37.8023
489.894 576.855
858.639 64.1729
858.639 64.1729
701.074 563.105
820.935 7.785
852.803 518.825
852.803 518.825
859.203 75.6361
821.822 25.9594
834.769 85.8078
288.214 372.08
288.214 372.08
607.077 339.981
418.774 95.6869
853.866 410.094
447.97 120.677
833.049 50.3212
827.274 39.6833
529.704 446.57
529.704 446.57
725.522 59.3471
823.438 422.029
236.915 335.791
290.655 335.189
290.655 335.189
829.425 83.4075
537.182 75.8432
971.244 616.8
715.543 171.201
460.537 570.574
290.141 351.834
444.764 48.1451
681.419 362.277
876.867 522.282
951.145 628.592
951.145 628.592
620.105 539.888
146.498 21.2713
417.498 435.339
417.498 435.339
875.337 571.68
376.854 376.514
234.375 402.068
831.273 145.155
472.085 573.699
822.69 544.326
822.69 544.326
329.463 179.151
876.092 7.18441
876.092 7.18441
414.716 254.788
646.291 154.638
853.878 608.745
853.878 608.745
851.887 128.578
608.476 545.02
514.095 436.024
168.843 475.782
826.047 149.522
853.276 164.731
835.807 370.795
828.534 73.2696
105.861 116.525
799.598 486.313
331.113 396.896
487.975 179.998
487.975 179.998
353.694 306.031
626.359 314.203
858.253 55.8098
858.253 55.8098
825.711 507.004
802.773 407.891
800.638 58.8567
752.981 604.546
625.07 137.181
857.198 28.5536
376.856 582.631
869.04 362.403
753.366 625.161
765.972 609.115
448.862 435.895
637.904 130.127
762.637 555.99
875.081 265.105
388.722 480.179
497.974 172.854
634.591 264.866
856.327 566.991
265.739 583.54
36.9944 119.925
615.335 158.56
699.152 492.217
840.18 93.3593
375.304 114.427
518.716 384.745
518.716 384.745
639.753 549.595
639.753 549.595
598.895 335.226
598.895 335.226
379.456 390.233
399.933 391.485
815.231 467.776
400.429 284.382
400.429 284.382
424.097 338.276
856.2 432.81
281.172 435.279
312.839 228.988
685.094 38.7985
832.125 29.4133
788.121 194.972
801.337 556.639
851.153 361.504
397.521 375.883
784.053 609.163
639.421 534.694
862.09 155.068
649.267 457.898
875.013 330.784
488.909 524.023
244.31 110.104
878.626 632.386
444.071 105.961
890.903 634.469
165.194 560.203
689.163 591.884
689.163 591.884
836.994 397.194
546.691 582.253
233.232 435.23
366.822 324.884
590.221 205.153
396.516 363.611
396.516 363.611
691.206 149.925
583.212 571.331
877.747 536.567
792.983 60.1911
696.838 558.205
325.645 235.853
325.645 235.853
551.605 445.331
260.556 587.753
421.562 220.133
421.562 220.133
906.953 588.932
813.827 462.09
292.983 444.275
146.003 34.802
662.635 553.08
374.071 137.673
374.071 137.673
405.529 290.646
594.636 574.133
594.636 574.133
722.394 415.548
834.986 95.9363
568.866 180.817
871.169 567.325
10.315 334.779
10.315 334.779
957.156 624.113
620.452 334.619
857.429 36.8339
386.14 272.819
386.14 272.819
386.14 272.819
409.813 278.745
291.731 435.26
815.295 9.27858
815.295 9.27858
381.329 92.7097
832.808 119.392
655.365 17.206
805.05 371.988
878.57 561.62
843.285 428.993
486.994 214.215
454.814 41.0709
627.699 466.489
422.203 71.9917
422.203 71.9917
757.85 606.741
687.089 284.752
848.128 265.429
848.128 265.429
867.008 259.125
867.008 259.125
247.579 12.1601
237.716 292.913
85.4227 521.113
829.821 96.5015
829.821 96.5015
851.316 248.491
270.18 451.816
405.654 307.376
523.835 495.962
882.755 539.57
885.793 360.056
390.405 363.443
329.929 105.415
840.498 234.617
410.491 198.615
525.895 68.0542
861.546 12.6895
856.553 454.819
784.275 608.696
420.825 400.939
316.262 236.35
316.262 236.35
850.007 310.22
163.06 84.3176
829.165 574.568
963.688 605.251
856.424 470.867
838.548 303.38
607.259 334.749
389.948 378.419
389.948 378.419
631.276 324.957
303.101 446.997
822.734 480.551
499.683 121.949
858.246 520.568
319.32 231.37
319.32 231.37
50.2173 522.682
843.56 543.901
852.241 356.311
839.082 435.488
52.5216 672.289
52.5216 672.289
247.466 12.2953
873.801 593.909
442.452 122.892
876.25 474.617
869.989 237.763
860.591 556.405
643.202 420.441
427.975 196.194
447.861 109.136
451.379 501.811
808.502 601.86
571.448 129.923
734.544 361.665
734.544 361.665
212.881 476.889
857.714 493.927
858.853 91.9371
827.94 59.6236
827.94 59.6236
487.039 446.011
854.435 405.58
265.049 457.731
805.443 372.294
646.926 543.806
646.926 543.806
709.371 216.985
709.371 216.985
506.206 123.665
767.274 629.832
241.317 195.554
799.561 412.825
237.559 292.708
382.701 581.257
603.882 298.565
603.882 298.565
173.563 496.649
757.733 606.444
851.706 347.019
811.762 555.26
848.909 559.924
273.032 446.336
486.592 214.114
541.82 351.897
859.936 101.916
804.978 175.776
343.155 197.84
852.739 372.767
827.422 299.463
827.422 299.463
421.54 72.0611
421.54 72.0611
510.471 382.229
881.636 361.917
198.727 573.666
55.4099 86.313
415.16 121.824
232.347 469.277
872.845 391.611
872.845 391.611
848.125 35.3153
635.562 13.9298
75.3662 522.046
686.475 461.757
475.058 569.406
862.279 262.132
395.816 301.455
506.621 138.147
797.164 199.282
637.434 404.978
35.6238 126.89
857.988 623.438
859.963 543.81
620.146 228.894
856.122 17.999
309.393 154.186
309.393 154.186
697.29 145.396
697.29 145.396
858.622 505.542
508.03 378.241
488.065 470.458
488.065 470.458
164.692 565.017
437.972 10.5984
823.618 64.4195
574.097 125.956
574.097 125.956
727.661 247.054
404.45 172.197
372.867 105.281
292.4 458.586
292.4 458.586
881.944 378.95
725.082 297.009
824.347 339.127
477.654 126.353
858.191 269.191
405.673 194.968
405.673 194.968
406.077 448.458
846.001 213.467
9.90678 344.087
813.583 238.478
813.583 238.478
654.172 12.2146
237.833 286.136
336.712 435.646
336.712 435.646
706.936 325.626
706.936 325.626
289.367 339.838
275.965 589.035
420.782 76.673
658.892 419.494
411.076 382.784
353.24 189.286
230.336 397.933
440.635 202.818
390.713 83.7767
390.713 83.7767
239.642 225.859
235.042 370.408
829.253 87.8178
829.253 87.8178
627.505 104.939
869.043 501.548
348.221 221.828
862.988 621.238
820.912 384.97
820.912 384.97
690.145 74.0311
440.637 170.98
707.252 221.369
645.329 49.4122
994.173 598.013
242.26 154.66
850.652 323.497
843.036 65.7631
830.553 107.755
830.553 107.755
720.91 217.563
84.6491 521.494
871.861 281.316
413.908 202.644
484.004 169.637
777.823 609.225
841.167 195.65
462.864 168.872
857.113 153.015
851.993 15.3013
854.348 618.378
854.348 618.378
868.245 586.675
484.075 55.8362
484.075 55.8362
816.102 381.41
855.83 444.865
242.654 129.595
833.522 433.707
414.1 88.7167
851.255 509.334
849.212 68.8159
742.788 412.456
853.615 396.388
873.945 541.326
56.6541 61.3817
233.65 410.526
233.703 391
843.651 150.119
372.351 89.3367
658.106 478.692
855.508 200.474
438.213 278.527
741.921 570.301
828.192 404.824
422.376 200.063
783.657 114.492
783.657 114.492
323.03 169.05
584.158 395.587
368.541 503.044
3.65485 335.319
859.141 280.955
418.521 90.0432
645.087 255.179
688.617 474.194
854.574 416.173
826.097 6.71597
16.9825 336.11
853.501 146.126
853.057 386.947
856.615 465.661
842.667 228.312
15.3895 331.877
15.3895 331.877
681.995 148.182
353.143 72.3025
798.266 346.736
886.017 305.407
811.692 93.3332
811.692 93.3332
851.316 107.203
872.379 383.712
823.924 71.3845
923.378 645.887
550.853 344.754
244.047 102.335
658.01 393.207
296.285 439.994
397.81 77.8962
441.527 99.3384
428.522 57.9303
428.522 57.9303
158.192 134.938
167.05 81.9408
514.166 126.72
383.473 373.418
383.473 373.418
383.473 373.418
658.072 516.656
380.071 67.7898
603.147 455.826
642.856 407.304
892.346 595.068
605.392 202.725
650.494 419.82
686.338 369.542
842.658 47.1107
883.155 574.399
860.131 5.28726
859.211 536.072
324.508 164.029
838.807 311.789
590.028 209.975
853.272 154.446
800.788 485.65
574.124 218.184
841.855 281.623
871.48 169.519
626.224 553.129
845.059 181.114
845.059 181.114
427.962 173.021
427.962 173.021
665.083 548.91
710.236 365.998
841.415 106.022
841.415 106.022
515.099 597.62
515.099 597.62
592.083 298.859
592.083 298.859
850.53 317.612
359.136 222.152
693.86 391.469
844.249 550.545
866.443 355.667
395.734 307.734
847.911 13.7614
365.169 25.376
598.68 437.496
589.042 123.002
716.337 486.943
716.337 486.943
910.178 634.737
390.072 131.783
844.161 329.534
635.158 392.653
824.796 80.4375
433.029 30.305
433.029 30.305
873.385 424.926
200.812 483.585
57.8761 36.6976
372.249 498.603
428.871 17.1973
428.871 17.1973
616.955 424.807
616.955 424.807
667.186 568.268
831.179 130.706
669.672 420.789
669.672 420.789
794.054 379.365
794.054 379.365
870.021 343.973
443.972 127.098
22.5044 314.066
595.818 101.531
595.818 101.531
622.266 520.733
347.477 235.589
459.966 50.8857
852.296 263.97
961.054 620.913
961.054 620.913
861.04 564.432
861.04 564.432
848.049 252.656
852.977 138.039
531.159 310.86
866.811 367.876
716.32 364.791
430.542 168.563
801.328 89.0316
847.644 244.193
479.318 182.875
871.372 191.966
667.621 152.151
840.862 11.4107
807.447 404.599
807.447 404.599
343.773 190.07
487.749 326.421
827.657 66.9809
342.618 202.366
863.185 376.292
780.192 631.513
291.149 440.041
291.149 440.041
677.9 152.918
840.311 2.53833
877.012 600.473
721.368 20.122
869.346 334.637
423.565 363.068
876.967 627.927
877.58 426.816
860.141 303.164
360.728 503.102
381.677 367.934
679.474 252.93
622.753 480.985
622.753 480.985
910.698 592.801
858.181 159.174
874.12 531.588
799.856 642.248
799.856 642.248
462.941 496.919
631.245 555.327
371.203 485.844
639.326 292.204
639.326 292.204
541.635 219.094
541.635 219.094
541.635 219.094
847.407 235.311
847.407 235.311
645.512 415.672
720.851 283.441
433.547 282.087
648.027 227.376
659.949 116.536
659.949 116.536
257.525 288.912
369.648 291.538
862.902 71.9033
375.398 381.326
880.675 568.174
855.13 436.445
655.768 99.843
527.377 167.266
527.377 167.266
787.85 614.743
410.539 286.335
639.33 73.7848
639.33 73.7848
861.262 327.577
542.645 182.482
542.645 182.482
114.488 138.36
498.742 95.326
849.301 68.2073
484.417 82.8709
474.976 184.913
635.984 453.632
635.984 453.632
602.027 491.291
874.212 603.546
723.854 319.101
723.854 319.101
674.852 115.399
377.617 110.422
421.888 284.23
455.454 497.652
455.454 497.652
347.88 126.556
855.058 184.579
344.432 320.601
612.323 449.824
278.6 430.21
278.6 430.21
418.018 192.657
873.388 629.837
335.881 46.1552
662.157 552.159
621.84 108.002
494.82 302.333
494.82 302.333
589.955 240.382
349.498 301.233
842.425 55.6196
610.979 143.083
610.979 143.083
849.772 300.348
237.897 180.335
542.892 405.065
815.038 165.798
815.038 165.798
815.038 165.798
682.837 248.227
803.86 170.898
280.347 355.627
740.645 573.95
801.069 455.91
801.069 455.91
845.446 197.788
219.651 145.416
589.084 62.2684
626.689 394.403
619.305 523.069
700.502 456.227
734.037 562.445
642.293 226.856
642.293 226.856
869.177 423.871
447.009 29.011
851.182 338.225
673.802 94.1672
803.903 351.955
403.478 333.675
636.482 125.057
636.482 125.057
663 78.8886
521.147 126.071
521.147 126.071
149.427 29.9293
149.427 29.9293
877.633 607.247
394.457 380.896
869.418 534.523
243.861 95.9323
680.407 70.2988
628.123 544.986
621.658 30.6429
605.227 577.457
873.775 554.975
233.465 425.691
831.602 177.014
56.1925 65.4418
524.779 448.889
677.202 566.995
689.496 557.683
840.218 447.985
649.02 327.631
232.392 441
529.676 302.509
239.097 239.869
497.243 445.89
640.828 51.6696
640.828 51.6696
830.631 303.794
231.956 456.481
877.679 622.1
695.903 326.645
695.903 326.645
373.454 377.24
638.028 449.803
206.053 207.653
849.039 276.904
98.4919 136.043
694.7 64.6536
624.096 460.673
648.081 119.531
448.14 187.6
864.479 101.165
827.196 385.795
847.405 426.611
733.197 483.516
829.539 202.971
633.743 389.198
766.379 630.349
448.435 76.3357
852.322 26.9122
871.186 522.027
871.186 522.027
771.772 602.421
853.464 600.746
663.44 97.4188
807.498 25.2616
853.37 291.608
853.37 291.608
531.492 37.9047
793.082 123.083
594.713 423.668
149.225 48.3173
693.06 420.454
562.975 78.9584
720.404 62.5377
720.404 62.5377
677.873 379.336
417.097 13.3575
417.097 13.3575
843.608 77.4951
882.82 219.211
253.9 586.562
873.782 560.108
873.782 560.108
362.921 220.124
362.921 220.124
480.118 544.338
209.968 15.3627
852.346 22.6291
852.346 22.6291
434.61 208.753
434.61 208.753
212.532 18.692
297.835 204.387
288.873 394.639
532.243 393.444
532.707 463.469
661.599 485.995
289.725 388.819
289.725 388.819
229.432 453.362
846.886 410.492
326.865 160.798
844.563 187.745
844.563 187.745
823.614 462.846
667.904 14.2369
852.266 366.723
500.31 448.807
343.391 476.967
679.708 33.1989
660.099 188.712
661.529 129.377
732.464 55.4855
732.464 55.4855
777.758 348.516
280.582 489.172
403.277 361.579
834.649 217.897
631.849 260.875
199.949 402.302
288.608 161.042
455.101 49.865
859.025 95.377
232.402 447.946
855.38 451.027
372.161 234.15
849.071 53.5471
841.663 177.971
374.037 294.391
360.896 216.342
348.386 230.772
348.386 230.772
428.328 53.6934
702.185 145.558
840.969 265.116
827.511 459.951
827.511 459.951
645.55 113.019
141.824 125.045
769.555 267.669
466.911 19.0147
567.215 158.194
849.606 291.965
430.309 44.8089
646.142 124.352
848.174 259.364
374.43 372.604
360.406 102.689
385.854 248.04
436.79 94.3606
436.79 94.3606
860.146 25.0545
651.64 130.943
773.522 262.658
373.382 61.4797
435.368 228.805
358.982 107.274
436.802 54.0839
606.597 112.826
828.05 379.419
590.137 269.9
809.27 173.39
845.717 206.505
447.517 448.889
408.717 294.567
671.989 293.117
652.576 551.466
862.684 350.29
763.643 462.344
122.747 139.765
171.116 566.474
386.007 69.6334
17.309 313.683
419.629 55.3911
663.111 93.9752
663.111 93.9752
176.814 567.847
764.485 601.97
764.485 601.97
860.403 456.249
558.205 58.6632
700.602 178.938
700.602 178.938
464.433 448.57
851.08 100.459
578.401 271.053
436.183 50.8039
782.65 637.881
672.163 487.016
672.163 487.016
777.87 583.901
852.533 583.171
449.316 45.5758
724.991 213.744
684.789 76.3295
731.252 372.231
444.21 277.59
862.368 506.518
649.171 83.3466
38.1813 123.72
864.68 557.187
867.703 475.544
680.976 327.431
429.284 7.84542
346.709 298.373
440.1 119.374
664.425 201.699
664.425 201.699
664.425 201.699
811.749 389.508
811.749 389.508
467.677 280.765
825.945 94.8296
647.905 188.197
118.571 135.698
885.525 324.935
723.76 132.463
550.116 131.673
373.273 3.64799
717.645 515.963
717.645 515.963
811.7 458.457
701.737 284.139
856.026 22.8742
396.246 342.035
396.246 342.035
786.27 526.656
793.447 119.076
385.223 145.892
855.961 636.889
855.961 636.889
873.593 526.265
827.927 160.845
372.201 318.877
849.517 476.516
859.222 274.402
556.488 55.6781
390.069 447.016
796.763 638.697
688.478 423.493
428.524 184.629
428.524 184.629
428.524 184.629
428.524 184.629
31.4982 115.577
862.363 268.219
388.388 263.654
388.388 263.654
872.479 626.176
872.479 626.176
422.692 218.657
858.436 254.328
366.162 294.582
482.945 297.837
549.497 178.975
238.348 165.486
660.486 194.235
613.371 334.922
873.366 320.126
844.971 175.411
844.971 175.411
780.933 631.968
681.276 383.306
681.276 383.306
441.904 445.265
508.391 14.8621
409.837 170.798
196.824 472.768
492.903 450.45
663.326 564.98
849.184 195.733
849.184 195.733
360.475 229.466
844.926 361.989
711.796 563.278
714.997 142.646
831.357 170.985
887.53 394.295
422.534 277.052
422.534 277.052
852.119 274.879
815.183 3.71118
358.007 296.211
683.23 3.54125
683.23 3.54125
383.546 277.267
715.484 423.615
477.227 164.988
847.002 574.63
847.002 574.63
729.303 316.404
418.367 31.3256
418.367 31.3256
830.447 453.539
817.503 452.646
817.503 452.646
857.522 230.849
600.078 36.7234
600.078 36.7234
858.219 406.819
858.219 406.819
433.303 29.6741
494.667 353.654
494.667 353.654
604.849 302.15
365.008 320.731
663.495 489.245
298.104 158.301
372.033 446.54
552.102 51.67
552.102 51.67
760.786 562.616
882.93 294.946
882.93 294.946
854.35 328.154
519.152 364.653
519.152 364.653
612.91 94.3445
612.91 94.3445
736.901 92.7372
795.044 126.504
686.335 71.8851
686.335 71.8851
706.934 415.509
706.934 415.509
865.764 425.734
413.269 334.362
86.7835 525.017
390.884 387.449
408.193 283.407
466.762 15.4554
735.987 490.207
844.652 102.556
896.304 592.019
343.035 482.819
506.91 369.626
506.91 369.626
856.1 207.061
353.681 86.675
848.581 183.018
373.378 150.332
399.935 103.374
716.916 490.813
875.926 21.602
538.1 571.919
432.535 197.895
926.896 630.747
327.017 221.247
318.863 226.54
727.296 626.746
813.6 31.0555
813.6 31.0555
326.003 253.314
351.43 158.824
857.923 398.089
386.447 268.679
354.157 333.85
806.291 57.3094
418.632 199.227
432.443 444.809
432.443 444.809
428.379 26.0706
830.927 353.562
841.105 112.764
883.296 299.605
620.545 111.898
882.95 351.042
611.832 265.956
611.832 265.956
835.495 308.795
706.955 489.9
497.706 363.674
497.706 363.674
755.565 562.711
387.976 389.085
873.218 517.816
873.218 517.816
407.559 79.5995
469.334 397.68
688.873 145.944
632.462 551.624
631.904 10.026
642.822 252.343
831.04 32.4998
546.692 277.665
546.692 277.665
842.662 313.545
478.685 168.713
478.685 168.713
696.477 423.121
482.089 42.5514
612.879 203.317
737.365 209.614
877.006 257.092
691.702 457.854
374.058 482.553
360.021 111.052
834.216 11.2649
852.06 253.159
852.06 253.159
610.547 332.261
853.972 351.86
654.976 96.2921
586.595 153.012
419.206 272.667
430.393 447.405
791.135 311.404
363.028 99.2739
494.426 350.028
494.426 350.028
494.426 350.028
714.178 246.871
638.999 314.974
820.547 469.172
414.981 386.727
450.534 103.694
376.242 290.524
843.989 148.959
843.989 148.959
287.388 488.962
478.629 574.601
832.16 311.091
866.516 24.8383
544.745 161.373
621.301 391.945
736.687 554.525
728.141 360.671
854.176 318.168
66.3503 673.232
66.3503 673.232
854.479 147.445
861.081 309.317
757.459 624.94
855.277 633.34
696.128 457.029
840.201 187.412
710.916 491.592
161.322 145.52
161.322 145.52
714.145 283.732
401.893 81.9028
384.294 84.0535
384.294 84.0535
744.196 128.204
552.111 134.156
823.096 454.073
506.866 452.602
714.614 58.1174
365.302 371.157
365.302 371.157
841.586 563.586
230.089 581.136
689.12 149.475
636.133 121.652
851.5 526.484
393.058 392.84
638.283 481.833
638.283 481.833
407.506 122.305
236.66 582.576
371.742 139.359
681.543 255.952
639.858 256.745
434.13 42.7906
58.6193 13.9363
259.178 468.317
861.047 44.7223
862.141 574.525
407.513 59.3831
407.513 59.3831
827.616 133.014
497.573 356.382
497.573 356.382
385.371 363.796
345.427 55.4451
345.427 55.4451
676.09 254.612
343.267 182.408
8.16213 301.027
859.194 382.375
642.05 449.599
360.578 97.0118
351.094 360.035
624.559 295.247
542.595 360.001
660.596 126.074
630.372 25.1203
793.261 291.57
646.041 403.131
646.041 403.131
869.499 526.053
832.834 320.906
868.951 492.243
825.964 89.5496
862.618 342.755
988.491 607.764
837.546 110.881
977.58 632.469
634.16 55.2562
819.882 195.016
547.934 136.151
274.963 134.295
274.963 134.295
694.461 182.929
635.048 157.47
635.048 157.47
495.638 370.575
479.275 399.168
426.058 101.399
426.058 101.399
426.058 101.399
528.768 549.793
474.625 65.0782
473.17 114.557
612.047 162.427
612.047 162.427
433.066 104.128
433.066 104.128
433.066 104.128
683.03 244.435
4.72848 377.872
495.158 366.813
678.031 267.669
632.485 543.134
495.136 36.7491
495.136 36.7491
659.386 13.4344
637.606 412.337
834.53 452.941
700.285 327.902
341.507 36.1114
658.283 132.306
368.95 320.508
425.512 207.661
749.406 602.311
693.16 68.0834
693.16 68.0834
364.375 75.8977
364.375 75.8977
408.882 136.694
843.562 160.621
642.933 135.029
352.179 217.581
550.144 13.4729
550.144 13.4729
877.987 561.71
456.534 575.973
843.67 110.216
489.865 467.021
851.372 631.169
622.383 361.497
496.356 385.769
419.025 68.8915
681.475 590.989
390.937 382.953
376.984 394.955
614.928 112.601
740.746 521.319
732.508 281.379
868.953 278.333
31.3471 111.412
397.167 50.7606
397.167 50.7606
362.051 154.497
363.077 121.073
12.8565 338.091
4.12572 346.081
4.12572 346.081
720.855 287.069
864.561 561.875
822.648 207.487
460.598 185.643
821.275 416.765
366.483 248.801
437.662 326.87
437.662 326.87
674.062 417.847
872.199 313.831
132.528 24.5789
608.444 146.227
664.459 108.905
875.598 169.956
875.598 169.956
389.225 77.871
506.175 283.861
430.304 342.826
390.107 374.48
244.566 574.508
244.566 574.508
869.033 229.483
633.068 433.947
513.2 449.134
362.622 232.188
686.68 457.003
572.04 144.614
879.518 159.464
654.522 45.1261
847.46 149.01
847.46 149.01
820.427 465.141
625.684 90.9339
740.522 322.481
692.615 491.084
864.117 387.592
548.363 420.422
766.957 316.692
306.96 155.334
493.781 389.943
861.525 36.3194
814.209 368.895
814.209 368.895
363.061 482.972
312.489 559.174
837.285 10.2667
837.285 10.2667
388.389 529.03
388.389 529.03
680.47 414.305
311.761 19.4221
822.375 538.792
606.367 348.11
606.367 348.11
475.058 470.928
475.058 470.928
829.364 554.147
255.466 577.12
255.466 577.12
349.537 215.128
349.537 215.128
620.241 299.034
840.105 321.487
366.706 103.477
624.434 454.142
179.418 481.148
827.451 19.2285
999.598 41.9306
638.886 554.769
638.886 554.769
425.969 513.962
425.969 513.962
363.017 210.665
875.099 118.55
570.09 48.8464
810.639 560.15
854.281 159.816
621.341 457.128
738.463 129.79
738.463 129.79
669.434 332.036
536.535 182.78
260.193 154.822
906.861 590.418
202.347 601.406
634.302 295.026
763.032 607.487
857.288 386.913
430.582 393.991
430.582 393.991
448.162 165.231
122.764 98.3663
122.764 98.3663
531.289 136.77
653.61 367.779
432.047 364.953
468.344 46.0724
597.792 101.025
597.792 101.025
830.674 150.659
860.417 297.064
390.69 261.169
124.898 50.4804
382.57 238.097
382.57 238.097
382.57 238.097
480.875 365.152
241.142 166.152
436.408 355.388
436.408 355.388
9.60535 294.853
9.60535 294.853
867.68 463.201
858.037 242.086
424.79 57.4815
518.949 569.396
518.949 569.396
673.647 184.266
673.647 184.266
491.997 447.492
372.297 64.9195
752.02 201.842
796.308 486.363
851.864 113.728
767.945 400.348
767.945 400.348
858.276 246.508
810.185 100.92
785.156 493.232
472.424 31.7207
332.43 88.806
705.185 486.91
259.067 578.007
835.09 540.829
835.14 301.167
708.758 487.235
797.932 580.159
809.21 428.961
204.296 474.694
416.529 572.833
416.529 572.833
417.662 57.912
245.073 58.3319
436.156 569.993
436.156 569.993
830.875 162.091
64.0584 676.026
823.106 466.305
411.953 102.451
418.165 388.204
810.609 436.609
810.609 436.609
472.117 43.5804
472.117 43.5804
864.923 397.372
429.909 107.022
429.909 107.022
240.008 124.888
237.725 573.116
237.725 573.116
313.159 446.059
845.689 309.069
512.7 71.3105
643.797 546.417
643.797 546.417
293.08 589.209
650.145 489.107
339.665 189.522
10.8176 291.449
633.574 103.116
165.019 490.716
655.894 504.803
655.894 504.803
864.785 391.792
250.744 471.241
422.559 80.9882
396.68 141.154
519.132 539.928
519.132 539.928
293.404 160.094
76.364 90.3969
76.364 90.3969
76.364 90.3969
714.166 364.442
220.012 568.997
220.012 568.997
492.36 251.469
885.119 600.429
839.428 68.8248
492.618 313.801
821.521 349.141
603.802 417.355
603.802 417.355
855.378 572.184
855.378 572.184
843.603 152.761
531.469 129.642
531.469 129.642
406.017 254.932
406.017 254.932
610.455 510.339
767.673 564.891
689.331 465.477
689.331 465.477
623.874 513.194
620.185 27.6679
499.408 37.3509
78.3039 41.0282
474.197 28.5317
354.6 96.4615
364.991 326.998
364.991 326.998
393.998 257.653
690.142 460.72
485.721 445.548
213.063 121.503
680.314 36.6034
680.314 36.6034
481.948 445.212
31.3449 123.181
424.991 16.5547
424.991 16.5547
863.539 501.739
863.539 501.739
406.032 319.042
824.224 563.498
346.172 195.14
820.544 353.991
820.544 353.991
646.049 563.389
690.12 339.674
576.963 2.54348
287.401 278.408
373.926 443.24
373.926 443.24
732.124 318.082
669.086 514.933
569.204 455.214
538.195 484.428
538.195 484.428
829.093 323.487
563.26 265.121
799.933 159.779
799.933 159.779
467.734 63.9955
355.118 380.704
630.122 508.601
419.029 9.05217
419.029 9.05217
692.864 31.5719
835.32 312.572
865.071 65.0982
869.895 513.889
418.838 376.212
284.907 341.719
284.907 341.719
702.419 141.959
718.963 280.753
902.764 353.159
660.686 79.9902
660.686 79.9902
627.154 479.908
423.749 47.7549
827.697 602.528
245.379 54.1396
838.544 317.446
404.37 84.3966
404.37 84.3966
825.011 394.034
719.459 23.6245
563.823 82.287
695.567 360.494
301.042 317.534
431.555 20.9857
123.785 74.3609
777.982 489.673
777.982 489.673
370.856 112.475
437.959 376.713
16.9034 295.413
16.9034 295.413
746.034 159.138
746.034 159.138
468.46 277.547
468.46 277.547
754.027 488.838
507.76 455.668
440.442 199.071
658.798 120.314
581.456 33.4217
581.456 33.4217
629.819 134.688
12.0407 328.9
358.754 115.058
441.866 195.096
405.138 288.492
468.688 567.945
468.688 567.945
562.316 131.318
191.501 571.56
817.895 604.228
261.629 14.6344
261.629 14.6344
261.629 14.6344
621.072 161.383
689.424 561.26
832.616 201.302
312.943 116.116
555.905 86.3751
253.966 227.766
478.509 334.445
478.509 334.445
677.178 325.69
521.73 399.99
521.73 399.99
401.263 128.094
264.539 227.629
620.069 62.0576
325.227 224.145
652.8 328.777
810.58 166.933
385.85 64.6883
848.586 461.341
77.2092 65.5584
638.473 128.073
841.848 202.322
492.246 450.867
693.156 145.006
623.268 158.453
369.413 361.995
369.413 361.995
852.666 457.024
865.506 403.911
830.967 515.146
934.827 634.655
769.565 462.424
361.504 205.005
725.588 68.6574
621.535 464.689
649.221 561.479
649.221 561.479
532.159 40.9746
636.333 308.712
659.357 294.493
574.016 288.148
670.243 290.102
695.285 459.847
542.597 366.72
846.998 581.12
474.559 273.466
867.313 448.931
409.524 389.563
828.225 177.451
423.499 60.0621
193.909 472.833
418.366 557.806
533.716 376.312
600.421 556.47
427.286 211.898
694.227 373.877
469.691 20.8081
527.845 316.01
855.243 338.448
325.124 519.016
831.741 45.8318
663.227 406.407
595.39 443.956
743.099 377.871
694.565 363.356
140.272 537.64
140.272 537.64
641.721 22.5392
458.595 511.625
853.843 308.615
561.2 52.8364
458.627 451.868
458.627 451.868
615.933 109.527
561.202 448.439
561.202 448.439
284.483 348.558
850.707 407.625
618.092 529.679
826.324 142.211
327.091 154.848
202.073 604.462
202.073 604.462
743.173 557.036
129.047 551.666
384.118 87.1124
384.118 87.1124
458.434 54.8286
646.217 109.807
282.421 379.967
548.176 423.11
689.023 366.803
384.033 18.8876
535.524 17.9056
270.99 220.596
851.811 471.92
438.413 14.9638
168.336 493.559
480.789 526.472
480.789 526.472
492.568 329.281
492.568 329.281
193.127 562.844
193.127 562.844
287.495 164.388
417.4 422.419
417.4 422.419
888.78 570.817
451.377 115.247
664.659 256.044
679.836 587.973
679.836 587.973
714.6 367.579
812.183 439.7
908.767 638.25
908.767 638.25
632.145 548.7
765.528 34.9272
765.528 34.9272
298.96 589.115
671.887 91.3247
305.483 60.5713
509.49 365.453
826.357 560.606
866.349 419.671
436.901 405.709
455.044 53.3949
288.295 445.84
667.258 149.042
618.263 128.524
866.224 365.838
796.724 483.602
977.466 594.454
607.194 268.789
851.071 242.765
851.071 242.765
108.076 49.4509
464.846 92.5176
669.349 483.117
50.0374 114.368
898.2 632.487
60.5827 39.4353
255.702 119.973
788.833 122.038
788.833 122.038
532.644 408.366
340.44 351.013
340.44 351.013
17.977 301.967
633.288 546.021
633.288 546.021
351.53 232.361
849.398 25.1882
670.631 553.816
378.734 366.467
444.88 16.8057
343.056 347.924
423.945 571.824
423.945 571.824
404.547 366.561
671.597 48.6404
418.677 209.357
263.618 158.608
855.017 506.498
284.132 472.015
284.132 472.015
863.465 365.044
371.994 578.941
371.994 578.941
334.904 579.73
596.268 301.202
335.304 379.353
335.304 379.353
478.114 465.765
478.114 465.765
520.288 423.113
403.607 240.788
584.616 268.572
647.359 324.894
852.777 623.299
852.396 283.302
516.466 26.226
516.466 26.226
459.3 103.886
471.553 394.769
441.995 391.114
824.474 151.891
824.474 151.891
793.07 14.7273
793.07 14.7273
807.994 387.461
829.851 199.728
849.545 579.787
581.004 73.494
18.8099 305.56
329.836 380.074
329.836 380.074
727.379 313.318
834.409 14.8502
322.829 579.832
322.829 579.832
837.818 24.4208
837.818 24.4208
668.604 94.925
435.436 205.855
444.794 23.7541
444.794 23.7541
358.255 225.681
270.588 417.987
147.387 26.3827
610.854 68.5414
541.229 574.616
632.042 606.221
856.203 290.024
348.241 483.271
429.38 41.2518
429.38 41.2518
640.848 367.101
230.989 398.566
319.366 68.4514
797.774 226.043
454.606 39.3998
862.969 482.392
529.622 126.778
355.683 368.432
422.872 357.717
767.218 557.193
435.351 310.143
435.351 310.143
255.406 327.416
649.662 458.092
405.012 385.409
465.678 113.166
504.068 176.386
847.687 442.457
632.852 316.42
430.219 190.38
731.91 97.2493
447.755 512.518
853.547 131.711
475.744 445.189
692.382 156.812
692.382 156.812
881.007 356.617
416.494 207.686
781.807 632.482
724.454 323.615
724.454 323.615
724.454 323.615
643.414 91.8984
643.414 91.8984
643.414 91.8984
363.377 28.8327
363.377 28.8327
11.7294 313.241
313.58 233.388
714.96 420.632
714.96 420.632
873.055 15.0294
873.055 15.0294
728.065 420.903
463.873 110.391
463.873 110.391
712.689 466.74
847.968 448.083
604.568 30.8317
451.097 112.497
451.097 112.497
614.51 267.822
495.16 309.07
495.16 309.07
879.175 333.441
879.175 333.441
443.49 568.984
443.49 568.984
662.694 447.102
794.734 456.922
490.559 346.213
373.219 384.347
748.028 460.651
603.156 393.131
646.562 497.149
340.394 146.405
470.667 47.8404
445.528 422.032
346.562 347.514
727.288 284.445
775.957 509.128
13.6311 289.524
13.6311 289.524
453.784 36.9504
250.256 585.987
558.165 127.361
558.165 127.361
387.372 372.148
756.401 517.613
543.904 134.416
774.606 565.087
469.989 344.756
430.629 355.425
392.111 371.06
201.867 472.951
201.867 472.951
419.93 80.3826
419.93 80.3826
431.843 58.1852
898.675 394.892
646.785 558.791
646.785 558.791
570.963 158.228
512.809 48.5892
482.109 462.892
482.109 462.892
611.64 423.701
934.962 639.83
709.909 170.005
857.186 560.937
524.571 395.912
524.571 395.912
513.523 55.842
865.678 162.656
320.627 263.559
528.547 531.444
409.827 124.565
626.771 333.453
467.244 348.607
832.399 540.306
431.349 36.0351
570.385 110.132
430.348 469.142
430.348 469.142
363.22 186.826
425.913 392.601
467.862 372.165
415.187 169.531
274.467 131.306
525.456 473.058
525.456 473.058
639.703 20.601
865.859 535.197
386.374 131.427
829.151 7.01924
379.191 260.46
106.893 73.4951
106.893 73.4951
697.095 179.534
488.06 322.899
583.873 371.625
416.693 214.931
714.473 566.65
171.661 495.74
817.315 172.396
415.832 552.839
449.98 39.3301
449.98 39.3301
772.779 350.748
483.572 35.5376
411.543 258.482
411.543 258.482
786.925 567.217
786.925 567.217
621.032 59.0109
862.383 338.043
556.73 28.315
821.75 378.68
414.643 262.517
523.931 526.123
273.412 137.223
789.962 142.834
522.363 186.655
814.043 19.9787
832.961 206.862
429.526 214.099
644.335 19.221
606.474 205.621
376.392 578.346
376.392 578.346
849.469 213.637
845.146 381.884
582.039 213.88
628.062 335.931
832.651 344.141
738.329 363.057
442.992 465.036
431.022 47.2064
431.022 47.2064
504.091 52.5584
353.836 398.012
120.482 100.311
120.482 100.311
467.224 10.2315
713.648 218.835
679.927 186.167
231.979 451.049
783.529 34.4975
755.266 458.61
881.479 620.575
499.868 569.353
678.674 390.858
644.963 195.363
631.074 128.253
606.352 266.158
579.722 47.6195
377.658 408.674
459.743 92.5109
361.419 321.104
850.586 295.151
579.167 68.4227
579.167 68.4227
459.492 526.903
459.492 526.903
428.071 29.2789
857.242 564.437
857.242 564.437
279.336 451.001
614.921 394.744
511.284 172.2
527.026 251.752
527.026 251.752
832.181 555.594
858.641 249.62
675.47 280.506
809.531 440.703
349.072 589.014
872.474 564.209
872.474 564.209
494.198 462.727
347.112 190.519
337.036 403.486
337.036 403.486
403.138 387.701
632.741 603.501
337.872 549.718
268.076 579.753
558.645 8.97619
889.297 335.051
207.156 439.685
866.848 441.649
447.387 461.036
871.133 604.268
871.133 604.268
293.233 141.399
486.278 465.881
433.771 8.88787
540.5 116.523
495.241 95.1809
557.524 161.199
557.524 161.199
291.873 163.046
522.88 420.751
394.54 387.029
874.289 18.0109
473.416 174.995
473.416 174.995
317.403 519.012
317.403 519.012
258.943 126.766
341.845 109.896
341.845 109.896
526.078 515.645
526.078 515.645
80.6937 43.6248
312.503 104.501
884.102 620.025
839.865 9.30791
410.926 386.663
456.994 439.206
365.986 203.366
708.02 418.935
415.998 450.647
562.88 182.121
562.88 182.121
837.142 99.2806
604.845 423.446
784.42 273.767
397.112 63.7124
632.036 27.5779
870.496 639.707
276.459 580.192
419.461 52.3402
404.701 337.265
676.268 8.40086
364.435 397.436
355.7 394.108
355.7 394.108
783.39 460.05
141.503 56.1871
845.846 54.301
845.846 54.301
908.89 596.044
347.814 322.13
306.787 40.4293
477.232 565.94
571.573 273.922
520.774 168.593
553.806 219.175
553.806 219.175
531.5 460.994
663.194 120.393
635.21 290.032
333.447 91.4808
7.02569 337.674
325.131 564.34
325.131 564.34
765.656 559.901
416.904 37.4277
727.878 168.658
727.878 168.658
436.793 307.404
436.793 307.404
428.571 34.1136
683.445 151.085
782.973 275.916
398.651 53.0532
383.144 534.362
420.058 19.3189
420.058 19.3189
350.638 85.8079
431.086 405.576
431.086 405.576
537.437 187.978
854.346 577.43
854.346 577.43
844.919 375.983
635.066 326.298
835.584 549.202
835.584 549.202
798.148 563.315
335.516 43.0128
736.396 514.739
689.333 330.929
689.333 330.929
449.625 55.5685
826.118 324.856
582.605 122.733
582.605 122.733
515.665 543.474
421.047 58.4393
640.762 512.411
644.368 192.583
419.302 293.372
621.281 433.751
621.281 433.751
426.554 176.823
426.554 176.823
889.402 346.525
426.889 190.084
426.889 190.084
878.935 26.8575
304.473 57.986
709.578 63.1883
525.202 124.722
431.834 55.0995
274.633 243.478
844.643 557.164
441.911 316.194
441.911 316.194
430.318 222.597
275.949 282.409
601.999 33.5705
601.999 33.5705
603.597 99.301
795.808 94.1745
269.647 218.395
650.165 495.29
650.165 495.29
823.075 388.467
823.075 388.467
266.319 432.019
256.251 159.441
503.942 31.1675
369.343 409.26
549.965 56.1578
367.003 396.228
317.108 223.715
317.108 223.715
282.737 147.555
282.737 147.555
463.143 574.965
741.08 325.083
326.434 29.4274
571.57 155.578
571.57 155.578
340.067 58.609
799.512 185.621
799.512 185.621
525.098 572.835
364.484 350.6
836.531 449.725
149.556 548.985
874.395 236.546
629.588 163.395
466.743 317.313
328.04 558.893
833.448 159.865
662.332 81.9245
874.041 256.177
874.041 256.177
364.559 361.915
859.878 290.63
299.138 547.217
748.339 490.486
781.015 15.5159
781.015 15.5159
508.159 512.898
508.159 512.898
706.653 538.059
503.873 194.314
598.346 445.489
482.208 387.041
444.08 424.321
78.5803 92.9163
78.5803 92.9163
284.368 344.393
664.145 329.199
664.145 329.199
420.158 178.64
282.525 445.782
282.525 445.782
575.537 53.0724
835.099 2.43617
304.134 156.767
572.797 108.47
855.89 41.9216
520.425 184.151
365.87 99.4217
365.87 99.4217
641.858 364.728
641.858 364.728
885.821 316.53
95.9816 46.9701
846.514 76.1071
499.95 328.24
796.183 188.477
367.965 28.2732
574.56 47.0659
727.653 286.906
596.527 238.378
731.665 554.562
425.685 342.078
817.749 42.3701
373.577 487.974
528.895 63.4314
534.9 395.94
289.793 443.414
857.32 577.082
857.32 577.082
733.82 133.843
944.032 629.56
632.384 189.658
635.092 480.153
635.092 480.153
