3139
393.454 82.3215
361.712 627.902
328.41 171.931
328.41 171.931
574.332 193.428
139.07 512.983
139.07 512.983
407.328 76.1651
407.328 76.1651
425.771 395.53
172.863 327.581
363.101 515.871
343.565 138.556
343.565 138.556
566.875 501.57
325.563 281.768
610.04 475.646
325.276 213.233
325.276 213.233
993.043 542.914
406.192 283.961
200.585 505.437
560.78 88.0156
559.154 251.948
540.61 479.186
566.583 595.774
449.814 285.136
701.295 526.905
519.174 70.0316
971.586 560.642
439.82 175.845
439.82 175.845
386.259 600.83
37.5492 544.857
627.171 320.672
178.994 556.772
395.937 184.805
395.937 184.805
452.997 341.801
452.997 341.801
958.606 579.776
286.267 316.189
546.126 576.373
527.099 170.569
660.679 332.04
587.715 572.328
587.715 572.328
369.912 101.76
404.412 235.912
415.859 343.983
470.808 230.302
470.808 230.302
681.439 494.462
681.439 494.462
467.74 200.021
403.799 80.538
168.953 264.582
940.51 123.386
112.106 516.805
112.106 516.805
367.935 217.609
367.935 217.609
550.918 174.363
1006.9 595.773
960.293 373.924
639.414 269.052
171.881 141.599
961.157 615.317
577.903 481.055
167.939 286.086
372.572 246.114
372.572 246.114
957.732 126.16
642.042 349.449
944.487 178.555
423.677 43.5034
452.332 374.6
452.332 374.6
615.109 576.084
615.109 576.084
444.848 225.843
95.6675 519.635
928.33 610.632
928.33 610.632
547.616 363.379
164.025 432.543
994.211 565.695
166.322 331.877
13.5686 27.5166
114.502 422.785
114.502 422.785
947.894 218.974
930.777 376.096
902.017 611.154
507.486 274.745
13.1242 57.6707
933.984 37.6489
172.369 71.7373
506.156 166.806
937.794 79.6348
626.942 269.816
548.519 345.025
949.902 239.026
119.967 174.123
119.967 174.123
936.366 412.086
378.502 69.0059
378.502 69.0059
431.972 61.6918
977.477 626.195
977.477 626.195
935.22 60.3894
172.747 34.0175
956.053 310.63
170.66 115.999
925.497 245.468
925.497 245.468
975.993 523.018
420.809 325.444
340.411 156.656
967.409 290.148
900.701 42.964
915.726 94.4388
915.726 94.4388
947.129 559.666
918.392 319.118
443.674 313.27
169.84 537.664
443.382 312.924
943.318 354.139
168.36 172.522
164.418 333.093
468.618 350.275
282.587 318.54
347.609 375.915
170.013 98.1
929.853 300.995
934.304 536.376
355.737 206.597
167.906 186.521
911.46 24.5292
469.816 51.4111
250.612 379.052
351.125 614.721
968.193 306.957
452.467 38.3779
929.585 488.049
911.654 174.741
429.995 279.632
496.891 82.7729
920.323 354.657
439.913 353.08
584.719 379.28
584.719 379.28
372.181 484.057
212.237 228.195
913.912 602.758
913.912 602.758
546.492 289.159
546.492 289.159
467.742 322.824
907.209 126.692
550.366 89.6727
482.919 78.1413
674.608 22.185
674.608 22.185
459.078 21.9525
22.3051 71.8302
399.608 484.568
900.294 18.5908
164.254 309.232
465.355 30.685
974.273 375.876
347.467 483.966
982.122 501.534
971.988 360.869
917.416 135.61
427.563 209.445
116.856 555.218
418.062 58.2278
392.211 65.4911
392.211 65.4911
417.776 484.665
623.075 325.729
157.394 497.311
417.851 484.882
932.761 620.542
932.761 620.542
428.892 484.932
369.658 82.5518
369.658 82.5518
793.947 549.172
963.262 354.689
847.65 360.226
696.16 148.565
914.174 245.888
937.145 260.252
282.645 399.361
282.645 399.361
793.883 457.03
440.509 484.82
15.736 63.8441
905.38 98.8029
211.816 486.864
981.664 502.445
327.715 271.426
839.315 282.226
426.098 114.52
279.276 349.243
279.276 349.243
722.371 289.705
299.906 483.514
443.571 110.33
976.663 536.667
391.608 122.816
163.677 300.229
56.4571 81.1557
435.88 341.869
374.557 126.799
269.817 631.12
408.321 118.646
775.5 240.775
775.5 240.775
610.344 423.797
520.653 249.041
565.846 363
926.589 101.847
670.137 38.8483
953.864 10.8709
167.927 135.027
375.309 73.843
212.918 421.314
212.918 421.314
212.918 421.314
489.339 271.258
344.26 103.877
683.071 410.26
963.002 9.16552
911.746 144.887
916.225 65.3058
960.851 239.85
483.312 214.93
934.862 560.019
423.747 286.952
923.494 386.827
714.905 546.297
968.612 541.231
439.828 271.07
939.718 328.658
935.359 234.707
927.042 137.948
163.252 310.222
357.166 130.738
161.8 91.0641
1010.09 614.142
984.944 530.111
212.416 437.134
212.416 437.134
212.416 437.134
458.706 484.87
917.017 214.376
146.21 545.101
969.755 462.853
968.226 431.488
592.484 101.498
938.132 296.176
524.634 85.6322
388.896 180.202
448.855 56.7643
481.588 65.5555
969.399 452.212
763.693 209.258
984.85 515.787
921.585 323.608
588.583 447.811
547.952 199.36
547.952 199.36
555.537 193.606
738.383 420.083
298.768 441.453
934.586 214.237
630.874 341.823
473.546 484.415
473.546 484.415
765.617 537.812
954.197 598.386
940.035 625.607
625.437 132.895
165.104 216.729
930.902 521.744
950.171 103.339
539.658 157.514
273.059 442.403
273.059 442.403
259.61 361.149
259.61 361.149
336.002 229.082
336.002 229.082
855.601 373.789
855.601 373.789
448.19 517.193
961.093 148.123
927.711 36.2799
162.381 321.863
502.386 436.883
173.923 547.379
160.43 398.301
557.442 185.506
1000.69 599.222
1000.69 599.222
636.615 443.022
636.615 443.022
702.977 537.721
494.552 599.741
976.561 546.792
433.238 106.751
433.238 106.751
431.52 290.123
951.271 378.062
949.358 181.877
721.772 416.386
935.539 598.817
638.129 505.707
638.129 505.707
275.984 408.087
275.984 408.087
892.148 618.66
807.056 418.058
441.652 52.7086
441.652 52.7086
697.514 289.985
268.879 321.062
268.879 321.062
593.729 430.158
277.629 365.802
993.678 618.989
993.678 618.989
284.786 445.859
925.215 92.6374
752.574 445.196
466.296 74.8912
164.412 226.343
941.391 218.343
443.717 391.027
700.566 283.594
928.793 600.643
438.297 283.108
962.199 271.596
869.097 556.93
690.632 561.547
447.569 168.534
403.918 263.139
573.862 436.972
573.862 436.972
643.001 276.987
189.234 486.77
932.042 452.748
925.125 7.76436
941.285 70.7122
367.907 182.298
367.907 182.298
177.964 528.606
595.53 49.0711
595.53 49.0711
450.087 71.146
925.336 429.772
697.713 319.193
697.713 319.193
697.713 319.193
954.167 425.895
985.661 614.655
321.704 391.733
321.704 391.733
704.854 330.561
564.799 581.856
956.351 24.1684
658.933 583.058
161.008 361.102
637.971 358.883
944.096 377.665
781.724 358.63
953.472 527.624
502.523 602.968
555.547 578.979
243.592 364.077
1000.89 588.338
933.038 443.615
126.253 445.178
790.004 557.232
710.746 324.38
944.625 387.542
411.053 92.4816
412.003 283.167
344.693 167.224
344.693 167.224
487.643 88.4988
850.889 561.156
557.774 24.6575
935.133 100.485
959.753 569.45
690.53 7.66286
690.53 7.66286
728.094 5.50279
253.551 601.177
256.145 23.2726
935.276 222.502
495.093 92.0951
943.116 92.3603
477.984 301.828
416.846 441.366
564.342 436.903
564.342 436.903
927.105 439.549
186.374 586.686
186.374 586.686
960.844 255.678
636.68 293.094
159.787 385.934
681.995 325.125
681.995 325.125
946.96 424.161
163.373 264.57
956.227 475.425
786.828 22.837
926.688 458.442
373.779 608.351
816.368 557.887
891.076 596.852
823.148 546.087
559.369 104.083
750.3 451.891
535.125 431.645
290.583 434.85
788.295 353.483
522.042 362.065
522.042 362.065
522.042 362.065
301.217 448.441
368.665 613.912
489.946 489.578
489.946 489.578
454.724 172.285
154.899 392.953
693.198 330.051
931.334 197.581
918.959 278.931
276.794 435.202
258.138 435.357
892.373 547.571
468.432 432.871
468.432 432.871
468.432 432.871
897.105 599.231
498.224 77.2273
930.349 186.112
241.705 461.298
728.497 113.338
381.251 311.104
381.251 311.104
760.96 406.058
368.39 520.233
368.39 520.233
810.879 552.832
541.115 194.247
541.115 194.247
56.1789 22.0426
491.927 514.069
406.444 75.9027
406.444 75.9027
739.82 138.904
386.208 607.614
631.307 436.555
424.84 64.9273
889.62 347.583
707.156 214.757
423.924 271.774
780.676 418.943
166.977 113.188
551.587 490.139
667.44 188.73
800.513 467.402
435.455 368.113
270.637 340.124
906.974 600.927
922.445 621.221
158.711 228.113
923.727 284.993
440.468 384.893
935.97 425.333
813.099 485.814
954.466 552.684
984.676 581.465
836.313 47.0747
639.123 162.255
639.123 162.255
639.123 162.255
300.837 64.1
950.277 487.851
810.176 558.715
499.189 163.301
499.189 163.301
925.159 362.702
925.159 362.702
451.768 87.4794
841.116 287.825
811.649 587.817
811.649 587.817
796.698 136.871
796.698 136.871
269.547 327.206
159.589 407.934
466.081 353.117
23.6922 68.8779
23.6922 68.8779
420.641 60.7147
259.384 641.136
685.045 572.275
169.148 28.0985
576.303 424.751
510.14 30.8047
945.355 115.497
977.004 306.651
693.142 324.432
457.904 447.752
159.899 425.656
908.634 109.805
366.512 607.146
169.29 18.2464
363.791 49.7554
416.316 382.879
949.198 94.446
168.376 53.4837
348.659 102.185
943.653 104.95
346.237 434.67
754.664 484.169
754.664 484.169
801.523 146.127
5.34872 33.8437
248.035 388.893
373.991 212.672
49.782 55.793
532.041 81.6403
434.042 321.854
996.532 608.935
275.878 202.55
275.878 202.55
635.036 495.759
364.218 269.1
364.218 269.1
86.938 529.299
971.61 310.624
971.61 310.624
738.693 546.608
738.693 546.608
650.723 505.102
941.715 68.9223
253.044 448.194
723.055 461.181
702.551 47.3313
365.871 159.152
714.066 537.625
437.304 291.707
443.408 142.77
253.677 636.3
698.156 543.317
768.172 549.315
164.355 195.629
835.699 312.84
168.248 46.1526
620.49 23.7422
620.49 23.7422
853.386 353.021
925.097 369.599
925.097 369.599
575.251 598.981
585.996 462.31
796.815 455.019
408.109 253.451
408.109 253.451
454.858 53.1465
773.068 247.439
642.357 109.052
181.971 583.008
960.45 137.773
160.42 370.396
187.868 501.804
473.216 165.231
580.607 39.8479
887.111 352.891
775.006 550.314
463.994 38.9812
406.499 150.662
972.703 631.734
967.831 218.39
724.297 314.82
928.346 472.942
243.663 554.633
677.43 329.939
677.43 329.939
955.665 476.373
956.828 210.295
94.0477 537.151
664.633 155.778
794.202 59.1666
358.132 190.345
358.132 190.345
444.704 371.734
118.378 539.558
550.406 504.179
550.406 504.179
203.92 238.269
203.92 238.269
957.657 39.0868
362.464 613.032
522.053 23.1698
522.053 23.1698
392.842 21.8584
952.031 77.18
421.966 98.8844
686.936 286.929
686.936 286.929
622.8 33.0817
253.179 173.902
253.179 173.902
975.142 224.757
603.798 201.297
812.406 480.134
812.406 480.134
150.051 498.579
949.083 160.372
803.856 132.533
803.856 132.533
289.574 440.346
372.26 57.976
50.3118 77.7182
739.312 413.631
645.644 104.843
377.868 613.891
150.882 534.379
568.023 577.018
194.534 268.614
951.523 60.407
793.769 360.896
464.424 395.079
921.902 46.1762
254.168 356.347
566.753 489.376
256.846 206.064
256.846 206.064
756.9 549.046
733.744 397.438
845.571 346.932
412.972 244.114
224.018 478.586
588.42 494.526
922.614 54.7658
922.614 54.7658
212.752 492.892
939.306 13.8074
635.073 398.076
566.607 489.464
412.774 243.944
412.774 243.944
412.774 243.944
403.626 66.1286
489.522 178.262
929.19 171.671
480.624 170.559
951.87 140.965
764.581 21.3111
722.238 551.15
405.813 53.1032
477.352 296.49
1000.81 613.022
927.078 47.087
547.125 314.57
799.201 278.311
962.846 365.344
619.123 156.784
654.552 496.098
157.984 461.042
817.792 210.497
45.9456 83.576
554.01 171.108
781.332 24.5448
716.161 476.36
736.38 30.2647
314.543 204.824
416.385 358.839
504.534 55.8804
289.072 395.205
289.072 395.205
567.538 576.837
363.076 284.222
946.325 199.96
245.499 332.191
276.091 478.106
276.091 478.106
590.538 148.485
461.997 375.361
957.525 39.6976
938.246 363.968
486.972 509.918
937.593 435.809
834.871 207.071
723.459 88.568
819.553 316.187
819.553 316.187
446.983 239.346
446.983 239.346
742.978 505.509
732.336 280.835
937.638 357.496
687.705 320.76
376.707 515.305
220.501 411.417
410.628 150.143
920.572 380.68
711.149 383.616
561.751 484.722
819.29 476.133
166.538 84.3988
470.059 10.645
865.633 404.048
844.413 355.942
984.505 199.3
984.505 199.3
904.146 5.6692
473.524 137.269
697.682 140.804
254.141 430.017
254.141 430.017
850.397 483.422
935.721 556.185
378.594 59.2049
681.911 365.64
510.287 443.487
916.465 229.644
939.47 13.6753
614.331 32.4808
561.213 588.719
565.523 101.721
511.883 160.185
498.33 162.75
667.426 193.79
354.769 612.483
543.446 66.902
764.136 484.481
990.405 581.977
411.301 72.0552
739.448 242.985
499.161 96.4583
745.293 539.434
716.454 517.91
434.689 34.5232
941.242 223.316
973.904 616.253
493.02 261.029
741.211 399.838
537.788 97.928
545.258 161.081
338.891 151.68
449.612 20.3445
54.1487 58.3921
189.902 592.612
647.208 201.662
614.717 24.8874
614.717 24.8874
215.219 429.307
215.219 429.307
672.451 286.832
672.451 286.832
207.176 215.511
207.176 215.511
963.983 13.4039
150.362 498.638
476.883 70.3412
476.883 70.3412
482.64 140.477
482.64 140.477
548.278 338.549
703.283 577.792
703.283 577.792
867.388 562.888
457.348 6.2996
805.34 317.233
805.34 317.233
991.279 597.841
749.182 412.752
388.311 498.016
520.126 142.887
386.225 613.757
552.09 193.011
552.09 193.011
930.731 429.463
938.486 208.472
944.465 96.4188
453.117 511.495
444.693 511.952
444.693 511.952
320.79 134.489
320.79 134.489
374.529 62.7348
668.586 256.652
106.533 501.672
860.657 621.279
487.661 15.7174
943.496 340.67
357.683 497.905
925.693 27.6253
438.769 234.862
438.769 234.862
447.532 487.933
689.878 450.757
689.878 450.757
648.378 280.787
767.635 548.661
903.094 24.561
826.471 314.593
826.471 314.593
392.041 514.519
958.677 492.854
967.807 219.858
967.807 219.858
152.779 520.137
742.731 214.257
742.731 214.257
664.449 586.604
434.597 512.572
319.853 62.4273
408.617 39.9178
408.617 39.9178
273.874 448.717
785.101 134.547
358.4 95.3545
395.5 105.841
19.8903 38.9533
938.946 381.067
576.855 555.38
340.059 302.475
452.56 6.06616
452.56 6.06616
478.127 510.372
110.692 398.82
191.72 514.419
947.149 77.019
378.476 203.944
371.317 192.372
449.953 141.932
491.692 504.715
491.692 504.715
545.407 101.586
545.407 101.586
840.405 309.571
840.405 309.571
969.761 331.684
708.561 418.18
708.561 418.18
158.209 480.334
458.825 176.522
514.138 82.4517
488.193 300.792
945.267 45.0977
335.499 45.4697
503.083 95.525
786.611 61.5976
825.038 357.267
908.84 231.57
897.535 623.188
850.676 357.974
343.52 173.268
678.77 126.33
115.682 172.475
741.358 276.685
428.116 49.3178
523.165 52.0908
354.409 124.893
955.686 591.138
360.869 194.514
356.846 71.6198
962.725 19.927
953.777 224.66
442.338 32.8559
762.118 512.102
936.377 570.866
584.244 145.646
709.593 121.03
420.74 237.404
420.74 237.404
420.74 237.404
320.424 107.62
429.622 234.19
481.476 3.38119
416.754 354.237
433.406 372.655
711.044 76.0311
5.92179 12.8504
974.103 331.154
318.882 138.53
298.318 230.205
726.609 295.998
600.673 171.11
668.791 225.625
668.791 225.625
728.307 553.193
729.75 54.9015
729.75 54.9015
713.036 520.386
788.953 375.042
141.692 571.07
604.518 162.545
604.518 162.545
70.9062 526.125
275.537 487.382
619.847 29.6254
761.394 412.31
458.568 379.22
923.842 308.875
501.781 491.669
101.339 526.021
959.515 318.041
968.902 453.506
702.596 444.331
257.584 385.228
786.032 509.678
618.996 386.331
773.227 545.207
758.934 134.693
758.934 134.693
830.954 6.95223
238.911 124.006
684.22 431.714
920.272 342.375
920.272 342.375
561.337 41.9105
468.243 176.959
945.082 398.03
664.15 39.188
964.317 558.316
697.895 321.632
975.161 289.943
264.054 383.328
449.141 15.5148
931.496 375.14
813.139 206.844
767.077 137.815
396.848 497.51
453.267 246.891
490.419 95.6865
490.419 95.6865
759.961 113.833
738.032 551.971
629.523 445.472
845.458 43.7773
845.458 43.7773
908.29 63.3464
1018.58 620.611
490.103 166.91
490.103 166.91
364.139 19.0476
724.599 182.637
453.844 268.807
524.728 254.358
524.728 254.358
507.344 70.4364
287.46 487.134
637.398 138.244
984.354 522.911
399.482 514.323
491.668 65.6563
979.472 605.144
434.302 446.451
564.949 592.559
613.477 109.07
562.704 127.956
735.8 213.475
932.543 591.761
553.238 499.132
834.538 479.826
834.538 479.826
427.712 35.9698
966.108 207.171
782.396 54.4369
927.158 58.3252
519.098 446.995
578.545 259.672
184.033 504.388
155.788 393.877
664.523 388.013
942.035 254.531
741.359 102.876
719.071 382.972
956.902 280.454
695.323 74.3776
802.278 552.755
323.137 608.919
930.37 358.013
930.37 358.013
960.639 328.714
719.243 386.702
321.941 103.248
321.941 103.248
763.008 57.9872
228.135 597.247
756.037 100.603
756.037 100.603
502.968 59.9051
502.968 59.9051
474.092 183.844
474.092 183.844
775.344 100.456
474.98 9.06241
844.999 82.237
949.702 631.982
949.702 631.982
394.259 26.0561
726.308 107.936
726.308 107.936
442.16 8.82778
932.421 113.708
920.557 111.483
105.008 523.523
656.183 482.562
656.183 482.562
950.467 117.943
465.163 348.022
773.478 78.7165
539.038 147.33
539.038 147.33
467.141 66.3473
467.141 66.3473
467.141 66.3473
950.915 188.063
892.188 342.559
964.653 384.545
939.234 458.427
630.086 54.4047
342.858 305.984
772.07 509.468
277.798 576.852
685.544 13.8636
912.672 70.7848
420.68 446.092
706.984 89.3727
706.984 89.3727
611.03 113.887
678.424 417.475
787.688 236.901
915.138 201.37
730.374 32.3485
397.689 276.847
779.653 16.5569
733.611 304.454
799.502 49.8358
411.802 278.093
389.964 107.296
253.507 121.56
522.763 391.005
896.586 616.931
602.414 79.6734
854.381 365.976
854.381 365.976
620.809 308.995
906.574 339.981
728.818 304.05
952.972 217.302
517.576 264.617
49.5896 96.3004
969.224 462.225
379.168 182.477
379.168 182.477
366.27 399.205
914.639 79.8429
359.39 169.31
760.316 62.0016
409.535 248.844
934.979 379
809.943 132.973
744.642 416.404
27.9093 60.6794
592.568 144.245
788.131 56.9394
788.131 56.9394
158.407 486.288
372.896 67.8539
731.158 401.525
155.008 457.42
958.213 526.131
781.54 449.638
932.537 274.266
656.462 441.147
948.485 38.0075
388.151 277.016
939.235 6.7166
948.659 144.618
920.847 118.661
405.233 258.3
961.142 336.656
964.56 439.558
753.99 320.618
965.688 405.143
965.883 413.703
806.977 587.083
806.977 587.083
740.954 65.5032
315.729 105.56
315.729 105.56
20.1366 39.427
945.54 301.409
945.54 301.409
951.469 15.206
803.496 412.841
791.263 274.2
791.263 274.2
165.467 126.84
401.078 73.6844
896.27 381.67
943.856 22.8723
874.275 375.138
398.136 9.60926
422.01 112.218
701.955 324.73
936.359 535.316
813.417 449.018
117.812 398.168
839.409 203.358
850.29 363.548
195.564 593.393
904.919 593.542
774.896 282.611
524.917 249.817
916.856 299.462
916.856 299.462
702.014 539.202
800.464 458.465
800.464 458.465
697.173 253.132
322.979 9.50133
322.979 9.50133
556.387 96.7893
972.201 502.505
957.139 221.823
914.054 112.95
691.029 487.99
691.029 487.99
967.725 488.453
353.722 278.378
481.408 2.95446
407.81 446.125
738.449 96.101
635.276 142.044
514.061 445.757
779.185 138.96
414.166 19.84
414.166 19.84
535.243 449.783
535.243 449.783
471.172 173.703
216.441 411.286
671.936 80.7689
971.582 521.142
971.582 521.142
971.582 521.142
971.582 521.142
349.133 159.826
942.188 288.873
734.923 34.3239
732.715 447.634
584.106 373.975
970.661 516.594
234.633 372.341
395.649 36.3849
363.64 102.898
787.759 563.021
854.901 475.882
614.35 159.32
377.493 600.633
377.493 600.633
111.798 545.334
496.478 442.949
561.574 572.375
914.481 593.839
449.006 63.6104
449.006 63.6104
232.462 638.955
812.309 273.985
715.307 193.367
772.12 416.961
288.601 205.689
772.835 512.924
475.095 194.009
467.096 173.197
467.096 173.197
471.826 547.639
471.826 547.639
471.826 547.639
261.997 301.932
261.997 301.932
824.701 557.716
428.609 97.8972
416.13 240.764
449.545 266.244
449.545 266.244
413.539 388.619
825.976 236.253
486.575 399.738
830.815 49.8138
830.815 49.8138
627.037 298.239
934.839 369.928
934.839 369.928
932.373 161.647
370.614 124.52
400.346 273.048
971.441 530.245
500.459 260.251
500.459 260.251
787.925 313.803
290.673 3.07178
430.399 330.266
430.399 330.266
430.399 330.266
693.07 151.662
938.506 592.804
543.463 4.47427
717.049 35.963
307.002 251.863
380.24 157.02
964.16 553.519
365.469 288.977
680.972 428.218
680.972 428.218
947.298 15.734
986.448 348.905
986.448 348.905
317.096 159.12
1015.28 43.4838
858.126 510.388
388.986 209.837
834.75 483.721
600.073 171.046
746.589 317.625
912.517 224.461
912.517 224.461
912.517 224.461
826.005 130.787
192.429 509.798
590.206 62.6064
779.375 546.666
779.375 546.666
472.231 4.76803
925.499 622.648
737 240.065
992.633 606.341
557.745 339.487
426.904 80.1565
635.616 186.649
635.616 186.649
399.108 239.578
968.046 432.969
243.054 389.495
457.593 140.898
835.954 509.295
835.954 509.295
846.701 307.257
846.701 307.257
739.356 443.586
739.356 443.586
755.614 483.661
940.044 20.894
908.711 4.41798
417.748 481.521
639.758 88.2617
768.746 483.793
493.837 445.582
662.905 134.012
603.953 449.843
603.953 449.843
721.758 35.546
721.758 35.546
589.332 113.333
894.693 258.957
827.627 484.849
852.082 81.5712
753.683 284.597
400.245 104.889
466.784 43.7221
782.162 256.604
481.886 157.886
481.886 157.886
836.884 120.942
217.894 416.023
306.128 196.027
627.854 605.606
230.245 428.934
389.996 304.634
474.408 164.084
762.114 480.587
218.803 440.051
443.928 380.821
716.279 31.1749
716.279 31.1749
716.279 31.1749
304.318 45.7889
936.211 54.2587
677.403 13.1324
665.63 229.053
547.941 279.464
368.106 190.089
368.106 190.089
798.691 415.972
459.285 169.121
211.941 432.151
211.941 432.151
829.869 276.775
229.483 492.934
979.566 581.935
637.442 229.48
637.442 229.48
404.045 214.734
404.045 214.734
928.326 628.596
225.664 87.7734
436.588 12.8912
561.96 354.519
561.96 354.519
942.58 297.668
942.58 297.668
430.644 380.176
498.797 592.429
498.797 592.429
237.746 333.012
891.922 453.92
283.561 21.926
283.561 21.926
283.561 21.926
923.775 19.8961
612.555 162.88
612.555 162.88
728.951 427.484
728.951 427.484
665.603 493.948
433.247 386.179
778.931 452.772
380.868 194.106
830.624 557.418
837.708 124.307
837.708 124.307
233.582 492.905
638.655 23.3536
705.849 93.2977
760.18 77.6377
760.18 77.6377
253.326 425.616
219.331 485.678
587.379 11.5462
180.937 215.932
165.094 144.664
191.491 312.586
920.711 517.389
910.578 186.41
910.578 186.41
726.2 104.399
928.065 204.805
899.774 253.902
941.612 310.656
195.552 114.93
263.397 328.689
382.244 176.642
439.479 107.905
944.535 628.345
387.481 302.29
952.113 195.94
743.014 173.893
335.395 29.2298
965.119 391.57
712.91 445.56
485.08 344.382
277.978 447.239
860.885 547.318
945.499 548.492
945.499 548.492
955.323 243.074
933.013 471.044
804.614 55.1335
584.633 536.6
979.728 527.594
382.467 23.9207
912.088 236.88
822.563 483.045
387.906 38.6176
717.823 509.812
717.823 509.812
427.402 381.66
436.768 145.323
726.42 504.679
734.639 405.085
712.046 71.8924
403.961 116.409
755.868 206.588
558.768 93.3008
722.362 248.532
214.59 408.035
20.9947 11.2008
279.67 207.135
279.67 207.135
486.029 206.165
917.656 181.166
949.881 171.355
122.197 513.592
738.527 107.42
291.22 165.331
291.22 165.331
409.348 59.5084
965.724 213.162
503.196 80.8669
519.193 8.41309
928.077 283.539
643.747 160.205
643.747 160.205
643.747 160.205
318.547 57.9768
550.189 158.906
118.354 547.579
212.118 426.702
212.118 426.702
693.215 338.431
693.215 338.431
559.442 470.144
559.442 470.144
352.984 128.851
435.067 326.567
435.067 326.567
770.554 561.515
923.018 3.5413
391.675 103.418
495.266 469.091
431.515 31.3637
431.515 31.3637
459.609 16.5763
434.105 329.999
434.105 329.999
694.785 450.926
714.582 283.757
472.98 449.559
472.98 449.559
947.975 382.143
891.484 605.834
827.17 273.88
386.489 222.965
808.012 415.531
904.776 106.408
561.282 17.9435
748.954 555.526
410.046 99.9311
486.663 19.6142
406.46 46.9144
406.46 46.9144
420.496 78.3275
544.404 283.793
766.101 480.634
833.901 487.188
793.75 132.637
799.446 584.396
559.152 361.775
954.945 17.6591
689.909 555.765
333.158 125.043
333.158 125.043
928.562 72.9861
829.722 199.941
831.328 415.677
779.926 20.3557
779.926 20.3557
849.547 423.21
960.531 548.946
631.005 528.16
925.794 622.786
707.291 209.262
213.883 492.143
561.856 346.596
742.472 380.214
742.472 380.214
337.701 56.2233
337.701 56.2233
957.428 47.9964
381.368 207.39
381.368 207.39
443.819 19.3382
386.503 351.538
687.024 4.77888
374.772 182.495
388.307 373.993
388.307 373.993
959.378 310.51
767.95 545.006
348.232 331.972
348.232 331.972
348.232 331.972
718.79 2.65252
558.829 343.586
558.829 343.586
788.713 406.507
886.736 594.852
396.199 396.476
785.321 547.233
583.373 444.437
371.901 600.408
338.35 599.786
338.35 599.786
931.881 508.864
622.63 304.153
484.339 183.894
484.339 183.894
374.927 200.193
631.215 58.0072
262.303 494.13
676.358 581.632
588.521 105.948
608.034 96.9914
858.805 479.44
240.574 257.136
820.97 407.604
527.058 247.767
168.096 468
357.412 280.785
279.837 603.947
443.311 339.511
443.311 339.511
433.655 15.0522
133.933 551.072
948.314 331.631
948.314 331.631
948.314 331.631
894.06 558.188
575.572 464.611
849.293 271.887
358.495 366.539
358.495 366.539
357.83 165.392
643.327 124.172
350.596 349.86
699.144 430.481
982.528 609.354
971.574 488.199
971.574 488.199
220.983 280.835
772.036 352.511
583.62 447.986
364.722 199.502
364.722 199.502
290.463 241.497
924.97 37.8467
967.653 520.031
600.419 92.5683
600.419 92.5683
500.518 11.0453
320.491 196.646
881.978 103.332
881.978 103.332
950.717 125.65
743.284 506.383
713.035 352.559
410.023 385.989
940.465 544
499.552 30.4129
415.396 369.147
315.239 246.984
552.165 335.779
764.327 396.454
293.831 48.0985
293.831 48.0985
785.02 321.327
596.639 162.578
958.254 289.669
399.652 153.115
398.333 23.9337
544.575 336.264
239.448 598.839
937.505 494.426
825.294 480.624
825.294 480.624
230.796 370.357
216.946 89.1807
960.094 14.573
992.292 612.32
683.634 7.43032
683.634 7.43032
699.046 93.573
536.358 392.502
920.935 95.8158
930.438 3.94432
471.941 73.021
471.941 73.021
383.253 183.164
657.504 131.104
657.504 131.104
568.585 442.245
756.128 110.866
569.441 461.339
437.234 46.5876
239.193 260.761
266.816 118.859
401.721 390.884
401.721 390.884
505.505 8.79571
741.947 217.952
630.205 88.6205
737.852 476.922
487.461 192.966
487.461 192.966
496.935 565.357
726.938 179.532
804.517 354.65
804.517 354.65
331.459 44.1068
416.989 377.814
416.989 377.814
505.471 590.463
505.471 590.463
980.918 518.851
927.595 376.902
927.595 376.902
963.484 492.6
883.778 554.721
114.44 501.505
430.232 375.133
844.558 233.629
150.568 506.557
756.009 547.956
734.927 549.438
217.169 67.5285
409.705 442.407
754.603 116.852
674.294 384.974
654.888 431.99
922.007 401.978
121.162 449.189
961.85 296.912
903.395 483.96
750.498 79.5813
722.568 266.46
722.568 266.46
920.852 306.032
920.852 306.032
158.014 454.737
691.253 128.268
370.137 498.021
13.5408 43.6021
930.257 40.0353
747.791 26.6908
478.13 399.766
478.13 399.766
711.658 527.234
906.472 115.414
906.472 115.414
459.337 48.0591
956.792 271.106
748.647 560.674
387.351 404.12
945.812 3.13535
926.853 399.719
926.853 399.719
630.377 109.645
725.308 141.363
725.308 141.363
423.896 92.8266
423.896 92.8266
755.129 104.486
547.798 310.347
716.021 326.717
202.997 213.562
323.165 39.0444
423.36 349.371
603.199 166.052
603.199 166.052
860.196 313.399
931.963 399.841
931.963 399.841
914.128 574.846
186.631 198.157
186.631 198.157
729.831 381.371
766.659 134.446
427.211 582.502
774.756 171.05
923.564 12.9686
524.712 79.671
842.022 508.889
120.463 442.067
694.404 539.402
762.441 93.1755
762.441 93.1755
286.459 444.316
187.509 74.6594
305.512 206.148
406.525 612.597
157.355 466.82
562.859 37.1896
436.876 375.113
314.749 12.6904
841.743 301.729
356.384 373.207
424.753 236.042
424.753 236.042
788.472 232.984
904.995 571.268
904.995 571.268
488.139 294.951
488.139 294.951
638.636 533.345
638.636 533.345
751.981 558.519
751.981 558.519
984.927 556.309
903.639 599.474
987.372 609.522
188.449 117.048
268.274 420.021
268.274 420.021
720.586 359.895
260.938 8.50285
690.967 410.656
657.137 296.669
311.736 596.678
311.736 596.678
435.602 43.4079
465.877 446.512
585.27 235.533
474.05 385.175
474.05 385.175
559.574 378.161
732.887 284.361
957.605 447.16
837.231 56.3274
799.031 511.715
426.923 530.461
426.923 530.461
889.835 150.616
889.835 150.616
244.287 13.8989
771.69 509.755
636.509 262.022
941.837 562.251
354.856 171.06
207.336 417.139
489.828 384.438
489.828 384.438
331.783 116.57
95.1354 537.701
383.64 45.1206
728.546 549.185
719.61 5.95752
800.741 170.731
800.741 170.731
428.357 366.107
994.286 595.512
994.286 595.512
880.35 480.612
880.35 480.612
690.886 221.121
401.486 258.918
186.011 529.66
730.024 297.875
810.795 129.425
904.755 32.4105
762.125 477.344
121.18 422.569
121.18 422.569
968.657 252.271
429.095 352.005
620.409 301.829
518.476 261.146
259.878 369.388
290.639 297.55
294.425 488.266
383.669 403.826
739.551 603.034
943.625 189.659
492.083 69.4037
745.522 558.072
745.522 558.072
905.5 38.2098
792.803 416.37
867.385 511.135
508.962 58.2531
699.359 362.235
623.517 191.463
961.599 343.367
836.818 557.469
957.608 226.583
772.38 279.38
409.306 55.8532
455.962 573.083
345.926 74.0111
467.278 195.153
633.733 370.584
988.683 578.116
538.806 66.4081
126.274 104.892
718.148 448.519
930.782 415.326
472.604 569.682
159.621 577.799
706.49 254.075
403.456 8.60627
329.103 443.933
329.103 443.933
425.371 11.3005
548.111 49.3716
692.624 47.4848
692.624 47.4848
312.64 226.442
709.082 387.592
411.948 392.006
821.905 167.63
463.902 552.142
326.509 151.147
326.509 151.147
326.509 151.147
410.118 35.0148
608.795 417.9
294.341 71.2929
116.981 518.627
600.565 96.7421
260.144 11.7473
277.32 22.3782
277.32 22.3782
305.703 48.9043
714.5 459.572
339.916 59.313
233.073 262.362
785.604 400.993
307.005 108.952
114.122 508.491
458.616 251.253
488.391 328.967
331.159 598.826
331.159 598.826
395.831 574.477
864.46 149.145
452.966 382.598
263.292 331.898
385.699 305.649
385.699 305.649
807.307 450.11
204.224 198.527
204.224 198.527
20.5586 45.4715
927.861 126.258
927.861 126.258
806.705 351.592
974.454 568.816
543.436 345.747
854.846 119.088
308.592 53.7389
755.955 556.491
755.955 556.491
719.844 114.068
767.532 96.5727
438.621 19.9403
795.537 481.182
795.537 481.182
926.843 148.348
722.297 174.842
872.452 192.426
441.781 21.8516
701.678 417.489
989.305 618.889
365.954 202.315
365.954 202.315
887.997 361.112
765.899 512.343
434.744 218.445
422.009 376.088
463.219 182.399
944.394 87.276
619.878 201.932
279.518 210.398
210.704 6.86419
296.585 295.515
979.899 578.275
984.833 338.166
736.886 358.461
686.949 431.533
386.534 75.0012
704.091 41.4772
977.705 585.629
358.03 602.027
358.03 602.027
926.993 189.435
391.56 41.4344
641.926 138.558
219.652 310.232
804.951 365.218
207.406 441.799
520.561 258.455
692.034 255.869
796.273 16.0815
778.421 549.821
842.463 378.544
357.598 359.263
602.912 201.881
950.992 398.867
786.219 502.095
799.065 132.019
799.065 132.019
738.621 181.11
409.038 389.054
409.038 389.054
488.015 175.644
815.033 276.809
858.346 375.09
326.989 371.544
326.989 371.544
262.475 120.218
262.475 120.218
844.54 303.925
341.656 443.855
184.451 453.925
918.539 283.565
463.088 260.822
463.088 260.822
393.953 362.582
393.953 362.582
730.134 16.8128
752.03 484.171
817.968 452.094
424.992 363.327
331.926 128.148
331.926 128.148
829.606 459.468
940.111 442.544
983.206 385.477
958.064 274.915
850.396 303.702
850.396 303.702
850.396 303.702
439.513 325.414
361.689 187.354
909.604 480.736
909.604 480.736
583.564 525.522
452.367 215.887
563.302 464.541
563.302 464.541
220.962 596.493
982.366 616.37
214.176 585.983
833.416 563.411
833.416 563.411
972.156 510.975
210.105 440.408
263.573 453.568
263.573 453.568
804.848 484.662
564.348 316.359
713.346 345.568
713.346 345.568
603.594 31.0743
603.594 31.0743
533.024 141.063
744.439 118.207
331.405 33.7146
331.405 33.7146
703.621 5.62919
961.32 52.6031
961.32 52.6031
932.51 569.954
284.099 196.503
284.099 196.503
554.428 447.891
202.87 9.67164
202.87 9.67164
700.6 255.097
445.55 66.88
118.005 457.244
245.734 102.043
782.803 529.113
385.204 201.646
385.204 201.646
573.916 360.559
573.916 360.559
573.916 360.559
292.83 594.593
292.83 594.593
261.993 591.203
508.049 4.50635
508.049 4.50635
411.036 209.527
411.036 209.527
411.036 209.527
256.596 444.618
503.438 461.223
503.438 461.223
706.313 556.285
657.225 578.835
371.63 28.9257
750.574 319.011
409.586 601.555
518.485 338.053
782.021 315.939
636.015 432.819
736.538 555.976
417.856 149.496
443.14 208.357
443.14 208.357
317.72 372.478
317.72 372.478
936.454 341.462
857.283 37.7564
932.344 168.314
383.826 603.369
383.826 603.369
765.228 244.335
277.451 465.03
761.819 415.825
118.267 450.938
935.502 521.492
691.613 115.019
653.532 8.12952
951.966 378.552
770.06 480.35
928.69 419.707
376.844 15.5919
626.157 528.961
800.336 453.81
481.465 382.643
651.344 133.495
651.344 133.495
960.219 272.611
729.27 546.263
729.27 546.263
325.206 141.122
830.578 359.147
881.601 244.86
703.469 387.09
980.191 505.925
895.484 395.606
295.129 446.605
556.061 382.564
556.061 382.564
387.01 120.156
355.46 28.1766
355.46 28.1766
767.375 79.058
751.354 490.325
759.367 500.063
759.367 500.063
118.094 375.45
271.309 592.288
185.384 491.081
785.873 565.618
200.811 161.09
164.42 545.136
240.301 148.181
240.301 148.181
549.574 576.128
549.574 576.128
733.364 433.642
733.364 433.642
639.052 458.064
932.344 352.533
320.607 121.987
243.903 126.496
827.8 10.4663
353.087 320.826
365.444 271.346
594.978 393.076
449.026 376.067
653.876 254.466
785.144 550.418
799.114 469.028
674.581 130.613
619.199 401.984
548.15 92.1231
438.865 41.7415
110.294 561.494
982.028 619.685
41.6925 547.934
417.403 98.3301
372.216 363.514
355.961 226.6
650.794 99.7614
653.105 50.2354
917.112 259.136
767.552 211.082
383.632 63.448
383.632 63.448
745.864 395.311
542.078 338.986
542.078 338.986
522.489 436.389
897.739 548.669
961.328 391.479
343.862 299.66
467.901 61.8555
467.901 61.8555
647.888 417.355
216.948 92.5773
216.948 92.5773
263.479 336.756
824.12 353.704
351.126 275.813
982.322 328.105
982.322 328.105
231.162 425.952
274.513 61.6748
553.172 585.608
163.159 542.156
259.023 636.658
703.123 110.378
707.978 325.414
918.761 147.18
806.879 452.951
461.147 190.818
404.061 49.7052
439.651 6.53689
569.666 319.815
569.666 319.815
251.027 69.3123
898.163 556.307
120.083 516.649
541.416 318.358
933.458 75.7058
995.38 576.009
290.429 114.54
834.977 255.994
834.977 255.994
973.963 412.062
533.162 159.053
485.997 292.798
485.997 292.798
514.321 554.948
925.61 51.6592
472.546 69.7752
472.546 69.7752
716.949 576.667
959.809 306.325
213.517 262.584
213.517 262.584
411.412 331.049
206.926 69.0233
206.926 69.0233
288.41 92.1109
448.303 270.544
448.303 270.544
835.948 205.911
953.844 17.847
953.844 17.847
931.28 203.481
603.008 75.0484
603.008 75.0484
603.008 75.0484
248.393 67.069
879.408 502.397
724.784 448.583
724.784 448.583
772.423 322.377
772.423 322.377
282.215 273.988
282.215 273.988
375.642 210.662
931.122 92.7819
233.524 553.559
586.526 454.669
586.051 457.839
236.952 127.584
379.009 351.446
379.009 351.446
442.844 4.51149
207.341 95.1396
207.341 95.1396
797.099 358.087
340.109 27.0148
340.109 27.0148
942.343 53.0998
225.959 407.796
654.54 435.156
303.991 192.722
406.58 366.206
450.611 243.494
843.481 402.665
476.396 344.543
476.396 344.543
527.212 594.339
469.833 608.025
232.829 453.837
616.157 94.2816
408.186 376.971
756.457 384.56
720.97 449.094
490.969 594.964
490.969 594.964
950.443 33.5173
343.804 54.6147
343.804 54.6147
649.697 479.947
934.573 479.839
436.691 599.522
211.385 191.402
552.959 300.781
552.959 300.781
954.397 112.416
741.305 606.206
195.137 199.972
195.137 199.972
402.955 601.905
402.955 601.905
406.869 43.575
936.556 331.441
548.811 21.4862
713.915 451.705
586.067 102.576
728.087 278.716
855.144 233.789
626.612 26.6808
626.612 26.6808
222.867 285.865
429.494 447.503
858.726 354.427
919.54 2.42044
363.38 207.435
956.018 254.84
398.187 206.643
398.187 206.643
245.233 70.7326
948.906 151.062
368.535 67.7979
368.535 67.7979
368.535 67.7979
865.202 513.86
804.291 380.063
226.156 34.7784
426.415 32.5493
426.415 32.5493
200.42 331.867
968.379 439.017
768.153 515.697
441.211 609.903
316.625 198.177
316.625 198.177
152.234 515.479
925.476 393.616
783.287 173.151
262.998 473.406
485.333 314.09
485.333 314.09
560.393 575.678
924.514 404.167
646.328 28.3428
481.928 348.012
459.296 65.5253
653.149 17.1692
377.215 108.279
730.474 543.42
596.716 445.702
907.661 500.211
746.704 485.939
746.704 485.939
527.978 446.04
476.551 369.223
478.574 18.5972
955.561 248.239
745.891 375.037
440.849 328.031
481.856 607.087
505.258 12.1031
904.819 393.502
705.384 38.327
978.789 294.65
955.395 30.2901
992.459 602.53
931.698 461.58
478.03 355.631
245.144 477.997
475.416 388.371
849.196 381.555
855.494 559.051
482.346 20.6206
504.644 5.10696
802.319 556.473
194.98 583.681
194.98 583.681
516.115 257.019
910.809 88.0316
581.197 372.598
922.679 8.62856
830.909 412.63
952.641 429.024
466.1 529.759
466.1 529.759
116.931 510.061
276.259 592.756
401.358 404.222
401.358 404.222
778.168 135.738
778.168 135.738
740.458 57.8662
190.057 119.806
190.057 119.806
250.086 199.573
657.648 197.597
868.236 163.675
264.695 417.351
265.476 98.3923
680.659 10.0107
720.459 326.045
161.981 146.138
484.457 372.063
389.485 336.645
389.485 336.645
390.628 389.338
276.402 637.783
276.402 637.783
293.638 74.2114
583.667 35.1537
435.71 529.921
435.71 529.921
663.464 356.018
845.5 412.589
845.5 412.589
961.476 47.8655
961.476 47.8655
375.775 337.849
579.651 100.3
536.535 3.56638
399.399 18.2075
930.228 44.5905
4.79455 11.4997
4.79455 11.4997
518.9 562.383
518.9 562.383
206.711 88.3843
489.078 606.539
494.342 68.3774
384.243 225.007
228.034 471.363
746.99 397.93
497.771 75.2449
911.594 368.261
911.594 368.261
716.087 120.152
265.422 302.887
413.605 376.934
276.21 197.57
888.604 620.805
896.009 551.484
154.42 494.632
154.42 494.632
663.389 363.137
713.373 427.44
713.373 427.44
737.91 446.62
737.91 446.62
645.798 260.224
967.367 420.932
447.07 378.101
829.344 505.996
924.135 279.434
640.768 61.9832
948.065 39.9782
157.973 317.537
451.422 564.145
959.312 300.874
486.659 595.687
486.659 595.687
155.39 550.653
266.064 602.533
401.653 546.104
410.843 382.655
881.074 483.387
695.933 316.82
746.523 492.595
554.225 12.7788
515.458 160.225
655.494 256.846
655.494 256.846
259.046 55.8268
393.401 311.231
393.401 311.231
104.386 523.189
933.713 359.661
223.119 261.419
387.16 322.813
387.16 322.813
265.967 591.545
265.967 591.545
249.089 40.5239
405.585 478.489
640.04 179.09
700.331 90.51
249.01 196.592
760.98 104.865
261.393 210.144
961.426 378.504
962.623 562.003
188.586 201.024
843.377 562.817
212.407 188.34
71.6165 578.622
352.17 93.0117
813.195 347.054
813.195 347.054
453.96 609.186
521.203 568.135
521.203 568.135
219.108 482.465
935.247 388.935
935.247 388.935
248.02 447.093
453.314 207.687
442.284 42.0969
518.433 146.117
315.883 446.927
973.998 222.079
353.185 334.997
763.559 509.209
515.345 210.803
452.267 12.0419
452.267 12.0419
375.845 25.9287
897.378 558.949
207.702 157.623
332.978 339.781
332.978 339.781
399.926 12.1914
805.045 511.667
178.021 493.71
610.923 367.569
610.923 367.569
621.344 61.6316
544.857 355.795
380.322 361.633
380.322 361.633
501.897 70.574
969.871 242.349
346.24 22.5094
508.956 464.006
508.956 464.006
914.871 158.989
600.73 575.505
600.73 575.505
801.486 382.926
650.969 22.8504
309.909 450.391
309.909 450.391
309.909 450.391
900.421 342.039
367.224 47.4705
367.224 47.4705
841.313 279.517
454.514 379.481
454.514 379.481
453.008 20.7575
836.698 117.597
836.698 117.597
368.149 273.023
389.417 320.867
930.877 122.974
721.956 269.987
352.794 189.417
522.091 334.028
329.425 189.556
979.476 348.097
535.127 153.895
535.127 153.895
535.127 153.895
584.185 583.488
491.83 14.9028
479.577 163.75
454.442 478.991
709.538 94.2296
604.996 111.761
958.671 251.568
336.62 336.428
747.484 291.45
747.484 291.45
747.484 291.45
233.523 232.09
472.098 295.658
568.534 573.062
480.482 137.018
685.86 65.6758
952.625 381.329
413.118 567.144
111.32 564.127
680.946 438.679
839.102 2.70958
946.272 111.038
631.768 163.142
631.768 163.142
992.468 578.087
118.472 444.862
676.178 80.0708
886.621 358.161
549.972 313.235
480.346 190.107
480.346 190.107
465.511 568.766
454.324 598.344
454.324 598.344
490.552 174.409
701.858 507.349
414.074 237.388
840.711 314.452
840.711 314.452
155.038 472.486
387.48 603.057
814.975 169.955
770.083 31.7288
594.461 67.6315
756.794 114.118
777.998 90.5109
777.998 90.5109
585.453 99.3928
154.938 491.434
154.938 491.434
198.413 80.5622
962.706 264.925
958.771 295.114
548.479 175.929
423.7 231.611
553.228 317.361
244.489 38.0877
349.777 562.932
610.08 576.045
447.344 22.5584
905.021 12.5568
453.668 177.023
453.668 177.023
987.967 522.861
230.098 456.114
911.766 400.528
258.358 391.982
258.358 391.982
959.811 368.746
722.849 383.449
483.09 163.969
36.5057 564.474
36.5057 564.474
158.123 397.264
912.042 191.438
400.117 20.8521
513.406 469.924
513.406 469.924
608.043 140.184
315.629 249.912
119.059 353.324
833.897 560.222
868.724 549.552
608.978 559.912
634.102 230.534
634.102 230.534
553.004 314.694
517.249 304.019
474.697 19.6004
750.628 452.099
699.068 447.122
238.608 329.735
767.029 509.679
803.203 167.407
866.796 621.3
866.796 621.3
302.743 109.951
434.075 234.593
613.703 66.1581
491.64 627.809
491.64 627.809
941.581 399.283
624.34 105.29
884.601 481.989
460.559 597.712
236.578 639.132
236.578 639.132
927.664 449.077
447.004 355.677
344.579 350.628
437.522 581.546
437.522 581.546
271.546 64.9328
508.475 527.004
508.475 527.004
480.722 2.44308
516.54 482.106
935.327 352.167
719.259 108.388
717.033 183.756
423.777 576.757
274.083 95.7295
445.804 598.875
445.804 598.875
684.19 386.371
206.077 192.237
771.113 75.6171
769.653 448.065
574.032 499.361
678.153 388.69
751.395 508.333
386.705 42.3261
239.111 212.903
776.649 22.8655
516.49 520.953
516.49 520.953
302.751 109.949
465.753 184.122
499.073 537.865
921.618 149.474
621.188 174.104
622.373 199.882
363.863 92.3554
931.822 138.967
206.085 220.903
378.917 25.1794
378.917 25.1794
851.182 77.4879
372.823 337.858
372.823 337.858
808.833 522.5
808.833 522.5
726.57 303.199
402.045 62.5935
773.827 52.5065
773.827 52.5065
545.024 554.646
768.422 440.511
398.825 534.403
962.321 189.572
939.897 159.408
764.328 283.451
619.159 26.247
223.853 308.906
657.305 194.952
119.007 512.784
738.001 378.847
738.001 378.847
254.381 640.516
254.381 640.516
946.576 208.158
274.539 40.6733
274.539 40.6733
585.088 540.972
453.408 357.862
330.663 155.048
458.815 231.77
458.815 231.77
442.579 35.9651
379.899 403.493
537.954 590.883
824.956 509.492
2.79873 64.419
366.316 183.916
832.298 9.84582
641.194 230.71
932.464 155.606
932.464 155.606
21.8305 16.6307
285.699 477.48
285.699 477.48
347.819 4.05158
913.584 164.568
777.968 484.068
855.184 547.588
974.874 560.913
974.874 560.913
747.607 280.283
721.586 85.5162
888.919 79.5498
800.174 135.388
914.477 511.435
758.826 65.2062
285.805 460.185
741.926 234.136
491.987 606.373
778.63 58.4851
778.63 58.4851
822.827 34.4867
187.606 120.559
187.606 120.559
262.676 602.092
461.5 173.651
447.804 382.694
575.689 146.647
691.366 417.143
574.644 149.149
867.469 479.622
867.469 479.622
957.153 423.392
957.153 423.392
525.686 519.262
525.686 519.262
525.686 519.262
859.747 507.309
850.184 250.769
3.50683 40.0475
383.104 384.337
724.289 325.081
601.569 9.45905
350.475 192.135
761.956 322.134
663.373 443.773
663.373 443.773
293.328 112.822
838.382 66.162
725.448 61.7791
415.407 452.694
610.415 412.676
610.415 412.676
737.424 216.61
858.869 75.0434
954.344 398.974
954.344 398.974
536.83 318.634
463.344 418.742
463.344 418.742
967.678 222.525
967.678 222.525
611.435 29.1742
638.877 442.004
638.877 442.004
709.865 346.031
953.899 67.8302
210.555 68.4079
622.669 388.759
717.826 142.657
624.087 194.238
569.406 37.803
823.708 531.979
833.088 249.33
833.088 249.33
248.423 148.175
916.109 451.079
468.924 487.935
482.285 400.919
232.444 329.333
480.043 326.988
679.947 361.919
640.917 261.008
443.094 460.66
477.462 67.2954
584.973 550.666
584.973 550.666
482.115 199.101
481.491 379.754
431.508 21.043
443.567 15.769
799.132 448.293
307.603 248.716
499.567 461.072
529.012 606.416
971.854 285.844
526.039 52.3762
460.325 259.475
955.634 566.138
939.227 397.192
641.472 181.457
152.343 528.514
344.727 26.0569
571.494 440.053
907.265 228.106
436.083 141.712
779.349 269.683
570.64 122.151
933.548 295.381
577.232 356.236
532.184 3.73384
373.199 272.386
666.34 125.839
375.453 306.155
375.453 306.155
209.154 458.053
424.931 61.4094
368.362 49.9248
939.961 599.047
772.296 319.587
772.296 319.587
683.086 78.9578
584.583 9.63666
971.06 221.632
971.06 221.632
634.097 516.476
634.097 516.476
255.281 65.7923
381.041 186.102
800.854 473.039
800.854 473.039
662.054 190.878
318.15 101.367
775.85 420.926
843.418 274.968
427.096 17.2258
760.466 74.2875
631.398 388.432
598.496 388.972
598.496 388.972
730.264 19.7034
21.0873 574.899
640.878 553.423
406.499 11.0175
820.336 158.364
844.06 310.052
231.529 387.686
502.211 420.333
835.888 409.027
252.35 24.4039
252.35 24.4039
646.861 62.5585
646.861 62.5585
327.146 6.47828
767.066 321.882
767.066 321.882
446.416 52.5901
690.355 385.404
690.355 385.404
416.29 478.569
947.038 189.457
886.529 69.6872
948.136 328.115
948.136 328.115
442.831 442.818
485.99 181.426
485.99 181.426
226.825 151.365
283.27 116.147
381.528 215.614
718.719 451.457
718.719 451.457
305.085 607.19
690.255 314.039
690.255 314.039
173.48 267.978
967.646 145.424
468.43 40.2598
810.671 425.241
222.281 263.945
778.334 93.6927
778.334 93.6927
516.071 53.8792
284.181 276.469
240.931 39.1327
240.931 39.1327
823.687 133.608
745.299 16.2569
779.062 84.0523
783.866 163.761
783.866 163.761
934.622 463.066
729.16 408.788
566.017 581.651
877.361 560.989
663.261 22.1543
486.536 368.75
169.97 545.603
528.378 256.133
639.779 517.033
639.779 517.033
919.696 226.506
939.805 229.009
676.17 438.9
211.537 158.662
53.1062 563.424
442.814 326.687
830.647 157.954
830.647 157.954
205.728 65.6748
205.728 65.6748
808.969 356.541
614.034 261.016
954.986 73.326
954.986 73.326
426.591 56.3987
426.591 56.3987
548.714 515.389
590 119.419
296.015 207.441
265.167 447.507
220.873 449.768
376.701 190.446
550.573 586.555
952.567 201.667
381.543 180.226
381.543 180.226
945.317 335.998
480.667 174.649
469.895 293.97
882.158 503.153
900.093 250.411
306.704 51.5511
641.852 255.88
701.561 218.773
565.937 439.993
463.535 55.9465
185.328 215.663
235.104 412.599
235.104 412.599
484.622 301.546
593.008 103.707
593.008 103.707
593.008 103.707
283.385 451.913
344.652 186.614
344.652 186.614
233.995 410.066
946.395 192.076
521.678 147.558
521.678 147.558
743.396 177.136
519.598 363.414
519.598 363.414
326.281 551.414
489.297 332.073
489.297 332.073
187.957 241.162
185.399 333.863
185.399 333.863
769.945 8.18042
498.668 463.768
498.668 463.768
649.036 578.775
940.318 77.5056
473.397 452.634
765.117 530.269
194.679 118.129
194.679 118.129
952.033 44.4521
952.033 44.4521
434.418 230.045
843.154 277.404
713.115 109.596
626.123 448.004
912.217 377.005
912.217 377.005
798.919 91.7021
572.039 548.521
556.443 295.957
556.443 295.957
898.897 595.136
793.541 237.984
329.018 13.1395
329.018 13.1395
657.363 661.861
124.623 196.382
501.107 56.4961
954.13 130.469
954.13 130.469
378.533 28.0775
378.533 28.0775
937.986 487.457
344.136 321.266
344.136 321.266
483.338 317.151
796.968 360.927
659.766 143.652
659.766 143.652
659.766 143.652
531.548 521.926
531.548 521.926
440.454 559.811
440.454 559.811
440.454 559.811
233.989 58.0342
421.305 369.244
939.56 548.514
540.181 256.866
540.181 256.866
434.498 379.54
259.854 303.99
157.998 313.404
554.929 338.499
317.113 165.646
317.113 165.646
787.863 513.924
608.487 514.414
184.421 331.493
779.849 60.7995
629.998 471.43
914.985 179.165
845.032 560.273
359.934 286.293
359.934 286.293
875.693 274.615
348.169 24.6017
348.169 24.6017
351.283 2.55946
162.018 222.896
689.258 189.874
918.859 151.728
415.102 385.696
706.205 122.663
706.205 122.663
968.146 514.687
511.378 551.134
689.983 153.909
951.227 327.956
951.227 327.956
96.3407 573.185
96.3407 573.185
885.867 25.5686
731.713 358.652
717.556 98.3228
457.133 33.4783
457.133 33.4783
694.545 145.579
326.466 560.833
542.089 445.986
827.044 395.593
703.48 358.512
119.769 532.956
127.415 576.656
127.415 576.656
657.294 280.554
979.814 513.115
979.814 513.115
978.075 343.5
209.02 349.527
958.719 245.819
642.556 334.635
735.868 105.648
758.026 121.655
758.026 121.655
586.286 65.299
586.286 65.299
541.075 578.708
938.81 533.342
457.423 460.246
145.176 574.633
145.176 574.633
498.984 604.399
967.2 343.2
466.284 169.131
215.006 333.087
215.006 333.087
215.006 333.087
444.739 233.047
861.036 316.021
450.44 479.054
431.493 51.8049
480.883 513.497
619.926 546.731
320.785 242.051
966.995 177.83
305.23 383.92
305.23 383.92
875.473 450.793
677.738 286.818
840.839 142.445
218.996 408.112
670.832 403.745
788.431 357.613
534.147 322.556
508.607 44.4966
902.92 260.291
731.66 507.411
592.221 65.2383
541.401 433.693
256.371 371.767
216.544 425.517
621.355 58.9145
597.95 167.929
921.099 370.879
921.099 370.879
140.287 575.213
140.287 575.213
744.564 540.684
372.759 617.532
958.086 284.311
445.327 374.145
437.088 50.5383
955.023 89.8143
955.023 89.8143
955.023 89.8143
936.125 489.844
261.066 555.759
465.139 2.57969
910.941 153.109
910.941 153.109
356.156 334.493
328.981 399.155
328.981 399.155
766.488 248.012
385.332 325.86
571.75 147.685
571.75 147.685
571.75 147.685
283.782 74.0324
966.581 449.891
366.353 346.214
737.38 116.459
916.674 169.043
445.644 203.961
924.414 190.12
538.181 228.356
280.444 228.836
442.167 599.196
231.115 359.603
591.169 233.314
935.365 468.314
694.432 488.7
210.714 343.42
210.714 343.42
319.825 574.359
810.029 380.351
231.162 407.98
984.554 526.453
601.374 529.527
625.447 412.188
184.966 328.804
320.066 341.831
167.774 430.528
167.774 430.528
315.784 579.326
406.173 37.2993
741.685 34.0407
9.86214 567.737
9.86214 567.737
282.251 198.869
777.068 30.953
157.415 471.227
719.749 37.8546
724.267 420.616
722.949 121.009
275.206 409.994
921.471 141.825
941.482 534.697
598.308 165.059
813.836 24.9877
821.698 413.418
821.698 413.418
711.916 250.216
579.275 78.3527
891.597 569.941
891.597 569.941
684.435 440.179
870 57.0632
257.258 120.43
435.516 93.9896
777.463 75.0292
775.585 9.24218
