3149
539.105 229.914
512.649 153.787
325.032 210.779
325.032 210.779
916.726 655.473
380.081 125.283
249.74 472.879
168.987 486.421
168.987 486.421
168.987 486.421
513.055 524.717
400.142 420.859
613.689 361.38
551.965 501.119
303.198 531.239
324.661 248.02
324.661 248.02
321.931 312.577
910.908 595.884
497.223 114.683
508.422 615.144
627.047 520.71
627.047 520.71
908.172 163.258
387.125 315.509
876.786 487.578
876.786 487.578
889.539 614.005
489.387 502.396
954.799 656.738
571.328 379.12
648.171 554.66
930.82 580.069
410.171 277.732
410.171 277.732
380.664 222.458
879.274 503.507
879.274 503.507
520.227 285.372
489.971 594.941
555.506 335.506
577.973 352.032
595.117 304.942
287.958 343.927
161.663 529.629
530.222 593.697
880.57 536.837
880.57 536.837
850.703 282.297
427.901 368.505
427.901 368.505
176.344 589.746
1001.84 84.4901
1001.84 84.4901
493.119 208.757
443.33 172.952
395.609 371.917
388 269.766
438.475 237.048
438.475 237.048
523.425 505.201
514.199 211.781
514.199 211.781
904.081 409.958
855.506 356.997
476.564 307.36
476.564 307.36
198.421 294.567
539.914 279.612
900.68 371.41
171.298 511.62
841.414 59.248
857.093 54.9626
857.093 54.9626
553.013 597.821
553.013 597.821
354.752 253.625
354.752 253.625
212.762 29.5853
849.583 643.62
849.583 643.62
315.291 292.089
837.912 22.3325
848.164 138.64
425.108 401.017
880.935 31.6131
421.89 260.905
861.728 556.426
189.286 450.76
854.571 184.669
825.657 643.594
825.657 643.594
147.672 440.371
147.672 440.371
878.088 442.054
873.604 350.002
854.369 249.181
416.537 109.775
872.091 309.524
872.091 309.524
43.9627 553.86
378.998 102.191
378.998 102.191
896.153 298.859
902.669 662.044
902.669 662.044
886.397 119.933
407.233 91.1289
317.785 267.643
160.571 432.997
893.447 251.397
170.59 12.2359
170.59 12.2359
858.643 494.763
336.088 199.1
129.13 530.396
584.023 602.413
476.49 205.329
407.404 344.167
861.001 320.58
883.635 594.495
521.527 131.894
883.24 52.5986
206.266 116.959
368.641 113.194
368.641 113.194
662.19 36.2172
869.173 248.052
869.173 248.052
448.476 81.5902
397.976 354.16
207.875 82.3935
916.221 398.015
430.385 383.415
905.688 390.112
881.592 10.3891
32.8932 107.883
445.388 97.3455
885.101 98.5958
99.328 134.178
99.328 134.178
920.651 466.235
68.5592 22.8348
543.228 407.684
284.526 345.906
284.526 345.906
854.275 419.629
875.459 141.697
912.76 348.161
67.5429 33.3037
537.844 137.568
852.347 262.568
852.347 262.568
420.29 342.023
420.29 342.023
456.709 123.642
856.407 338.103
856.407 338.103
861.047 72.3737
62.7221 85.5714
857.241 472.097
358.478 124.247
339.979 400.5
61.7666 99.1443
192.621 358.005
890.271 277.779
872.549 334.407
911.551 499.836
200.385 209.329
139.51 563.468
468.02 126.613
203.876 140.886
440.36 370.388
858.243 30.873
416.459 380.654
868.46 214.66
66.4926 47.6558
408.3 310.802
370.984 264.798
199.587 222.597
911.468 485.934
261.77 402.221
836.395 635.342
888.638 142.55
446.088 68.558
869.274 397.679
670.065 323.971
109.752 126.278
327.334 502.56
453.816 251.015
453.816 251.015
913.704 379.391
837.644 651.298
327.875 502.898
909.628 312.792
731.274 578.295
408.236 245.067
862.593 82.7635
878.601 415.737
78.5549 119.819
346.957 134.966
732.266 487.555
538.984 464.901
855.15 451.311
849.099 67.4678
448.14 323.58
198.932 222.566
853.594 653.862
969.443 660.321
208.095 641.495
458.455 304.163
370.913 504.187
39.4653 7.94281
39.4653 7.94281
917.315 585.683
876.036 470.013
876.036 470.013
464.111 468.844
650.817 187.377
650.817 187.377
74.412 98.5483
1016.1 353.578
280.763 374.639
280.763 374.639
308.792 318.841
883.909 509.046
288.066 501.032
831.882 9.9917
720.23 276.409
434.427 59.5099
207.23 60.1176
326.675 153.324
191.512 501.437
108.936 126.671
595.001 312.902
77.8268 46.6582
419.13 152.979
389.56 160.926
867.062 166.194
916.857 545.56
951.446 652.269
282.284 422.027
413.101 369.922
413.101 369.922
871.485 424.307
431.292 81.7115
671.132 323.182
386.571 352.134
404.207 156.919
418.042 293.914
30.6611 552.735
80.0878 19.165
78.9865 34.0327
646.799 571.034
917.095 571.586
430.558 117.353
374.33 217.988
374.33 217.988
978.778 657.99
847.385 225.936
874.497 632.38
361.118 168.338
900.85 311.72
490.208 282.925
919.242 654.409
775.123 578.136
405.303 504.945
375.193 164.499
869.278 201.165
229.52 441.094
75.6854 85.8444
705.646 566.499
990.871 627.694
534.943 473.751
840.659 7.70366
421.857 50.1604
880.783 435.767
864.572 104.182
346.53 171.809
943.707 615.21
361.926 535.515
538.875 309.112
618.812 33.563
196.669 134.456
346.302 244.361
346.302 244.361
356.661 149.016
356.661 149.016
870.49 411.043
860.352 658.923
76.8948 71.5467
415.153 417.15
432.608 618.314
442.769 120.872
228.616 455.919
228.616 455.919
167.824 525.714
74.0814 112.703
268.637 461.685
629.352 82.0568
869.859 219.766
490.169 129.362
290.838 461.541
184.423 492.989
417.18 303.153
993.079 641.433
331.61 263.156
331.61 263.156
513.011 274.316
191.9 336.993
48.2681 6.52014
869.643 591.376
636.869 587.484
541.462 456.844
455.207 109.802
455.207 109.802
455.207 109.802
387.007 394.263
387.007 394.263
575.92 530.647
575.92 530.647
863.875 346.381
887.521 563.045
463.755 461.531
583.373 325.402
683.022 449.905
60.3506 10.1251
880.601 425.09
1012.99 86.1486
907.787 45.6122
861.262 403.845
187.247 418.563
279.79 390.278
279.79 390.278
510.901 235.717
208.375 32.2452
648.262 52.0059
668.499 446.282
856.454 632.173
861.574 260.239
849.456 31.2517
580.389 372.831
576.421 470.08
576.421 470.08
416.333 314.799
648.922 323.317
500.665 126.351
519.963 222.768
799.667 588.369
799.667 588.369
83.4284 66.6016
923.041 565.063
923.041 565.063
438.238 355.083
125.194 545.697
409.688 321.19
442.016 41.7139
850.101 633.594
421.143 505.433
838.397 33.8952
94.8085 143.497
181.792 413.275
191.048 347.533
910.732 650.632
200.428 175.115
409.365 149.691
264.034 392.277
816.128 650.016
308.636 234.197
526.738 550.231
530.466 145.137
387.363 295.583
515.849 268.443
530.906 604.884
695.498 475.159
695.498 475.159
887.107 42.3954
510.84 206.683
510.84 206.683
709.395 246.022
522.717 462.963
590.324 606.003
654.605 362.71
635.063 600.852
635.063 600.852
302.327 622.236
897.075 242.998
652.365 317.305
86.562 22.3333
648.533 351.632
648.533 351.632
408.557 112.225
408.557 112.225
727.274 586.206
1006.3 650.538
508.922 601.685
208.747 12.9879
927.23 655.89
449.303 332.629
782.846 591.987
338.143 145.618
477.92 456.87
455.639 132.287
272.032 348.574
272.032 348.574
914.784 49.0598
423.163 97.9825
563.585 92.6235
563.585 92.6235
861.087 586.811
288.006 455.339
317.552 415.117
317.552 415.117
513.927 462.68
513.927 462.68
162.908 592.213
1017.91 503.846
495.761 457.198
495.761 457.198
434.705 456.756
894.038 295.068
645.431 569.98
498.445 598.751
882.998 456.753
880.005 587.445
573.726 343.147
403.631 316.978
994.251 634.636
391.972 584.379
391.972 584.379
391.972 584.379
195.223 259.07
249.064 472.853
878.117 152.195
185.058 454.244
815.559 628.567
892.877 153.445
596.786 632.888
371.974 112.048
889.926 108.415
853.012 377.074
307.897 617.328
681.314 49.978
660.017 356.846
660.017 356.846
78.9276 10.1195
666.82 336.665
157.368 461.684
644.341 362.056
206.885 43.6492
339.812 195.467
192.862 301.873
634.768 357.192
634.768 357.192
464.051 135.598
733.586 65.7162
276.42 71.7064
925.434 370.103
895.591 197.753
465.571 5.29177
891.69 130.115
552.176 458.64
552.176 458.64
203.316 108.676
388.583 463.923
865.594 464.086
865.594 464.086
622.579 38.5329
821.121 579.897
889.132 581.24
872.795 21.8885
880.974 298.661
388.413 121.309
388.413 121.309
157.26 469.017
821.61 382
198.878 198.542
399.352 335.912
399.352 335.912
925.6 633.541
665.806 159.285
675.875 287.397
272.39 366.24
309.09 304.672
604.926 18.9655
604.926 18.9655
422.662 207.043
408.921 394.622
69.9046 12.3776
681.779 559.303
850.103 46.7615
367.193 340.247
679.991 153.09
721.312 450.003
707.993 577.914
259.42 455.045
746.68 582.572
433.171 504.99
693.133 481.674
829.99 633.108
820.988 631.044
392.959 136.298
292.248 468.036
778.19 88.7052
914.986 637.806
914.986 637.806
689.635 177.828
682.288 569.003
274.111 455.212
412.406 410.836
844.058 654.038
571.469 8.74543
571.469 8.74543
905.093 178.218
901.128 325.102
866.336 506.627
890.63 273.294
742.98 616.859
742.98 616.859
306.286 516.028
884.06 126.02
457.677 115.913
488.323 390.643
488.323 390.643
866.937 118.696
461.276 34.662
859.482 108.729
749.622 516.349
630.908 362.129
630.908 362.129
278.234 480.141
278.234 480.141
278.234 480.141
470.431 121.078
470.341 201.919
213.268 607.145
755.05 582.045
755.05 582.045
348.853 232.847
348.853 232.847
858.977 542.798
858.977 542.798
659.277 564.559
193.238 294.809
887.539 441.026
208.949 5.59636
252.897 467
1007.76 81.4041
158.64 555.785
158.64 555.785
713.847 579.024
904.48 57.3492
531.783 69.4124
428.435 210.739
681.297 574.178
585.775 389.373
880.208 50.1465
880.208 50.1465
479.645 113.955
858.674 341.424
775.899 439.912
885.157 393.112
136.963 535.054
727.023 68.0403
271.649 354.073
242.678 479.064
668.407 490.108
355.046 198.023
355.046 198.023
103.253 103.568
518.596 11.8148
518.596 11.8148
694.281 350.723
600.055 200.2
879.331 268.772
298.731 621.398
491.17 13.1807
259.554 411.396
344.641 336.97
887.701 446.915
677.225 555.128
624.481 225.618
340.248 205.985
906.381 224.352
470.828 457.844
878.119 373.392
885.978 11.1233
881.944 314.036
420.426 182.801
572.158 520.874
550.782 84.0225
532.305 487.734
399.633 381.24
659.329 250.717
896.986 232.809
519.93 195.842
519.93 195.842
900.393 654.233
423.25 470.838
331.78 456.009
331.78 456.009
312.257 109.037
312.257 109.037
704.674 212.916
717.626 282.775
919.925 371.094
889.044 63.8561
9.49989 548.127
872.001 544.812
318.346 245.284
772.85 347.072
748.891 510.901
748.891 510.901
906.402 588.779
906.402 588.779
889.53 488.825
744.924 184.727
895.979 667.383
288.088 237.667
778.469 322.534
778.469 322.534
819.357 387.12
737.997 498.248
714.052 439.719
877.438 458.479
433.248 288.854
659.424 414.146
596.932 609.722
188.016 392.475
391.08 286.458
391.08 286.458
977.206 665.262
640.95 440.725
788.746 386.717
586.321 68.4281
586.321 68.4281
672.406 347.634
672.406 347.634
505.071 607.98
684.914 443.948
653.93 24.027
204.762 76.6463
897.979 67.7628
897.979 67.7628
735.38 485.731
708.356 314.384
640.081 320.222
640.081 320.222
847.508 261.045
781.133 273.355
986.332 647.247
622.578 193.967
622.578 193.967
493.032 518.315
869.815 61.9473
998.422 75.632
778.513 322.576
277.663 450.637
192.086 311.052
876.914 230.985
876.914 230.985
677.566 37.7436
887.948 550.611
425.047 401.807
422.137 510.861
763.871 276.159
763.871 276.159
881.779 305.565
391.611 99.2448
880.562 530.442
728.177 67.6916
659.464 414.31
698.42 37.2907
512.785 513.007
606.791 145.343
606.791 145.343
597.299 468.811
905.217 18.1495
500.725 68.8093
527.389 281.598
679.396 428.183
204.621 76.7163
875.313 530.019
888.071 459.523
488.564 526.996
854.44 638.662
319.482 622.955
311.721 240.501
891.546 119.856
385.597 111.949
283.177 460.349
283.177 460.349
760.604 242.764
760.604 242.764
870.815 322.659
870.815 322.659
434.852 420.838
872.582 153.914
910.919 53.734
440.565 85.8494
734.351 393.581
899.393 99.0618
899.393 99.0618
141.436 554.69
390.615 69.0299
107.488 105.959
473.746 2.62749
434.235 98.9947
924.624 572.071
310.976 622.8
431.904 215.263
861.797 580.474
915.626 253.824
450.358 209.115
505.698 230.915
505.698 230.915
633.631 396.372
887.136 433.207
511.791 597.059
929.815 644.816
929.815 644.816
880.435 80.0544
880.435 80.0544
165.438 584.93
675.997 129.495
188.19 384.863
437.621 25.2064
437.621 25.2064
286.435 158.667
286.435 158.667
783.444 515.01
739.328 100.605
876.622 224.304
859.018 58.1811
426.727 131.705
426.727 131.705
360.265 119.573
798.847 437.093
859.215 433.557
707.62 577.176
688.636 73.3903
723.87 119.413
723.87 119.413
780.474 389.517
394.316 391.507
394.316 391.507
394.316 391.507
845.354 224.347
995.064 619.262
203.347 93.459
702.888 502.597
568.191 237.503
568.191 237.503
874.242 66.8285
897.557 413.075
740.565 313.028
896.597 496.791
758.361 350.23
758.361 350.23
9.03719 548.524
549.358 188.202
687.291 567.318
666.3 578.124
356.681 28.7957
668.224 127.46
163.88 597.604
705.23 513.897
497.416 517.898
875.272 258.39
185.649 443.85
693.63 443.335
896.118 122.194
901.781 45.2325
423.817 273.829
346.938 500.467
183.346 476.964
869.109 53.3425
511.319 345.473
418.872 529.416
504.786 140.126
504.786 140.126
218.579 298.415
855.801 115.001
912.595 617.172
758.3 247.026
442.949 38.9784
527.872 138.57
773.929 243.837
874.712 582.784
877.126 523.825
90.3167 35.8201
98.9663 129.079
469.547 201.434
469.547 201.434
276.647 460.409
276.647 460.409
889.055 53.2822
583.413 148.279
515.082 230.18
515.082 230.18
855.085 221.317
855.085 221.317
637.054 602.148
883.681 136.388
485.107 99.6257
485.107 99.6257
508.5 508.358
875.521 636.339
875.521 636.339
270.186 210.855
402.508 141.976
924.34 615.764
859.703 398.346
588.233 76.9249
606.261 238.06
325.012 515.381
797.892 594.328
876.337 562.194
863.434 348.25
863.434 348.25
132.462 535.833
900.105 460.719
900.105 460.719
652.157 179.685
662.28 504.684
662.28 504.684
624.461 230.508
872.62 122.353
820.893 654.92
923.807 558.923
923.807 558.923
450.047 185.053
450.047 185.053
680.747 314.836
685.735 430.643
500.811 96.0635
890.233 83.1511
895.619 114.945
412.094 351.083
317.992 175.33
317.992 175.33
702.941 541.027
779.334 163.592
279.314 513.216
985.429 624.133
687.655 278.169
940.364 655.144
940.364 655.144
876.097 625.318
184.084 460.372
864.288 486.507
447.957 327.735
487.742 182.634
686.063 534.074
391.98 468.586
396.744 85.0387
396.744 85.0387
639.41 479.2
639.41 479.2
460.108 294.381
139.182 507.084
437.02 67.1074
437.02 67.1074
639.579 353.231
571.455 322.116
340.714 206.529
651.315 4.72776
899.572 113.047
899.572 113.047
762.268 390.56
869.87 495.062
725.456 177.982
391.394 385.872
410.764 529.518
769.447 389.501
378.412 529.976
901.066 63.9856
90.8869 16.2285
90.8869 16.2285
692.953 13.0979
662.868 160.634
661.643 545.293
383.824 395.296
394.953 277.385
394.953 277.385
394.953 277.385
200.979 128.637
582.504 427.075
879.432 181.146
879.432 181.146
868.887 472.525
764.191 348.683
764.191 348.683
459.183 138.8
392.029 117.484
384.885 399.767
528.45 153.505
392.674 189.865
909.076 449.765
352.972 507
645.851 603.285
645.851 603.285
386.328 529.832
358.599 229.251
392.728 529.74
895.88 180.56
226.174 494.036
446.076 177.797
536.514 142.741
856.875 438.388
689.563 147.965
506.574 199.96
506.574 199.96
847.965 172.965
847.965 172.965
580.802 76.7911
785.67 162.897
1003.53 19.5924
895.472 187.472
658.37 547.718
671.687 580.285
408.067 186.347
927.57 609.464
617.662 417.799
617.662 417.799
730.153 173.479
540.495 403.029
875.347 273.93
893.088 143.466
518.195 109.864
783.517 544.809
910.107 640.5
870.03 183.38
716.243 444.576
716.243 444.576
691.127 250.457
508.8 612.135
865.543 238.525
777.251 344.018
777.251 344.018
888.32 298.099
480.919 30.2264
521.677 46.5011
521.677 46.5011
704.427 443.172
438.339 204.667
438.339 204.667
566.016 208.78
328.432 530.74
890.489 339.869
902.622 166.805
875.79 280.17
909.112 622.133
909.112 622.133
899.798 261.514
873.35 140.738
892.953 134.458
475.254 471.585
536.82 468.744
920.008 594.222
470.994 138.647
865.915 491.963
562.037 626.075
455.287 297.902
515.959 570.834
515.959 570.834
900.429 270.976
51.6209 130.064
870.924 87.5664
870.924 87.5664
624.526 290.914
707.444 153.684
551.886 184.436
551.886 184.436
879.583 470.366
364.347 240.08
624.727 261.069
624.727 261.069
906.38 85.8733
634.192 460.484
688.639 438.994
868.296 133.288
649.513 305.679
649.513 305.679
374.84 305.445
385.845 158.992
711.889 573.738
769.228 511.133
682.016 97.2035
682.016 97.2035
166.565 9.57478
380.273 148.327
700.516 124.149
464.288 110.306
439.625 53.989
439.625 53.989
894.977 171.122
854.011 624.976
323.802 181.584
889.134 320.197
870.93 504.397
538.341 399.684
745.638 351.033
745.638 351.033
288.861 418.237
865.539 59.6268
650.48 473.151
918.888 647.132
468.043 467.752
986.55 639.137
986.55 639.137
773.73 308.924
883 337.218
883 337.218
529.825 28.8997
364.96 108.451
675.465 415.708
569.665 200.536
569.665 200.536
317.59 171.258
624.162 82.5458
499.801 521.793
426.128 182.119
912.261 580.514
206.821 635.363
867.2 98.3667
876.453 120.371
393.542 381.374
754.561 243.622
754.561 243.622
513.519 188.733
513.519 188.733
773.81 50.0302
742.067 593.301
649.26 164.567
649.26 164.567
245.099 463.584
581.139 69.4093
581.139 69.4093
875.934 478.471
905.282 371.146
874.865 85.3811
574.021 330.979
824.198 377.09
883.766 583.615
788.505 586.637
676.709 337.055
712.701 10.7626
891.51 112.786
738.702 582.179
704.805 140.841
704.805 140.841
466.47 60.4813
710.61 225.574
710.61 225.574
666.65 417.384
570.39 472.442
786.208 85.4382
786.208 85.4382
684.758 249.651
684.758 249.651
438.008 15.778
578.453 149.5
854.06 294.865
635.529 165.903
720.557 119.7
638.844 515.409
302.522 32.5337
302.522 32.5337
722.13 140.639
722.13 140.639
155.496 209.61
893.601 492.397
893.601 492.397
705.459 589.221
705.459 589.221
866.065 434.473
866.065 434.473
911.547 498.338
586.061 73.6765
436.674 62.7064
351.732 314.515
864.982 52.0893
336.348 335.053
677.58 477.178
677.58 477.178
460.749 205.598
460.749 205.598
712.181 538.713
894.816 603.178
661.501 130.257
661.501 130.257
424.721 39.0798
424.721 39.0798
424.721 39.0798
332.525 514.966
893.133 134.951
271.572 162.478
931.806 654.171
727.437 277.147
730.847 272.638
443.26 38.4844
875.24 209.754
267.412 616.443
678.262 148.032
678.262 148.032
138.032 513.58
60.3454 131.986
875.938 490.881
422.177 34.9751
422.177 34.9751
734.065 309.05
734.065 309.05
888.324 38.1539
1011.12 77.2776
691.572 143.106
894.928 163.111
327.681 149.206
435.358 300.399
891.54 28.7649
679.621 473.396
892.303 400.919
259.358 164.785
629.623 446.504
881.952 105.982
881.952 105.982
786.899 651.526
714.125 40.4722
442.517 212.382
442.517 212.382
144.736 418.222
869.975 183.808
879.484 259.201
401.937 142.363
705.063 218.115
849.347 334.962
849.347 334.962
544.623 142.293
452.886 180.677
905.541 308.296
759.012 587.787
912.387 644.973
827.153 415.63
708.91 103.785
460.171 55.9031
269.341 467.652
836.447 31.8145
709.34 122.133
922.577 325.034
922.577 325.034
452.165 504.698
572.09 6.79014
878.466 596.936
663.416 484.24
899.353 253.598
624.819 143.344
452.373 114.622
327.271 156.605
709.697 137.511
709.697 137.511
709.239 122.124
231.126 448.577
830.482 654.269
343.526 199.633
593.91 97.4512
341.732 91.3381
905.094 364.459
750.757 480.291
379.555 308.482
682.671 24.4939
443.521 205.524
443.521 205.524
910.867 9.49654
785.535 397.086
598.799 177.23
357.631 166.412
305.973 263.424
850.022 31.9254
891.193 364.842
744.352 91.8054
683.294 75.4913
872.486 151.034
182.87 495.834
530.18 188.543
880.094 140.879
845.656 154.489
718.483 316.979
886.365 339.935
886.365 339.935
902.04 318.022
569.253 415.138
569.253 415.138
873.172 411.633
897.188 414.024
897.188 414.024
727.432 59.9094
568.646 341.256
205.898 49.1489
897.179 572.87
789.277 399.347
789.277 399.347
403.223 468.785
700.413 509.638
729.324 407.056
487.138 297.679
891.492 374.904
888.37 31.4872
556.819 54.1121
341.908 76.3408
897.489 76.5225
388.324 290.999
388.324 290.999
349.229 207.833
854.556 206.872
101.999 140.58
101.999 140.58
651.286 116.028
911.139 214.992
258.822 358.164
516.68 602.508
890.117 353.917
363.449 113.146
675.207 412.165
680.545 579.491
163.856 6.1265
377.896 417.957
466.158 50.4586
359.985 309.939
913.171 597.248
913.171 597.248
417.018 268.938
417.018 268.938
417.018 268.938
865.778 66.8139
409.374 268.349
409.374 268.349
724.854 591.767
818.637 586.432
480.149 26.5535
672.543 283.357
713.596 6.85565
770.886 506.974
836.465 626.351
623.559 162.522
875.631 383.256
511.059 197.82
425.369 80.0159
875.27 366.367
896.232 469.973
457.095 45.4698
641.332 323.96
546.566 39.1821
386.36 507.996
419.404 514.19
392.131 282.197
521.687 577.363
873.624 177.014
386.486 502.028
152.563 578.438
688.976 136.598
444.514 231.454
891.109 90.6772
692.106 107.274
882.943 331.497
827.942 294.956
870.065 232.312
644.361 134.044
884.969 302.397
787.736 507.755
371.906 508.139
370.843 308.557
199.004 167.386
872.32 50.6281
455.136 221.939
455.136 221.939
576.119 154.116
897.495 216.208
928.679 238.023
631.461 457.06
631.461 457.06
648.468 190.01
329.027 145.205
329.027 145.205
488.57 418.122
886.604 216.721
885.991 325.025
832.431 290.108
890.646 9.64714
451.387 197.131
680.994 337.731
389.493 413.943
911.353 488.274
531.142 473.482
935.903 616.043
891.463 443.603
901.067 584.698
728.776 351.341
864.514 661.95
878.974 481.462
337.825 211.155
734.586 98.5436
734.586 98.5436
109.963 535.387
707.165 173.741
898.485 517.981
365.283 121.341
661.164 53.1506
401.834 271.228
367.063 230.997
847.555 550.701
889.323 395.759
648.506 354.284
507.578 592.648
507.578 592.648
375.369 245.578
375.369 245.578
444.091 111.254
444.091 111.254
408.894 66.7848
408.894 66.7848
374.078 334.428
882.802 326.807
739.88 578.677
739.88 578.677
778.333 240.266
778.333 240.266
882.845 185.536
577.887 469.477
577.887 469.477
400.488 154.732
868.652 43.0377
429.353 308.338
268.147 408.035
185.555 505.965
920.299 554.553
398.804 330.835
880.136 128.409
381.953 304.72
772.962 91.4139
772.962 91.4139
846.871 655.542
402.96 406.325
769.425 515.011
371.76 331.968
652.093 357.011
519.669 369.485
519.669 369.485
435.2 220.143
849.086 661.554
256.416 450.089
428.823 406.369
391.371 260.844
446.097 220.871
446.097 220.871
889.121 328.419
846.065 93.8361
846.065 93.8361
534.555 86.2847
326.537 186.648
878.676 580.008
423.173 298.608
790.363 541.914
729.696 347.509
433.191 23.9751
433.191 23.9751
417.076 138.511
417.076 138.511
508.199 123.077
697.379 512.873
887.847 366.311
752.437 308.938
708.782 118.724
708.782 118.724
902.423 526.388
906.228 378.794
577.975 197.409
596.847 180.867
399.149 90.4293
887.205 348.395
404.28 564.507
404.28 564.507
404.28 564.507
380.953 468.217
874.306 167.245
928.678 630.473
456.044 242.807
456.044 242.807
905.034 575.869
769.986 540.21
769.986 540.21
889.811 343.739
228.391 380.992
505.893 184.866
709.249 513.335
762.774 515.821
870.109 180.184
765.644 272.338
886.774 284.483
777.211 160.218
673.537 33.6315
673.537 33.6315
731.141 31.0303
731.141 31.0303
163.35 516.183
503.936 22.5479
685.183 158.415
948.34 613.507
873.771 326.22
873.771 326.22
466.67 293.626
508.225 315.957
51.6034 2.52868
429.102 108.673
429.102 108.673
431.099 56.4328
706.945 510.131
523.127 383.885
523.127 383.885
487.065 43.6123
453.86 469.623
912.836 510.604
371.353 162.5
355.544 80.8283
355.544 80.8283
548.221 475.994
548.221 475.994
548.221 475.994
758.335 514.064
827.259 631.762
323.742 147.4
323.742 147.4
470.994 470.181
922.774 328.962
922.774 328.962
469.282 178.357
783.203 341.875
783.203 341.875
364.794 220.07
364.794 220.07
364.794 220.07
649.633 287.709
733.896 615.81
900.167 559.269
892.05 460.908
366.287 226.623
852.369 405.43
852.369 405.43
891.201 97.7401
430.356 146.745
750.484 182.729
750.484 182.729
865.359 229.337
767.596 447.96
660.18 134.065
576.658 200.839
576.658 200.839
432.508 207.601
684.056 473.281
326.653 166.866
326.653 166.866
791.55 121.973
924.878 629.472
520.24 373.438
520.24 373.438
767.196 169.704
649.535 393.367
606.979 233.682
446.053 63.629
874.555 91.6261
913.948 537.735
591.019 366.012
792.058 578.623
685.442 275.31
375.271 149.939
375.271 149.939
691.681 211.487
909.63 523.738
909.63 523.738
349.288 137.786
273.742 330.143
273.742 330.143
273.742 330.143
893.712 421.141
675.609 78.6071
675.609 78.6071
758.072 439.771
758.072 439.771
80.8074 44.1118
764.185 587.64
226.99 9.21593
226.99 9.21593
604.379 198.106
604.379 198.106
908.148 418.578
438.848 211.622
530.343 44.65
530.343 44.65
893.121 56.1078
395.698 57.3274
696.581 576.039
850.213 122.033
342.723 170.437
525.506 505.502
298.248 513.992
397.811 274.533
721.449 480.248
388.079 250.179
388.079 250.179
562.192 34.0794
709.4 589.802
887.55 17.055
429.368 135.136
429.368 135.136
643.411 58.1133
822.323 486.889
913.629 655.17
875.327 113.891
351.819 146.217
905.477 70.1465
621.144 173.111
913.124 516.607
664.476 317.473
392.584 82.4662
719.47 483.131
885.185 196.405
885.185 196.405
919.286 563.451
728.522 438.026
509.315 494.46
509.315 494.46
887.841 224.319
570.037 427.53
738.396 489.538
1010.12 650.714
1010.12 650.714
452.906 86.3635
914.971 563.728
914.971 563.728
717.835 575.417
298.569 240.638
381.293 408.016
381.293 408.016
372.557 109.602
372.557 109.602
893.117 60.4084
409.374 358.891
409.374 358.891
367.061 243.368
893.142 413.873
707.529 573.474
876.308 545.052
731.079 136.291
604.232 163.92
428.229 52.1508
862.959 431.224
724.414 90.6601
126.625 546.452
386.124 84.5053
367.52 196.19
136.011 533.912
619.912 230.585
619.912 230.585
699.513 120.536
290.029 18.2684
233.737 610.546
766.176 308.94
556.886 153.764
458.635 230.087
458.635 230.087
312.626 283.716
878.824 115.934
879.637 328.591
878.264 171.887
903.648 331.496
448.26 224.949
399.882 407.81
530.828 134.834
319.458 99.5438
467.418 102.561
354.268 32.1628
224.573 637.99
850.006 228.867
850.006 228.867
850.006 228.867
371.417 399.719
541.306 471.806
671.589 48.44
877.486 166.243
900.892 364.965
857.555 480.679
811.49 626.458
766.857 86.6528
867.739 477.953
489.057 474.531
489.057 474.531
686.38 571.156
686.38 571.156
304.359 623.073
913.506 523.647
327.13 38.0197
795.475 347.952
864.614 35.5072
250.213 411.942
498.598 55.0223
872.681 56.4151
872.681 56.4151
357.327 589.994
324.981 169.727
324.981 169.727
649.781 183.827
649.781 183.827
411.275 507.991
911.822 307.137
862.364 233.09
677.988 144.658
376.589 421.168
328.096 160.416
762.507 199.228
762.507 199.228
252.433 358.955
871.489 40.5704
323.589 197.272
889.819 59.4829
640.556 440.247
371.782 257.944
453.912 425.912
839.698 607.592
342.741 376.478
889.321 276.548
916.451 574.495
802.389 545.906
664.478 320.625
737.919 171.645
315.595 91.9896
577.886 134.355
887.634 242.498
699.335 318.662
895.42 460.692
582.441 401.861
679.953 435.582
813.141 586.671
432.794 181.067
882.125 113.518
636.276 57.7709
519.446 51.1578
431.084 607.932
431.084 607.932
704.49 39.0245
183.497 470.973
484.17 32.1795
570.162 336.343
346.868 314.712
898.559 53.8151
916.644 643.406
720.474 208.701
750.351 352.386
890.623 429.149
907.159 338.781
906.775 401.246
899.095 184.893
590.13 508.889
877.184 239.668
897.081 491.88
875.406 350.344
420.109 20.6277
645.089 49.5801
453.803 373.416
453.803 373.416
83.9913 108.615
893.896 428.644
643.864 370.219
392.467 93.514
392.467 93.514
459.095 30.9044
623.996 272.714
623.996 272.714
564.161 596.604
900.314 590.155
440.104 55.969
134.609 522.425
600.812 316.518
600.812 316.518
740.279 481.993
891.597 390.274
893.178 485.295
205.159 53.6065
495.353 604.522
520.58 390.781
727.223 354.727
885.617 187.851
31.5649 29.9511
401.615 392.875
339.738 337.021
900.824 267.156
969.35 650.376
910.993 225.35
892.601 49.8699
636.843 581.527
663.283 4.51577
266.095 355.54
576.361 14.19
521.072 406.381
521.072 406.381
370.184 378.817
500.371 419.85
586.866 46.0829
768.558 518.378
799.594 157.156
754.683 483.471
815.788 637.451
290.865 241.932
290.865 241.932
638.374 228.158
403.01 401.63
344.764 104.427
854.588 431.259
854.588 431.259
875.912 3.42824
723.14 576.216
228.373 451.258
228.373 451.258
858.376 375.397
730.158 27.7352
908.427 123.246
489.865 477.598
481.268 75.8791
287.34 620.035
874.582 433.146
602.134 129.363
557.577 57.2498
661.823 384.188
446.32 385.911
446.32 385.911
349.206 392.157
696.411 584.365
895.922 62.1359
266.131 605.979
266.131 605.979
896.887 207.58
873.4 233.663
737.905 175.085
88.5083 12.3257
640.591 8.32163
317.756 233.013
415.071 150.656
401.104 329.008
887.857 224.226
658.015 418.075
366.484 6.87571
876.709 139.519
432.117 66.2176
365.408 70.0704
422.862 88.2769
891.438 380.98
783.776 455.956
783.776 455.956
666.068 113.465
440.854 29.6259
562.38 200.504
904.607 31.5304
876.216 122.405
876.16 128.118
540.013 186.967
879.234 489.147
344.514 152.522
244.15 448.501
425.272 513.652
391.945 106.318
30.3584 50.9196
760.822 511.664
760.822 511.664
906.844 333.832
343.249 101.412
361.572 236.524
361.572 236.524
646.876 174.063
646.876 174.063
646.876 174.063
338.57 224.581
906.458 79.2073
775.512 540.041
367.302 214.692
520.668 386.88
272.844 466.452
182.681 482.12
435.942 472.8
694.923 20.7569
694.923 20.7569
909.625 556.395
762.781 205.564
703.141 156.503
433.842 402.354
660.771 183.495
703.265 506.819
318.256 229.884
318.256 229.884
381.884 70.9073
854.501 298.487
383.474 273.363
897.59 429.95
602.084 67.8458
895.6 51.9887
895.6 51.9887
778.718 336.27
320.801 183.929
13.2124 100.959
337.637 80.3524
337.637 80.3524
523.115 376.283
474.516 124.389
861.009 541.642
833.591 35.483
654.034 134.315
851.391 319.195
362.354 546.809
449.633 23.8584
672.375 576.415
233.947 458.738
714.479 384.992
308.542 610.129
308.542 610.129
644.509 256.865
790.422 545.326
695.781 416.509
770.057 587.886
376.033 621.537
476.725 598.639
233.815 436.193
782.904 269.921
215.076 339.344
157.355 560.36
456.979 33.547
910.662 467.072
626.628 415
912.531 552.499
530.355 470.396
370.38 335.432
811.063 513.098
811.063 513.098
594.838 100.788
481.048 21.1674
481.048 21.1674
437.22 293.457
902.332 127.852
535.02 63.4291
561.156 607.981
465.85 601.069
465.85 601.069
636.614 460.409
470.342 65.8739
672.151 153.899
269.128 386.898
309.977 623.292
706.769 427.725
727.776 63.4383
727.776 63.4383
680.121 151.141
202.389 595.083
202.389 595.083
385.154 158.607
72.3302 114.928
469.586 488.208
700.512 416.139
742.389 515.228
580.196 152.121
725.583 291.635
371.658 351.587
371.658 351.587
183.344 414.801
778.668 97.5721
664.853 359.13
668.021 391.375
695.058 16.6941
457.741 325.901
478.328 461.344
450.129 15.5648
874.827 99.2848
863.895 483.219
689.436 529.789
689.436 529.789
439.471 92.4434
528.475 548.169
873.221 403.629
847.489 655.873
352.213 243
598.825 319.049
929.128 363.614
929.128 363.614
158.554 557.332
388.83 90.0934
341.52 359.437
341.52 359.437
832.418 603.956
832.418 603.956
899.344 189.693
869.068 189.451
369.16 151.683
689.543 588.281
370.162 260.518
180.879 473.785
415.019 354.416
415.019 354.416
904.32 99.8186
593.479 129.961
1020.93 267.542
76.3876 115.829
879.133 326.584
686.887 585.545
686.887 585.545
742.659 95.0694
742.659 95.0694
371.45 237.993
371.45 237.993
788.095 270.314
745.229 481.251
664.459 477.624
690.511 253.91
411.926 139.793
674.814 317.631
633.928 121.681
487.653 294.331
487.653 294.331
517.815 467.923
801.758 187.563
919.316 577.106
134.377 530.864
867.883 482.613
473.738 115.08
257.045 288.298
257.045 288.298
678.026 331.349
569.554 551.972
282.835 619.356
716.493 313.842
489.289 40.395
489.289 40.395
414.714 306.673
825.384 484.27
646.485 167.588
240.815 138.793
245.845 393.81
767.066 591.082
860.305 441.438
860.305 441.438
305.513 52.5467
744.143 387.568
744.143 387.568
860.225 482.836
396.74 122.238
423.021 77.4172
423.021 77.4172
557.588 445.438
888.368 26.4196
346.008 349.149
28.0447 82.4603
793.404 158.365
467.229 539.986
735.074 480.79
344.578 622.501
344.578 622.501
715.924 355.741
663.171 180.549
852.965 201.732
852.965 201.732
852.965 201.732
511.896 341.53
556.556 146.535
106.948 578.659
106.948 578.659
476.316 608.65
170.596 521.475
516.916 332.432
516.916 332.432
894.083 16.3443
882.619 534.485
710.515 510.015
593.09 150.006
446.521 373.501
249.392 131.522
77.8678 95.0803
418.662 92.7649
427.336 26.5741
491.575 13.6358
744.17 397.993
796.556 545.537
30.0259 55.9394
30.0259 55.9394
909.036 440.545
863.099 454.096
702.436 315.357
894.524 27.3043
386.39 411.549
386.39 411.549
233.542 135.095
500.467 48.0783
296.532 611.154
296.532 611.154
464.637 623.203
425.964 60.4974
732.089 447.743
230.018 609.967
485.474 40.8758
864.522 213.364
864.522 213.364
512.813 489.254
512.813 489.254
512.813 489.254
798.916 402.877
925.565 347.686
660.972 488.328
409.831 401.469
696.269 352.051
754.827 311.756
761.625 387.022
434.578 556.526
434.578 556.526
782.559 385.525
782.559 385.525
649.953 446.891
338.334 90.1665
505.126 595.633
488.001 623.965
488.001 623.965
299.003 273.994
879.225 359.109
879.225 359.109
851.799 60.8354
565.849 397.287
885.625 319.487
615.497 53.2179
615.497 53.2179
236.834 226.514
236.834 226.514
745.727 384.739
290.584 119.22
826.656 631.479
713.621 173.543
411.072 106.947
872.004 44.5207
279.989 463.959
895.5 534.569
820.066 648.96
187.911 601.959
243.51 612.473
898.697 105.835
686.283 534.986
551.452 421.388
551.452 421.388
301.851 202.938
61.8471 61.7978
893.823 12.3333
753.399 168.516
766.684 389.024
591.002 601.833
152.279 458.611
856.7 14.6952
448.243 117.289
448.243 117.289
282.642 159.96
523.244 489.475
438.336 50.0178
375.328 6.72983
260.363 604.902
260.363 604.902
900.803 83.2568
416.368 127.898
465.139 47.3661
317.389 8.33887
447.92 383.695
499.071 179.096
383.754 192.516
242.224 132.63
349.997 117.835
880.854 477.18
480.523 127.414
347.68 204.065
347.68 204.065
44.9997 33.4751
44.9997 33.4751
316.465 150.568
903.856 267.825
700.943 6.96052
458.486 38.6952
826.463 425.582
826.463 425.582
485.87 538.439
582.68 408.849
874.583 387.825
377.223 146.379
907.99 361.969
340.462 499.226
340.462 499.226
598.499 22.7953
609.689 313.181
322.382 396.458
322.382 396.458
434.775 69.4361
434.775 69.4361
406.366 125.031
700.553 529.084
700.553 529.084
786.379 343.142
567.435 137.936
423.547 408.958
153.468 440.525
179.764 591.421
179.764 591.421
723.849 174.684
723.849 174.684
274.697 464.041
274.697 464.041
33.3339 4.11746
280.657 57.9648
370.782 546.678
370.782 546.678
423.232 383.381
517.766 410.609
517.766 410.609
517.766 410.609
348.517 622.426
348.517 622.426
855.855 134.779
424.186 30.6793
891.432 299.584
692.507 9.28707
682.101 44.5183
849.364 413.519
900.85 273.146
882.74 263.195
198.021 183.998
710.567 279.692
693.559 519.268
693.559 519.268
425.046 609.225
425.046 609.225
551.007 270.087
551.007 270.087
707.035 538.609
912.739 336.13
711.967 451.05
384.88 2.87112
384.88 2.87112
517.927 486.18
816.296 641.333
717.188 578.543
483.745 32.1723
245.59 602.389
245.59 602.389
927.452 600.115
426.189 111.629
431.375 4.22273
205.23 471.015
205.23 471.015
591.659 71.0776
591.659 71.0776
497.121 594.511
306.788 115.71
172.418 10.6951
265.876 362.968
309.261 613.02
309.261 613.02
893.151 370.493
893.151 370.493
845.969 517.544
734.255 511.581
677.868 629.408
898.112 535.966
616.637 170.54
616.637 170.54
369.629 428.372
892.994 407.749
892.994 407.749
767.817 198.517
767.817 198.517
466.469 64.1828
348.539 385.163
420.731 129.079
855.961 256.182
567.273 133.859
567.273 133.859
382.059 611.591
382.059 611.591
786.759 338.532
786.759 338.532
539.753 41.0657
539.753 41.0657
742.983 412.421
417.497 466.144
460.951 332.904
888.495 302.625
28.5774 77.8054
898.082 597.333
898.082 597.333
301.42 611.965
301.42 611.965
279.092 161.137
930.188 368.319
930.188 368.319
423.027 45.0234
508.032 366.369
430.648 582.277
430.648 582.277
398.899 141.038
421.167 609.971
421.167 609.971
871.333 400.025
716.34 507.339
873.549 241.128
349.587 13.215
349.587 13.215
867.386 224.707
879.611 254.122
724.508 349.496
381.643 110.472
261.011 472.086
187.12 560.857
187.12 560.857
612.23 291.102
167.049 519.391
408.494 500.008
764.957 490.903
901.408 279.444
443.19 327.089
282.399 60.5447
651.576 582.563
901.854 298.924
596.42 316.18
218.036 158.407
882.912 627.449
652.794 417.532
439.417 89.4916
439.417 89.4916
325.187 61.3204
325.187 61.3204
283.746 39.8125
337.286 363.128
330.642 468.089
659.721 50.2184
899.621 249.245
505.966 349.106
631.843 322.623
826.244 588.681
420.657 83.6965
424.559 18.6993
614.484 93.2037
709.197 470.933
421.263 244.344
150.001 528.068
457.085 411.35
457.085 411.35
687.788 218.394
395.058 402.313
529.319 15.3703
505.125 375.342
660.545 480.654
804.211 485.147
424.709 295.128
878.879 46.0851
463.626 64.9378
902.323 110.157
19.3751 26.2035
235.08 438.054
242.855 112.688
363.958 378.65
316.69 94.906
451.461 603.913
451.461 603.913
585.789 104.45
672.749 573.493
672.749 573.493
252.198 150.291
252.198 150.291
587.122 506.024
585.606 228.239
595.299 295.847
238.253 337.596
404.488 136.6
509.445 23.8712
509.445 23.8712
443.613 411.799
443.613 411.799
643.537 287.628
384.558 579.366
384.558 579.366
410.869 126.351
56.6473 36.5931
399.917 56.4586
868.49 412.43
868.49 412.43
905.644 205.312
252.189 247.899
855.664 427.951
855.664 427.951
775.5 593.391
834.844 427.543
905.265 359.677
266.727 63.108
266.727 63.108
225.1 437.093
756.672 511.035
464.043 105.028
464.043 105.028
903.615 559.156
380.814 428.574
380.814 428.574
221.401 598.367
221.401 598.367
315.065 397.109
315.065 397.109
867.736 35.7828
582.407 238.142
659.644 84.4144
738.902 484.685
772.313 288.378
437.284 110.325
893.711 21.5391
871.593 26.7475
868.071 406.633
413.525 297.909
360.287 31.9972
304.659 467.062
460.302 586.334
815.809 281.042
744.676 483.965
642.074 52.4159
44.6303 577.598
253.377 355.945
767.328 392.291
413.937 253.84
885.169 210.139
714.975 120.059
670.894 157.252
670.894 157.252
228.919 599.655
228.919 599.655
738.606 585.843
568.358 203.744
449.133 202.702
449.133 202.702
646.892 349.321
361.375 335.932
361.375 335.932
331.47 85.5573
452.309 573.271
602.748 177.621
661.992 377.397
661.992 377.397
398.657 390.341
387.394 403.011
684.425 46.6604
186.994 343.715
245.938 445.855
429.984 469.798
265.825 358.459
931.538 614.93
883.042 171.127
883.042 171.127
731.268 268.838
342.811 612.663
578.301 484.619
908.561 426.028
257.515 168.159
906.028 526.822
896.672 193.092
384.585 251.967
384.585 251.967
225.588 641.259
225.588 641.259
911.074 474.111
263.498 167.033
24.4059 27.6483
919.275 582.767
17.1026 52.424
430.566 40.1868
652.612 289.679
10.8587 48.6025
724.599 130.968
232.74 59.5761
232.74 59.5761
455.011 344.401
455.011 344.401
771.139 11.3417
360.812 595.497
360.812 595.497
153.591 376.359
886.551 287.394
799.159 153.651
799.159 153.651
422.686 303.01
422.686 303.01
835.919 533.289
835.919 533.289
437.765 222.064
658.608 159.872
872.917 4.22762
673.443 212.305
352.352 586.608
383.519 621.612
486.104 367.537
693.683 481.935
892.703 410.662
147.135 529.987
916.095 567.845
657.388 150.408
452.823 203.071
484.104 199.345
904.789 231.78
808.509 229.67
446.693 425.663
446.693 425.663
624.085 63.5594
673.892 570.758
673.892 570.758
723.13 579.279
429.109 279.632
429.109 279.632
824.493 583.848
366.634 427.979
371.379 621.724
878.139 104.896
428.45 619.038
939.459 421.439
939.459 421.439
368.781 611.94
368.781 611.94
395.478 70.6203
742.769 170.906
742.769 170.906
829.668 36.0585
682.583 476.253
649.123 90.2912
649.123 90.2912
612.293 291.076
917.873 293.396
453.589 244.686
380.469 508.517
877.172 486.471
860.001 57.0807
751.971 389.94
660.714 81.4456
41.4977 85.4932
41.4977 85.4932
908.598 652.652
552.483 216.042
888.776 333.213
570.7 497.102
570.7 497.102
512.887 18.3288
318.62 613.246
430.405 68.6226
977.174 654.145
781.225 338.515
898.476 101.281
847.222 127.272
371.193 120.341
371.193 120.341
875.361 363.724
499.932 353.125
785.707 126.152
200.91 562.929
263.761 31.5678
354.51 238.121
647.069 154.916
880.962 349.467
805.142 201.707
187.05 339.645
392.548 142.935
392.548 142.935
674.002 50.3865
20.0915 80.4161
793.361 388.195
877.281 89.6768
391.989 561.052
893.858 320.905
882.204 256.747
856.631 507.928
909.527 393.177
913.072 600.437
831.823 376.723
831.823 376.723
774.467 163.531
774.467 163.531
648.643 534.63
909.42 329.963
767.096 444.949
661.007 501.162
482.739 597.437
482.739 597.437
398.855 621.261
674.228 339.063
866.046 474.564
866.046 474.564
900.435 512.387
285.136 243.039
880.013 87.6789
913.668 13.6293
372.412 75.8989
781.114 45.8838
516.725 348.311
516.725 348.311
506.32 384.831
724.881 118.628
228.616 446.377
228.616 446.377
224.316 460.105
375.413 413.896
322.533 43.6191
322.533 43.6191
679.115 583.339
873.484 524.836
618.477 289.336
430.494 22.4559
291.185 304.327
291.185 304.327
271.369 332.297
187.079 640.626
893.67 66.0511
741.591 541.702
517.944 48.6983
517.944 48.6983
562.489 18.8774
859.695 17.6062
489.025 51.4034
850.899 94.3784
850.899 94.3784
923.212 19.8842
448.619 114.237
448.619 114.237
888.546 389.9
423.716 62.4416
224.692 598.868
224.692 598.868
813.886 541.516
813.886 541.516
813.886 541.516
676.232 180.088
676.232 180.088
314.451 234.467
314.451 234.467
314.451 234.467
513.388 593.435
427.021 277.288
427.021 277.288
678.615 463.454
65.9752 39.0159
431.205 132.013
431.205 132.013
723.999 87.3007
671.96 148.403
898.283 226.824
66.0413 67.5425
580.964 135.526
12.6482 22.0792
612.59 88.0171
462.851 208.607
486.536 58.7096
603.472 294.212
727.848 210.845
347.632 580.627
660.642 457.017
615.498 234.128
798.856 406.213
853.128 254.951
78.0164 90.3056
295.055 232.042
295.055 232.042
444.62 106.882
444.62 106.882
886.068 86.5846
526.16 347.423
878.361 55.3695
460.961 49.5013
461.331 212.572
59.4108 63.424
59.4108 63.424
898.676 32.5732
59.8795 87.4412
437.348 42.4374
839.244 133.401
358.07 389.988
358.07 389.988
144.978 507.929
708.984 317.734
855.591 48.881
406.914 405.892
918.448 607.895
377.107 63.2627
250.622 293.022
404.404 109.897
404.404 109.897
718.192 74.4273
428.566 20.0684
549.321 141.164
881.644 568.507
881.644 568.507
778.89 314.599
568.935 430.39
519.376 135.689
735.305 491.115
670.486 185.862
368.66 122.443
368.66 122.443
544.394 455.139
544.394 455.139
297.274 326.479
450.61 227.481
450.61 227.481
737.49 479.125
737.49 479.125
826.192 581.085
144.9 520.105
764.812 442.982
668.66 358.536
841.249 434.605
239.377 56.9998
150.139 466.782
844.339 220.414
255.337 463.628
535.995 211.113
514.996 23.4702
926.347 67.7975
926.347 67.7975
559.441 569.775
559.441 569.775
555.293 36.9532
764.562 536.849
61.0013 37.9097
366.476 409.362
367.837 621.792
916.756 213.202
927.42 558.981
914.354 391.676
389.145 87.1366
389.145 87.1366
883.495 550.995
560.278 443.042
560.278 443.042
440.271 67.5062
440.271 67.5062
246.566 366.608
631.583 169.93
760.063 540.132
436.971 37.6422
859.067 12.0559
542.258 581.702
433.128 134.111
433.128 134.111
765.962 244.657
891.221 380.026
571.05 152.01
265.754 144.319
241.03 428.735
168.893 544.091
686.304 115.327
686.304 115.327
691.594 99.9325
691.594 99.9325
691.594 99.9325
691.594 99.9325
348.81 216.005
348.81 216.005
495.703 553.122
514.347 109.469
630.015 418.643
290.716 244.94
780.964 537.074
416.403 356.879
416.403 356.879
676.463 312.687
401.177 123.392
780.859 310.099
593.327 201.119
874.016 30.4159
898.681 382.323
898.681 382.323
914.15 58.0449
454.301 210.869
900.945 430.077
738.627 355.048
738.627 355.048
458.018 581.095
924.673 340.628
456.161 202.677
375.065 429.517
811.506 515.853
524.206 66.9428
881.845 244.312
386.987 34.1016
530.665 350.787
530.665 350.787
610.94 172.831
610.94 172.831
457.019 358.787
920.474 449.434
640.45 120.403
640.45 120.403
640.45 120.403
218.971 161.055
218.971 161.055
493.013 595.54
493.013 595.54
445.603 202.84
704.294 282.892
571.334 75.5638
792.834 651.998
583.805 80.4132
670.642 477.931
427.837 66.9236
267.408 571.386
267.408 571.386
450.886 213.116
443.493 359.658
599.493 294.942
791.722 270.063
791.722 270.063
437.002 204.66
302.407 155.795
535.518 41.3718
741.317 182.817
915.772 583.144
588.055 145.829
867.116 83.1104
354.604 299.973
354.604 299.973
513.889 50.2591
226.916 199.084
694.393 157.642
271.957 483.18
275.263 43.6445
275.263 43.6445
630.998 467.187
630.998 467.187
641.265 446.478
919.607 548.963
455.314 324.298
779.798 51.7197
776.386 483.465
776.386 483.465
382.975 402.926
788.491 14.9832
624.031 66.4806
674.991 439.066
858.958 586.847
834.944 589.065
361.454 219.867
502.344 471.59
643.81 226.851
692.326 28.5829
565.491 34.4116
565.491 34.4116
572.154 540.983
572.154 540.983
427.128 30.7749
912.599 204.612
790.671 86.1575
843.502 263.549
704.638 538.298
417.161 90.0059
241.665 336.425
709.002 144.928
553.813 79.5874
43.061 59.2033
43.061 59.2033
904.868 188.869
617.304 393.564
569.857 117.35
399.148 189.189
234.297 131.622
435.843 21.0006
385.063 408.351
431.203 545.167
431.203 545.167
277.89 101.604
890.766 437.623
554.638 417.461
554.638 417.461
348.573 99.8097
524.943 594.804
461.126 384.531
461.126 384.531
911.967 70.4191
520.02 327.716
7.00191 102.002
894.237 148.427
815.156 514.556
889.375 139.486
570.474 468.849
502.436 349.291
563.231 566.349
563.231 566.349
922.946 355.806
682.542 536.727
355.068 11.1801
376.176 498.635
419.785 88.4802
461.53 484.682
461.53 484.682
235.351 224.317
444.254 218.651
896.194 58.7965
904.238 337.03
489.347 363.738
54.0757 569.7
876.858 62.3333
897.884 584.367
897.884 584.367
338.037 329.212
259.959 187.143
259.959 187.143
707.891 106.837
73.1705 93.7107
761.518 196.479
434.643 227.991
908.896 306.972
426.977 254.426
495.356 537.217
469.981 493.264
452.961 399.3
452.961 399.3
454.831 396.268
454.831 396.268
709.639 352.633
709.639 352.633
751.876 517.007
266.104 115.478
410.567 465.866
10.3069 23.7271
799.464 511.812
223.295 644.022
894.914 416.744
404.982 381.98
890.541 314.715
852.441 92.052
717.832 513.854
722.786 304.5
709.116 115.421
712.905 247.475
49.8851 60.8975
907.555 414.108
522.904 93.0711
905.007 117.438
528.983 572.469
528.983 572.469
840.225 264.776
572.39 417.77
457.575 487.125
618.16 15.2135
412.658 28.3619
425.211 406.019
221.077 235.021
221.077 235.021
894.353 443.894
905.415 198.019
642.205 346.515
642.205 346.515
147.351 521.917
757.329 21.7273
441.952 469.865
276.955 163.529
905.479 60.4368
905.479 60.4368
496.004 289.964
230.296 227.888
345.094 416.58
345.094 416.58
448.166 188.852
448.166 188.852
234.483 114.15
875.423 15.9959
72.2738 69.4064
383.05 391.951
241.426 314.954
615.313 231.535
746.395 205.207
344.495 588.683
313.524 280.814
898.835 603.147
363.479 427.678
363.479 427.678
350.43 73.0582
901.353 93.6814
606.041 308.602
449.854 406.67
771.673 285.112
405.251 270.428
405.251 270.428
450.045 409.334
724.998 134.115
554.554 143.408
554.554 143.408
315.965 177.89
823.039 67.4827
753.899 74.9808
753.899 74.9808
841.972 544.58
872.356 161.581
872.356 161.581
690.713 406.437
358.496 414.49
358.496 414.49
537.707 401.312
804.664 21.9393
899.053 123.293
285.474 464.035
689.598 514.869
689.598 514.869
904.404 186.028
613.223 67.1449
486.087 52.0877
669.815 181.36
669.815 181.36
775.01 412.364
430.342 562.467
859.775 209.246
885.626 262.088
435.079 31.4316
895.532 455.985
356.042 48.5904
356.042 48.5904
710.963 478.372
299.18 470.07
221.761 357.455
278.916 478.873
791.718 538.982
232.612 195.89
232.612 195.89
914.968 278.05
399.776 547.429
399.776 547.429
485.734 290.416
658.907 377.848
883.061 86.8476
647.228 475.834
647.228 475.834
663.626 135.01
69.1571 66.0688
683.025 63.4105
925.383 625.826
387.01 467.451
404.84 81.1462
374.605 395.171
311.461 236.043
150.478 461.419
549.638 582.126
900.321 140.141
587.101 179.866
747.761 389.531
849.209 338.386
149.77 472.73
787.141 286.533
348.572 345.41
908.173 63.0008
908.173 63.0008
559.003 37.4854
559.003 37.4854
508.334 504.72
446.125 396.592
446.125 396.592
721.383 94.4443
721.383 94.4443
248.725 355.511
248.725 355.511
509.317 12.9403
928.431 615.023
928.431 615.023
304.378 242.327
919.266 344.332
895.682 332.08
718.688 116.674
668.827 159.81
406.709 79.5402
311.962 228.559
311.962 228.559
46.4782 7.64523
451.844 235.978
867.065 186.449
867.065 186.449
925.594 322.883
925.594 322.883
924.892 353.579
332.676 548.182
332.676 548.182
673.252 11.7074
673.252 11.7074
867.643 89.2234
532.287 483.449
306.041 118.437
858.632 195.109
900.943 330.042
687.181 215.615
453.16 347.3
76.7091 16.595
76.7091 16.595
456.47 219.262
882.105 563.562
901.831 186.494
743.542 132.064
500.982 190.992
500.982 190.992
880.009 485.138
337.899 560.697
554.008 140.434
836.652 510.929
906.495 384.426
593.63 487.293
779.018 268.359
779.018 268.359
544.266 185.342
889.107 402.291
236.26 272.371
583.099 601.53
578.327 73.7766
271.071 114.115
883.471 202.129
864.489 188.381
725.775 100.131
772.704 485.129
664.924 480.46
664.924 480.46
608.636 72.5031
594.009 265.594
594.009 265.594
446.257 546.564
635.507 416.459
678.474 632.299
678.474 632.299
825.463 591.236
777.778 348.758
259.949 246.204
841.521 402.597
564.498 239.91
722.886 246.523
722.886 246.523
764.807 172.485
667.296 478.452
435.883 417.21
274.644 161.372
274.644 161.372
668.775 220.85
504.645 44.7932
504.645 44.7932
69.3983 39.9463
676.736 504.032
257.319 614.848
803.583 482.647
670.108 414.3
77.7234 554.484
923.678 388.847
875.018 475.556
460.101 65.9897
458.224 361.391
458.224 361.391
713.153 37.4079
233.82 358.688
233.82 358.688
595.085 20.9409
452.036 193.912
902.323 71.8416
694.379 591.343
540.764 162.09
882.658 195.018
599.963 289.972
656.489 4.56499
329.798 186.383
880.333 560.139
912.061 255.885
266.385 85.4216
909.188 386.5
335.641 549.712
418.093 100.897
418.093 100.897
760.739 91.4375
760.739 91.4375
573.015 179.177
573.015 179.177
418.721 78.5529
418.721 78.5529
86.3998 582.488
683.329 35.3003
683.329 35.3003
663.48 456.319
461.462 445.546
343.289 443.729
420.452 402.784
440.643 206.324
282.175 140.928
899.546 72.4516
429.337 192.792
429.337 192.792
500.965 603.237
669.003 388.672
483.728 102.892
483.728 102.892
396.215 65.4912
877.116 388.802
727.579 25.6691
727.579 25.6691
706.372 247.053
336.254 213.556
676.424 348.987
269.944 87.5507
266.717 234.875
288.034 109.946
887.069 354.983
908.531 90.9154
908.531 90.9154
610.715 478.435
858.467 198.927
284.06 548.821
284.06 548.821
284.06 548.821
706.336 355.271
790.548 117.994
631.562 320.079
773.904 588.578
741.936 437.553
549.558 133.511
549.558 133.511
924.153 395.221
924.153 395.221
909.985 337.149
448.341 549.316
487.025 550.356
881.845 249.986
758.182 562.274
896.991 72.4747
701.71 213.622
873.696 376.257
619.516 227.685
619.516 227.685
394.36 335.113
618.219 182.468
618.219 182.468
906.905 130.01
881.994 145.019
366.273 223.497
431.594 52.383
431.594 52.383
542.404 537.76
542.404 537.76
234.004 270.608
234.004 270.608
308.917 256.534
875.576 49.3043
909.195 58.8256
744.464 419.856
851.511 237.942
851.511 237.942
666.507 149.601
