3305
511.871 606.757
609.884 86.7789
665.556 244.184
578.569 55.8975
578.569 55.8975
991.942 34.7295
612.75 217.111
311.209 223.679
454.489 355.582
425.371 233.231
42.0279 467.498
639.678 512.307
385.267 482.108
385.267 482.108
614.17 562.435
477.992 240.881
53.3064 186.307
515.75 485.782
515.75 485.782
308.523 147.218
455.292 320.501
455.292 320.501
562.881 22.2178
963.474 28.9659
484.047 121.377
484.047 121.377
515.684 182.127
639.078 468.356
986.333 253.667
388.786 186.455
388.786 186.455
477.774 303.005
535.573 576.555
714.224 466.823
579.319 126.523
579.319 126.523
57.0208 34.1969
516.498 150.048
42.7481 388.664
418.66 123.358
385.465 155.195
223.045 557.163
223.045 557.163
534.161 207.248
365.64 136.725
642.732 210.457
656.316 537.782
963.138 280.431
641.604 210.55
603.74 49.4022
550.605 120.518
559.058 81.674
586.19 326.993
622.098 195.077
52.6188 72.2258
614.554 159.447
207.362 542.324
207.362 542.324
196.843 457.366
960.006 192.87
406.889 233.049
406.889 233.049
638.463 564.38
987.532 288.435
543.709 231.312
543.709 231.312
543.709 231.312
955.925 533.273
75.9851 515.876
591.333 309.295
56.1651 515.836
332.621 331.195
954.072 560.321
954.072 560.321
954.072 560.321
123.257 146.51
50.6688 88.4663
498.134 594.738
930.483 561.02
669.246 367.524
446.106 10.0087
612.837 494.85
612.837 494.85
191.193 527.401
817.253 339.418
817.253 339.418
126.385 362.686
180.25 329.226
983.638 41.1816
47.4996 149.311
689.13 541.556
652.919 273.43
709.93 542.41
709.93 542.41
212.396 329.157
212.396 329.157
460.226 214.251
460.226 214.251
460.226 214.251
32.6023 467.547
212.012 11.9343
469.372 273.986
454.536 298.747
454.536 298.747
332.262 84.0762
445.567 241.692
946.08 219.478
734.541 498.581
453.697 155.49
214.542 259.999
486.177 452.107
528.035 452.99
528.035 452.99
122.353 377.202
291.817 213.084
360.689 125.774
360.689 125.774
586.053 252.528
586.053 252.528
509.107 452.647
509.107 452.647
363.482 213.123
363.482 213.123
398.648 627.798
398.648 627.798
42.1154 254.692
121.726 395.797
121.726 395.797
121.726 395.797
974.016 188.151
36.0179 443.487
433.166 451.622
470.556 451.931
597.375 138.275
46.6623 137.922
278.04 228.983
250.772 353.618
250.772 353.618
977.462 255.214
383.875 450.64
383.875 450.64
945.199 127.708
28.2513 485.934
534.659 117.577
604.282 192.015
268.587 426.289
301.169 54.0635
29.7071 340.676
961.848 93.5652
997.817 243.862
560.606 430.043
717.741 14.5074
717.741 14.5074
678.572 374.149
418.941 451.732
577.888 29.3338
295.64 348.107
948.786 267.859
948.786 267.859
50.2874 56.065
454.669 142.864
439.954 309.914
763.287 265.716
763.287 265.716
625.478 568.097
716.244 251.898
363.901 356.063
946.444 356.531
627.367 344.85
670.613 390.346
941.352 553.756
941.352 553.756
35.2718 443.679
451.146 283.346
451.146 283.346
557.592 207.199
956.815 567.539
956.815 567.539
525.636 81.7217
525.636 81.7217
369.944 232.704
740.53 125.686
763.071 59.5829
633.429 114.274
411.798 214.333
842.479 262.921
456.006 276
689.76 310.516
851.59 390.977
440.503 310.272
763.909 265.225
717.193 14.1355
578.999 452.555
958.473 459.034
983.413 572.009
983.413 572.009
959.213 109.756
600.989 200.916
567.336 118.599
974.57 186.736
422.774 54.6311
661.419 405.98
500.674 110.489
445.709 53.0325
46.2528 123.855
532.249 228.127
959.375 94.8779
399.79 56.171
295.956 450.457
295.956 450.457
631.538 221.255
464.486 263.104
826.34 509.484
665.987 280.403
665.987 280.403
317.102 211.495
719.664 378.609
882.01 337.544
239.335 364.139
239.335 364.139
942.845 567.594
942.845 567.594
491.639 50.1034
961.961 274.988
829.415 424.97
126.773 241.32
126.773 241.32
948.03 95.1816
491.583 114.197
748.436 509.133
365.46 626.929
482.852 44.9671
482.852 44.9671
1016.27 395.944
448.071 315.88
65.712 504.691
29.7665 384.599
46.8987 98.9451
399.14 619.219
985.123 240.836
985.123 240.836
734.518 508
349.646 130.29
329.897 66.8364
818.094 222.733
818.094 222.733
241.077 315.776
612.645 146.382
337.878 140.238
327.587 165.362
170.246 311.304
308.872 205.561
176.798 332.885
592.662 154.123
592.662 154.123
601.194 160.115
339.644 47.409
316.937 203.265
667.162 101.056
969.752 530.903
776.687 389.867
1016.72 427.39
420.322 210.986
245.219 572.769
450.326 397.019
999.266 253.961
710.638 410.381
449.434 25.1074
241.585 256.26
808.765 191.861
375.214 57.1871
705.005 328.306
491.73 210.135
961.602 262.192
35.1032 401.701
24.8616 512.779
954.798 123.47
655.815 397.218
592.864 329.94
371.552 124.749
592.438 452.079
422.848 339.645
422.848 339.645
1017.43 416.796
975.732 557.23
476.956 351.969
634.166 561.259
290.994 411.003
173.165 274.993
645.772 236.264
528.102 585.148
450.729 405.063
220.63 395.116
430.042 234.099
383.673 56.1162
209.407 556.493
225.307 571.765
976.064 60.4799
738.633 263.705
840.114 445.347
34.1885 423.922
802.897 413.712
978.065 293.081
799.366 499.647
733.568 545.009
249.846 395.499
712.204 471.392
712.204 471.392
459.801 254.149
976.889 243.445
821.529 502.174
95.1484 461.743
740.965 257.215
636.205 11.1435
636.205 11.1435
962.409 524.114
429.903 321.551
984.731 580.254
203.238 424.351
410.216 117.397
410.216 117.397
995.38 292.421
986.004 262.442
789.746 407.534
501.167 119.516
463.426 235.409
642.6 409.927
237.871 577.117
450.904 342.68
514.816 259.235
325.47 72.0769
491.05 462.118
375.972 153.098
604.561 114.851
871.628 506.973
213.764 543.508
1011 181.356
968.428 237.031
968.428 237.031
36.3533 358.959
450.998 263.103
1010.85 328.383
738.11 291.544
758.931 385.827
765.744 396.976
765.744 396.976
720.863 296.383
720.863 296.383
24.1224 503.908
440.031 223.038
525.168 490.854
629.778 403.12
629.778 403.12
962.879 292.754
843.184 389.251
95.3402 193.299
126.401 386.748
126.401 386.748
921.734 568.795
515.014 490.936
136.169 55.5158
220.156 410.067
220.297 125.545
692.017 348.076
790.227 413.632
367.89 372.854
637.18 230.768
962.38 466.892
639.51 239.719
182.302 528.945
976.215 354.149
982.111 57.3573
578.279 397.031
578.279 397.031
956.361 297.802
389.233 261.57
464.908 223.964
961.674 304.246
961.674 304.246
667.514 398.396
670.244 373.352
963.425 572.397
492.096 330.701
710.949 161.947
463.016 244.781
502.091 412.764
524.584 480.01
498.758 213.022
982.749 286.165
982.749 286.165
78.9566 511.165
973.05 420.788
210.532 446.799
836.866 17.9341
982.767 99.7048
517.645 584.724
523.507 7.01094
959.929 360.192
959.929 360.192
976.905 85.3807
744.885 303.141
971.281 359.01
48.7267 36.299
332.415 532.991
961.506 232.961
839.498 337.6
969.232 296.897
960.254 179.837
960.254 179.837
966.529 217.996
966.529 217.996
1004.09 236.244
1004.09 236.244
274.644 401.354
274.644 401.354
662.968 393.238
972.037 524.181
759.116 277.796
759.116 277.796
513.312 591.028
380.475 91.323
264.654 401.38
264.654 401.38
943.876 164.381
820.18 333.467
524.246 113.664
987.36 296.751
407.236 402.201
34.3498 454.15
981.105 10.3492
565.543 409.241
133.565 366.113
477.598 190.26
446.706 5.0825
446.706 5.0825
556.152 396.799
556.152 396.799
697.827 327.57
309.686 46.7317
309.686 46.7317
433.359 191.384
894.99 514.769
949.779 419.863
645.168 565.108
91.668 494.121
91.668 494.121
214.878 25.0745
214.878 25.0745
545.294 18.5422
508.44 27.6262
508.44 27.6262
81.8668 499.207
110.971 528.098
466.913 427.099
466.913 427.099
426.096 200.854
426.096 200.854
426.096 200.854
550.299 34.4803
952.433 516.808
31.7984 341.617
879.096 518.892
853.976 506.086
506.077 248.358
506.077 248.358
747.605 387.068
747.605 387.068
235.838 417.463
429.584 52.2762
1017.06 213.382
878.772 271.781
943.937 139.482
732.745 301.899
793.142 377.181
59.3154 526.289
945.974 196.03
773.95 494.449
773.95 494.449
965.025 396.154
948.006 114.17
846.866 516.922
799.526 376.968
762.103 379.882
1017.42 42.8481
613.073 483.162
1004.03 365.366
524.931 468.2
459.145 34.9058
704.759 404.139
390.471 255.764
467.189 184.346
239.2 271.819
405.748 132.673
405.748 132.673
785.705 122.067
1016.77 21.7882
1016.77 21.7882
440.733 88.2186
455.473 182.718
1004.69 427.459
993.514 285.508
693.353 365.843
976.186 570.94
443.905 326.567
198.06 266.675
680.091 132.254
680.091 132.254
404.174 454.676
633.098 460.184
954.978 238.647
878.826 281.544
556.721 456.021
953.785 355.14
940.964 72.6007
927.031 551.331
323.299 425.256
323.299 425.256
440.398 36.3388
435.128 343.735
670.295 469.937
484.335 85.8301
395.588 151.319
395.588 151.319
348.925 396.845
733.488 296.561
26.053 495.225
559.77 114.143
394.576 119.144
394.576 119.144
958.207 203.77
958.207 203.77
1011.02 390.696
1011.02 390.696
608.428 462.971
859.394 475.027
995.661 206.095
775.372 96.029
775.372 96.029
474.35 345.601
953.108 180.199
953.108 180.199
848.35 123.991
502.809 590.924
49.1291 14.4061
957.841 512.149
320.722 55.4657
184.917 88.664
443.897 185.221
443.897 185.221
36.2108 345.85
987.796 280.679
496.068 356.907
369.854 110.703
533.204 6.84822
228.218 446.107
963.773 334.818
359.368 12.4677
410.489 357.202
485.386 199.13
522.049 84.1482
187.439 282.375
790.023 450.114
790.023 450.114
950.46 429.667
639.011 61.9956
639.011 61.9956
201.8 454.012
506.906 259.335
506.906 259.335
759.68 428.112
951.232 52.1672
253.25 161.13
500.833 427.252
971.133 399.451
1000.35 329.441
416.665 37.9862
845.651 136.42
685.706 79.5434
1006.22 205.058
1006.22 205.058
983.332 462.199
733.654 447.938
712.318 461.779
121.396 382.839
121.396 382.839
634.242 548.061
802.161 158.988
593.039 539.82
961.383 507.836
114.263 130.314
114.263 130.314
380.694 251.832
518.661 468.057
1003.71 171.856
962.136 421.26
953.529 342.296
841.95 127.142
762.429 437.814
576.767 413.178
871.08 384.227
871.08 384.227
848.711 544.241
848.711 544.241
916.903 505.76
779.89 492.038
254.006 390.14
984.415 251.36
726.697 259.801
726.697 259.801
772.741 256.91
772.741 256.91
708.09 129.067
708.09 129.067
640.226 167.253
640.226 167.253
527.729 122.737
807.896 262.761
984.156 302.402
188.03 26.16
29.7708 418.958
689.664 75.957
689.664 75.957
1010 368.176
962.069 174.379
516.08 253.716
198.404 240.216
198.404 240.216
1002.89 302.964
760.796 99.8944
890.87 351.545
890.87 351.545
920.944 327.881
966.078 329.864
966.078 329.864
972.211 232.671
972.211 232.671
444.489 331.972
732.469 461.913
145.602 116.675
874.596 380.086
286.692 23.1914
383.499 455.309
966.955 257.171
807.578 511.217
492.307 85.6004
980.145 233.096
1012.16 171.253
592.222 46.2904
959.287 390.977
397.941 142.653
213.154 264.054
151.645 5.26261
841.136 517.843
727.411 292.649
353.338 33.6373
960.755 213.197
181.776 464.033
845.594 451.353
967.137 390.884
967.137 390.884
733.763 452.823
968.034 251.403
599.671 309.3
254.74 132.107
872.986 293.84
959.449 338.325
537.402 93.2268
537.402 93.2268
541.975 466.917
638.305 455.862
815.3 228.657
533.834 79.3528
968.085 290.981
453.583 322.638
453.583 322.638
453.583 322.638
514.477 126.023
660.851 74.8594
190.096 436.409
190.096 436.409
29.0268 437.144
401.056 171.404
769.419 490.542
731.28 162.259
973.012 286.514
1012.3 422.192
969.801 338.125
969.801 338.125
316.125 582.321
527.75 259.266
527.75 259.266
148.194 387.044
489.079 335.453
981.619 47.6557
962.437 478.063
539.907 378.078
957.447 329.855
724.385 470.45
971.838 232.98
971.838 232.98
529.671 485.332
596.635 68.2707
547.609 39.4935
376.035 50.9055
402.598 9.55321
948.443 354.64
983.044 466.995
1010.35 430.589
313.364 165.459
313.364 165.459
510.631 6.69656
845.941 446.089
845.941 446.089
769.55 490.562
765.529 289.003
814.056 12.9275
130.206 371.196
592.424 46.5278
789.032 293.449
542.055 466.691
981.592 47.9036
30.0506 419.154
518.485 467.666
514.759 126.018
970.861 398.557
783.327 502.833
966.898 409.513
972.063 237.929
458.089 309.487
560.355 113.611
560.355 113.611
952.44 315.314
562.32 44.6568
918.623 332.485
961.252 487.366
961.252 487.366
318.132 60.1492
1002.05 391.642
762.015 67.9387
762.015 67.9387
953.598 208.769
537.191 17.2797
198.025 529.891
181.891 463.733
950.406 437.762
549.061 514.779
578.085 325.942
144.786 191.114
131.146 399.747
420.539 33.4192
1005.04 562.675
387.945 119.131
948.949 134.578
941.459 65.1288
587.092 277.449
356.76 629.54
980.509 233.264
482.064 34.027
955.181 550.188
541.698 484.373
949.112 140.479
541.513 217.799
128.11 365.421
586.782 242.078
213.354 264.376
157.761 390.271
157.761 390.271
328.946 114.472
33.0777 430.695
472.352 411.017
399.932 91.0755
206.82 530.051
373.201 160.854
89.096 245.807
770.925 71.2217
719.619 335.684
163.874 189.336
336.106 254.863
771.074 513.294
751.851 442.458
751.851 442.458
543.585 88.8613
632.998 451.343
941.44 52.5083
164.696 26.2778
548.531 222.205
743.008 118.477
751.202 27.1182
969.661 337.54
654.026 75.0992
243.685 84.8232
243.685 84.8232
1020.7 194.005
493.212 222.422
962.334 478.376
455.073 3.0581
767.501 130.673
967.179 418.313
851.859 141.631
785.382 16.8517
593.212 480.045
372.253 101.513
113.593 372.043
511.871 36.5493
709.342 166.901
839.295 259.724
1005.63 254.913
1005.63 254.913
958.756 555.398
383.116 20.0217
457.006 448.541
597.903 479.591
976.762 548.55
976.762 548.55
950.617 447.122
371.071 21.3573
979.202 282.485
749.403 354.123
202.435 396.465
742.735 539.064
1020.97 209.127
499.549 160.498
679.437 108.102
795.023 258.665
724.002 101.819
619.812 477.735
445.149 33.2635
445.149 33.2635
688.198 172.274
664.074 387.318
229.498 458.181
534.622 128.34
534.622 128.34
88.4895 106.261
88.4895 106.261
731.321 506.229
264.972 187.048
596.918 48.7078
1017.3 333.589
820.568 477.725
552.065 5.12449
865.183 226.403
675.049 354.264
580.638 115.406
589.099 113.559
883.268 120.959
430.96 37.3331
209.43 29.4607
389.97 27.692
185.179 387.271
959.464 268.837
537.132 221.385
412.642 221.397
279.509 19.9394
516.791 221.802
779.566 501.71
710.07 209.62
861.394 194.214
539.279 590.419
216.938 549.711
1006.19 242.97
945.621 214.935
571.802 92.0048
986.07 364.504
785.887 194.497
785.887 194.497
964.896 466.811
964.896 466.811
128.586 210.456
757.339 492.44
789.876 51.1425
782.503 507.128
402.784 127.516
636.172 543.142
93.3089 106.222
93.3089 106.222
280.326 81.7817
611.25 61.2777
415.186 349.367
965.442 471.06
804.828 258.821
982.34 560.926
324.968 64.4565
948.393 4.79933
702.284 412.622
958.622 166.082
538.799 118.366
521.208 134.025
951.066 456.69
960.611 208.483
523.161 362.652
523.161 362.652
954.672 418.589
997.485 333.887
385.913 318.55
385.913 318.55
418.886 225.491
1002.13 259.102
136.327 210.509
622.316 539.402
501.579 85.6306
469.761 34.7776
526.383 576.731
526.383 576.731
451.002 332.788
307.464 135.284
166.788 184.91
113.777 401.105
1000.3 183.521
1000.3 183.521
365.505 270.796
450.887 327.648
338.571 78.5785
22.778 478.67
642.576 128.066
642.576 128.066
761.451 515.101
1011.51 298.133
589.381 301.848
516.03 121.583
516.03 121.583
954.751 433.113
264.947 580.046
7.87017 533.315
861.449 334.094
688.771 277.329
834.487 54.8874
534.184 89.0511
954.853 199.054
954.853 199.054
759.149 57.337
785.78 382.935
785.78 382.935
362.002 354.935
362.002 354.935
595.972 415.426
1013.18 163.323
391.83 138.846
26.0684 481.078
89.6557 506.608
428.795 196.062
428.795 196.062
976.598 417.284
976.598 417.284
956.582 272.896
781.561 221.818
781.561 221.818
710.197 198.328
310.849 77.2927
757.67 353.736
408.355 224.83
251.507 406.381
809.333 172.331
809.333 172.331
875.535 196.546
410.701 624.045
506.132 249.709
517.934 113.723
517.934 113.723
1020.56 89.1132
879.494 333.526
963.147 425.838
857.877 295.95
857.877 295.95
108.816 127.704
108.816 127.704
881.14 325.494
955.635 468.327
824.342 69.229
824.342 69.229
750.994 482.071
287.095 461.965
207.362 322.021
954.506 248.42
499.786 46.7953
375.431 129.372
362.094 455.313
520.967 414.431
549.158 483.953
87.0449 7.2945
779.119 39.4812
779.119 39.4812
708.223 228.751
342.289 103.408
342.289 103.408
342.289 103.408
507.659 222.112
1004.63 326.396
1004.63 326.396
258.358 409.356
391.316 225.249
335.169 110.113
466.036 332.879
852.714 442.507
269.178 226.313
161.061 274.25
190.117 131.925
190.117 131.925
1020.31 63.2336
1020.31 63.2336
762.449 423.683
810.325 69.5964
799.596 450.172
948.132 320.915
333.941 583.405
438.07 187.952
768.432 162.137
962.044 223.996
120.543 108.81
120.543 108.81
120.543 108.81
98.4345 6.07539
779.907 370.55
221.769 556.194
221.769 556.194
397.383 127.607
803.364 87.5199
803.364 87.5199
981.385 54.9267
461.869 329.065
461.869 329.065
475.101 87.2117
150.494 317.61
438.761 410.179
597.929 53.7822
628.832 543.621
628.832 543.621
299.836 346.744
299.836 346.744
950.164 102.065
950.164 102.065
345.961 13.8769
948.791 44.9228
747.884 500.601
747.884 500.601
149.315 529.326
149.315 529.326
712.561 59.9607
426.249 89.8073
501.603 127.763
501.603 127.763
882.332 225.076
1019.85 53.6726
842.05 414.948
947.46 304.991
284.735 64.3141
225.91 331.206
396.41 306.027
881.132 449.086
823.041 345.103
302.199 63.8896
302.199 63.8896
779.504 193.115
882.606 268.246
826.543 336.15
366.187 226.072
1002.96 163.364
651.318 79.7017
247.298 567.403
988.89 233.172
195.444 434.359
78.338 505.665
290.335 148.197
508.625 134.714
271.958 250.252
739.802 412.054
831.015 123.611
361.847 223.189
781.315 217.57
612.837 478.534
782.824 253.896
517.591 362.686
439.402 348.21
934.336 551.821
570.615 411.48
676.653 111.852
300.168 67.5795
386.059 126.11
386.059 126.11
574.227 319.704
1005.61 388.686
1010.23 359.982
1010.23 359.982
804.632 120.562
804.632 120.562
951.368 293.874
945.462 51.165
330.672 302.504
616.837 562.468
616.837 562.468
226.213 131.542
226.213 131.542
596.746 48.4966
897.817 377.771
884.808 335.538
350.077 52.6174
846.62 508.324
888.548 343.42
888.548 343.42
264.538 122.55
920.808 416.141
696.669 77.8122
297.49 185.541
715.567 300.365
649.578 433.77
738.991 245.844
738.991 245.844
993.983 298.526
796.512 475.984
788.67 87.6231
884.536 340.561
167.732 55.274
960.967 498.74
425.822 333.37
384.137 446.876
384.137 446.876
1020.38 80.7075
189.833 92.5428
192.79 380.538
785.78 126.505
596.828 87.089
596.828 87.089
319.032 462.521
946.107 89.5552
301.072 79.1164
660.548 412.832
546.543 410.963
835.508 50.5926
835.508 50.5926
945.2 42.8403
345.768 85.2626
946.944 256.575
711.274 13.5612
674.173 22.6985
482.461 441.115
877.409 290.865
877.409 290.865
207.974 25.7462
207.974 25.7462
334.401 281.987
334.401 281.987
979.53 299.137
605.725 153.643
157.95 340.837
626.872 539.221
954.887 290.198
903.089 88.1656
819.558 473.401
390.872 633.117
878.262 10.285
806.753 506.5
369.156 463.686
831.138 47.2965
811.805 47.6625
578.054 303.151
462.069 340.872
954.302 268.587
954.302 268.587
155.721 190.406
80.9027 110.045
757.769 357.459
1020.36 70.8914
541.974 10.8485
673.603 219.173
422.498 205.876
793.046 296.657
948.711 329.753
629.46 24.0355
627.848 75.9134
477.985 341.54
970.087 261.088
862.712 381.869
570.066 431.894
42.9985 521.268
156.546 154.56
156.546 154.56
893.749 519.961
822.329 89.9644
822.329 89.9644
703.25 304.988
703.25 304.988
1005.66 388.823
1005.66 388.823
977.045 16.7902
25.0532 489.558
512.69 362.508
868.754 333.195
710.387 96.6195
710.387 96.6195
738.729 227.829
406.159 113.166
256.451 210.716
774.962 279.901
774.962 279.901
225.766 135.418
239.074 536.803
890.918 46.813
780.767 260.797
338.164 302.132
338.164 302.132
869.605 192.602
869.605 192.602
653.814 126.134
643.462 548.498
836.35 509.783
554.066 222.924
76.8547 415.236
779.407 17.8163
621.34 560.902
621.34 560.902
902.928 88.058
833.803 512.749
449.271 183.839
449.271 183.839
826.925 349.34
430.001 332.988
147.887 494.607
970.241 242.108
941.076 16.909
947.636 269.492
395.032 586.537
868.438 11.3326
848.65 468.325
848.65 468.325
662.542 159.393
635.48 427.672
957.484 169.973
128.171 382.427
957.696 425.741
658.007 399.36
390.287 127.874
390.287 127.874
570.518 19.0768
946.459 117.426
891.002 46.7867
891.002 46.7867
468.176 346.477
43.1573 132.575
270.866 231.071
39.9263 135.116
702.587 568.604
531.914 591.446
746.003 376.291
746.003 376.291
35.6391 243.372
345.487 328.286
371.021 150.59
125.154 508.532
889.132 82.3573
952.194 170.103
168.181 363.794
809.054 84.945
809.054 84.945
193.353 318.478
279.451 454.314
881.452 292.996
881.452 292.996
881.452 292.996
972.227 334.011
236.546 459.166
198.916 335.202
628.689 468.525
956.218 107.434
145.341 436.329
442.637 50.1653
683.153 58.5778
780.356 102.183
127.774 391.177
458.077 342.125
324.307 64.2248
520.492 12.1272
505.213 123.494
259.968 290.877
739.639 122.09
739.639 122.09
712.406 409.586
266.636 118.945
851.885 135.096
571.141 9.21007
836.352 433.12
836.352 433.12
482.921 335.329
482.921 335.329
450.321 88.7434
728.866 379.648
728.866 379.648
815.808 261.937
777.156 505.019
693.019 22.0521
270.525 406.048
865.97 222.621
324.363 306.352
382.784 571.103
382.784 571.103
800.027 509.526
854.949 194.316
808.996 51.2286
808.996 51.2286
162.499 30.107
731.425 259.076
558.502 354.612
1006.73 465.016
1006.73 465.016
392.611 464.145
726.646 418.103
248.441 460.654
774.196 371.808
467.392 281.829
508.039 346.924
508.039 346.924
968.987 306.88
769.518 371.866
712.042 76.9637
712.042 76.9637
926.319 572.168
585.499 299.543
1000.97 203.379
690.292 269.969
742.602 297.433
506.179 591.484
685.098 195.712
685.098 195.712
965.72 346.847
785.608 91.6395
123.203 62.7136
829.707 220.083
535.661 107.354
535.661 107.354
807.37 100.761
499.153 124.116
499.153 124.116
192.979 336.336
831.555 255.104
831.555 255.104
134.462 245.571
812.393 507.674
812.393 507.674
944.84 171.273
759.826 171.696
786.444 80.6869
694.16 351.562
694.16 351.562
640.085 56.4517
640.085 56.4517
100.477 489.508
876.396 50.3755
876.396 50.3755
910.369 472.446
910.369 472.446
461.36 182.959
461.36 182.959
773.403 375.44
826.535 295.685
826.535 295.685
309.028 139.162
945.173 179.906
847.789 512.193
824.971 127.073
775.33 411.772
775.33 411.772
512.586 411.468
791.439 506.464
202.499 242.054
321.513 454.958
958.136 242.719
947.927 365.85
947.927 365.85
574.421 310.464
264.321 569.133
264.321 569.133
126.487 272.488
126.487 272.488
126.487 272.488
951.374 304.099
232.173 119.808
500.085 4.5074
500.085 4.5074
188.464 124.706
188.464 124.706
304.794 582.007
110.611 109.532
110.611 109.532
944.807 32.619
604.383 310.996
432.548 153.088
432.548 153.088
960.606 239.158
960.606 239.158
510.136 114.171
321.854 125.016
953.585 392.968
492.71 341.533
440.693 406.07
89.6095 10.9593
89.6095 10.9593
707.298 107.286
659.934 264.704
659.934 264.704
790.379 184.199
790.379 184.199
312.488 137.286
279.796 569.857
279.796 569.857
380.121 139.572
653.894 58.7196
957.335 502.024
624.901 468.844
402.128 36.3559
765.569 14.7279
765.569 14.7279
600.112 304.009
162.524 270.456
984.033 104.707
1006.76 465.121
456.771 334.911
277.056 233.205
277.056 233.205
768.269 271.218
768.269 271.218
720.488 262.475
823.832 238.12
588.588 81.6506
280.896 461.274
400.862 147.164
400.862 147.164
47.2008 521.251
594.407 54.2092
1003.09 333.725
511.619 330.5
511.619 330.5
854.44 125.064
854.44 125.064
432.214 351.571
701.456 572.175
29.2824 460.337
29.2824 460.337
945.771 204.233
868.232 121.296
622.959 553.43
1020.98 217.242
325.148 571.645
325.148 571.645
714.609 385.82
382.077 290.281
454.454 410.114
606.061 120.92
825.672 224.056
783.642 59.2879
783.642 59.2879
527.451 253.551
527.451 253.551
879.546 193.493
825.721 41.0162
295.223 74.7066
295.223 74.7066
770.565 19.4555
770.565 19.4555
474.452 578.331
965.419 357.705
965.419 357.705
676.329 129.881
567.213 555.448
567.213 555.448
370.712 17.2893
332.113 252.632
397.321 53.0414
218.608 338.059
226.954 405.893
268.466 569.4
268.466 569.4
207.875 551.478
489.327 47.0619
647.077 169.6
527.136 288.698
527.136 288.698
982.73 261.11
951.827 117.822
95.9538 109.933
95.9538 109.933
653.726 260.106
653.726 260.106
430.924 576.231
430.924 576.231
847.497 417.644
128.33 382.104
950.83 246.46
173.409 30.2151
201.219 263.645
229.94 559.358
229.94 559.358
771.172 386.703
331.893 12.8683
261.496 118.419
852.153 256.495
651.844 410.878
944.13 251.984
236.292 439.193
236.292 439.193
236.292 439.193
973.619 462.342
404.423 150.268
940.967 11.6904
276.628 226.508
862.011 505.595
753.027 422.657
406.046 120.457
367.794 379.123
206.326 301.959
400.765 347.744
527.22 346.841
951.83 181.971
828.78 14.5138
828.78 14.5138
382.72 128.702
382.72 128.702
570.807 456.317
640.623 131.451
640.623 131.451
251.629 565.451
251.629 565.451
782.43 516.327
530.552 100.488
530.552 100.488
530.552 100.488
597.245 449.443
382.08 348.041
382.08 348.041
141.317 244.673
295.474 46.3582
648.613 62.19
653.238 465.655
303.061 187.873
842.049 330.672
842.049 330.672
958.576 184.572
606.711 124.925
179.976 114.384
66.0137 462.907
805.806 365.336
805.806 365.336
751.594 120.533
228.703 209.596
592.447 313.149
273.23 569.472
273.23 569.472
603.83 319.289
603.83 319.289
354.973 573.118
354.973 573.118
588.863 273.276
666.448 412.463
958.471 223.316
1019.71 579.775
947.316 385.546
397.482 255.649
701.386 103.488
701.386 103.488
241.94 529.891
241.94 529.891
28.4171 464.153
769.712 415.653
966.998 275.101
957.31 387.019
480.958 338.452
480.958 338.452
575.186 70.2675
813.49 121.108
953.372 166.294
969.121 268.425
749.611 357.967
948.336 310.753
102.504 464.074
451.95 336.705
369.404 209.602
330.522 71.4105
925.567 358.575
619.79 529.162
938.153 8.63193
304.129 413.304
973.635 395.243
829.88 11.256
684.997 130.848
325.15 45.2477
934.039 545.781
207.097 375.234
207.097 375.234
959.223 320.472
140.165 187.852
269.545 186.045
286.377 454.63
544.99 13.7962
115.826 420.51
124.806 98.6861
882.152 297.379
882.317 394.448
882.317 394.448
131.421 60.0169
470.046 271.581
600.626 326.408
675.733 202.604
781.111 493.71
781.111 493.71
562.248 456.793
232.233 25.6696
886.409 513.683
773.331 87.0167
242.646 25.3508
932.97 244.538
35.0151 346.008
201.713 390.906
771.916 159.779
440.864 588.618
642.842 431.121
294.312 445.621
941.685 57.2945
164.37 273.648
820.299 225.363
865.13 452.404
202.79 486.986
653.367 122.122
653.367 122.122
753.144 360.922
914.35 511.712
150.957 338.214
510.105 131.037
976.537 261.359
976.537 261.359
947.83 298.096
947.83 298.096
750.798 186.147
613.323 284.674
760.067 53.3959
946.347 262.721
946.347 262.721
962.028 299.938
957.168 395.285
880.653 117.215
703.522 357.919
126.292 101.838
676.496 156.345
805.57 369.655
30.406 391.958
29.8404 437.459
581.536 2.85138
767.828 352.533
884.572 516.908
415.498 148.48
415.498 148.48
963.325 360.52
771.221 412.038
771.221 412.038
755.901 261.891
58.7229 565.441
58.7229 565.441
856.854 502.338
1010.86 302.026
28.5526 506.11
231.517 275.874
779.666 218.829
593.652 299.91
943.966 260.672
464.657 222.48
696.564 272.914
696.564 272.914
156.601 367.539
673.131 78.3687
180.279 56.9005
808.177 66.1389
808.177 66.1389
801.442 103.12
906.303 352.019
886.363 473.242
886.363 473.242
925.426 566.822
312.82 126.187
159.622 525.278
950.308 498.41
367.711 102.07
139.031 358.692
741.354 164.41
563.703 208.932
623.843 436.321
812.148 446.896
964.371 516.367
735.117 502.546
737.67 111.991
737.67 111.991
95.9687 187.96
70.4552 563.4
70.4552 563.4
278.65 109.698
29.3037 521.943
29.3037 521.943
1021.18 228.544
222.161 378.036
532.979 122.29
751.105 410.053
755.789 258.701
630.036 338.399
113.542 63.3861
738.707 333.187
404.684 163.96
492.306 203.256
523.133 9.46853
648.812 230.82
648.812 230.82
648.812 230.82
652.114 502.865
956.417 364.781
243.595 534.658
928.509 248.652
448.239 178.97
762.771 439.311
885.591 442.288
854.879 516.502
555.113 575.983
746.223 72.6747
869.906 124.991
110.062 402.675
690.435 167.889
191.862 344.597
191.862 344.597
581.912 278.06
919.382 422.932
587.452 246.899
79.4911 261.707
752.829 73.5489
866.67 196.615
750.328 413.488
788.374 155.978
949.065 489.424
816.495 491.048
816.495 491.048
780.491 352.249
895.766 82.7257
425.943 576.08
425.943 576.08
945.106 174.812
950.021 387.388
948.651 124.407
948.651 124.407
962.152 257.265
802.467 368.187
152.457 383.395
871.239 189.417
331.914 245.286
652.334 507.086
677.34 199.037
677.34 199.037
389.5 586.376
785.45 509.808
167.986 464.159
167.986 464.159
157.125 270.079
523.477 259.868
523.477 259.868
128.841 420.457
570.281 88.0904
957.916 543.523
486.704 351.26
516.93 344.583
85.8224 109.96
843.464 387.017
804.143 449.536
752.08 474.379
752.08 474.379
56.2924 553.886
59.2298 525.134
456.61 577.454
456.61 577.454
946.869 238.514
437.802 351.651
993.534 252.422
798.421 66.4951
434.222 348.471
434.222 348.471
435.802 184.019
85.7205 188.485
85.7205 188.485
85.7205 188.485
80.448 127.382
80.448 127.382
106.018 140.705
518.423 144.83
152.626 269.334
152.626 269.334
768.958 278.616
768.958 278.616
117.27 457.459
354.49 15.6176
790.855 102.95
176.872 131.71
654.55 424.061
951.685 514.482
756.226 300.094
756.226 300.094
446.371 165.859
446.371 165.859
275.617 427.086
818.139 507.947
818.139 507.947
921.479 557.207
623.725 534.843
488.392 343.536
820.349 522.511
195.447 242.421
752.232 324.7
752.232 324.7
933.26 551.385
733.89 196.106
564.707 430.144
564.707 430.144
520.886 15.9029
771.415 273.175
139.972 340.725
513.96 113.466
513.96 113.466
954.856 305.765
954.856 305.765
883.152 289.268
883.152 289.268
279.311 212.79
441.917 344.793
458.676 321.566
563.824 549.06
1021.2 234.927
868.794 441.953
558.469 427.19
558.469 427.19
526.445 250.459
60.84 189.619
105.677 130.167
373.341 108.296
934.12 366.529
764.85 242.771
534.403 158.091
859.738 450.403
782.973 403.449
164.843 188.575
329.038 285.96
261.137 22.3322
252.06 255.689
447.041 417.512
447.041 417.512
942.57 299.665
522.623 130.591
480.411 578.622
480.411 578.622
180.979 523.453
180.979 523.453
860.222 516.149
837.345 541.669
837.345 541.669
140.565 493.109
998.814 554.965
998.814 554.965
956.486 506.884
428.763 338.011
835.735 425.621
658.629 258.957
188.857 463.307
964.26 242.407
964.26 242.407
236.301 53.0155
864.655 387.615
511.219 539.91
511.219 539.91
969.164 212.133
174.375 423.91
866.477 449.422
830.665 351.38
819.107 156.735
221.958 528.746
221.958 528.746
195.364 297.673
781.917 451.628
781.917 451.628
951.103 399.743
566.922 500.461
566.922 500.461
958.637 466.179
707.875 201.492
834.708 387.053
851.009 51.4084
767.209 154.635
384.989 624.769
950.065 381.474
173.505 134.129
419.41 575.979
419.41 575.979
864.283 155.81
312.875 289.514
945.327 62.7524
505.096 139.809
505.096 139.809
385.845 275.391
385.845 275.391
151.453 415.885
698.536 538.657
142.433 461.141
142.433 461.141
332.635 572.033
332.635 572.033
855.936 121.964
281.626 90.135
281.626 90.135
37.9818 272.508
68.2252 487.835
838.76 430.393
774.967 260.522
84.5655 11.4397
84.5655 11.4397
292.703 77.0303
951.038 286.882
826.806 344.127
764.287 225.538
766.026 355.473
644.63 76.5347
427.028 342.618
802.981 97.362
477.467 151.603
477.467 151.603
395.346 146.811
165.167 132.324
955.802 334.08
801.266 446.667
723.113 350.861
947.675 399.612
174.7 210.832
999.115 271.178
730.892 418.231
737.056 105.498
987.66 285.409
73.8725 463.855
477.789 31.962
805.323 48.867
950.341 158.465
839.388 122.848
830.891 216.528
732.674 126.202
684.5 109.01
803.756 521.502
348.121 321.389
348.121 321.389
950.142 369.404
581.958 571.769
581.958 571.769
882.811 513.845
947.872 31.5134
454.036 33.4708
947.9 403.969
400.224 131.013
83.6549 211.668
865.83 257.441
741.003 26.3709
741.003 26.3709
810.37 473.881
615.949 481.682
615.949 481.682
797.013 15.2522
187.071 441.074
187.071 441.074
689.938 273.34
402.489 139.939
947.851 147.117
761.311 511.026
50.2605 524.854
770.932 122.504
770.932 122.504
950.086 237.792
765.817 259.321
794.96 262.323
766.866 332.166
81.7531 62.4606
162.318 85.821
215.103 506.532
506.405 250.418
651.713 414.523
1003.01 268.218
147.238 418.396
536.997 122.287
175.286 213.777
363.491 573.421
363.491 573.421
511.533 273.578
511.533 273.578
857.826 446.737
857.826 446.737
461.932 178.497
377.653 574.05
377.653 574.05
487.935 204.59
487.935 204.59
789.339 509.392
500.442 30.3843
814.178 420.755
880.828 120.445
880.828 120.445
637.539 192.924
441.269 335.444
757.972 282.405
193.706 25.6618
193.706 25.6618
660.757 167.724
805.282 473.573
885.079 391.589
877.421 376.079
77.6123 267.983
77.6123 267.983
84.4687 102.704
329.547 269.67
329.547 269.67
329.547 269.67
113.854 102.221
720.2 288.998
978.344 286.51
978.344 286.51
694.799 105.229
694.799 105.229
104.49 187.98
456.198 305.701
857.147 151.461
154.898 364.528
84.4918 158.774
733.284 310.03
246.792 538.045
246.792 538.045
944.809 28.4002
658.151 169.596
661.021 141.811
661.021 141.811
967.303 574.324
110.178 270.644
773.216 333.74
180.58 118.181
949.404 345.121
848.65 493.944
848.65 493.944
952.284 202.965
409.097 575.296
973.699 272.243
973.699 272.243
385.386 331.403
194.032 268.199
945.752 210.129
301.918 60.7285
657.992 334.797
103.251 269.727
950.8 504.285
856.076 379.882
752.747 22.34
600.035 580.66
797.628 443.54
797.628 443.54
917.656 547.666
882.417 57.0304
848.652 297.628
782.71 564.324
948.382 36.2711
985.921 107.974
985.921 107.974
273.247 225.806
463.773 577.685
463.773 577.685
669.422 525.238
838.685 126.143
172.599 57.6159
947.442 251.959
1007.76 268.091
942.883 478.675
79.0634 270.921
185.42 460.155
948.457 62.0452
380.453 136.32
556.008 587.935
556.008 587.935
739.985 518.471
418.419 205.046
418.419 205.046
865.837 446.217
865.837 446.217
946.536 228.769
888.506 506.191
888.506 506.191
734.126 230.014
845.353 48.52
845.353 48.52
94.7508 113.016
305.299 324.939
305.299 324.939
644.111 39.0867
990.065 459.114
391.059 342.128
384.245 255.45
841.078 418.594
503.635 145.651
503.635 145.651
941.865 38.3611
288.211 570.243
288.211 570.243
474.827 182.802
760.13 331.936
250.34 134.293
897.983 281.764
906.036 473.622
133.051 84.4289
664.564 262.583
531.891 150.853
531.891 150.853
112.24 137.01
112.24 137.01
646.737 444.5
390.696 345.183
766.893 95.5751
443.264 320.422
317.745 286.017
800.733 188.516
800.733 188.516
604.403 517.11
590.22 133.6
981.539 576.054
508.729 145.149
589.18 582.313
1014.21 568.073
736.276 128.562
341.05 219.587
341.05 219.587
462.022 325.176
749.686 89.6413
753.622 503.894
753.622 503.894
696.938 493.887
301.933 461.402
832.24 475.151
485.264 191.126
824.593 298.651
230.973 28.5626
508.033 398.88
387.962 334.291
387.962 334.291
236.834 413.116
236.834 413.116
17.5112 529.221
800.104 476.152
702.893 538.866
161.13 396.846
401.296 156.215
953.236 575.491
779.321 519.037
284.332 15.5918
169.952 282.566
25.5501 485.246
204.385 333.22
205.95 211.572
668.417 384.991
465.413 589.928
995.111 263.388
995.111 263.388
230.998 212.602
984.629 565.266
10.6507 557.502
10.6507 557.502
882.999 221.733
980.954 108.494
883.371 66.5066
740.059 386.477
193.146 292.362
193.146 292.362
713.606 56.3827
658.122 60.8122
387.047 627.497
387.047 627.497
113.744 564.658
790.447 502.94
753.191 317.858
596.513 569.424
596.513 569.424
89.6873 510.136
256.507 22.8791
895.08 473.865
592.237 511.468
727.907 502.441
727.907 502.441
927.734 150.471
160.943 396.738
304.546 184.468
706.752 382.347
706.752 382.347
921.139 454.063
720.175 105.604
1020.93 432.624
624.345 576.607
995.691 259.967
635.044 408.432
635.044 408.432
356.576 187.816
356.576 187.816
767.484 92.5734
887.544 476.341
381.602 218.435
761.091 416.16
761.091 416.16
761.091 416.16
746.251 490.947
746.251 490.947
517.577 363.836
496.629 181.068
121.417 441.112
757.282 416.68
749.282 416.449
810.334 81.3273
391.517 398.581
159.848 214.652
946.202 191.907
450.817 84.4602
450.817 84.4602
405.807 159.897
244.08 525.291
844.422 122.941
844.422 122.941
581.51 583.41
581.51 583.41
807.859 225.201
375.895 144.909
952.034 489.833
192.068 426.929
318.074 532.052
572.034 5.09518
657.461 71.8179
662.202 4.9873
436.968 157.362
436.968 157.362
436.968 157.362
949.916 362.799
178.175 29.7975
75.7864 562.496
561.723 586.857
561.723 586.857
579.83 455.922
266.155 414.64
266.155 414.64
516.67 285.98
381.391 626.529
381.391 626.529
1004.5 271.338
712.776 424.884
695.46 71.6077
578.426 261.019
825.21 16.7253
790.853 21.425
777.433 470.937
138.908 190.658
952.012 340.09
737.808 92.5498
62.6482 564.835
769.916 255.145
604.689 540.037
577.34 572.445
862.584 427.287
403.455 632.569
703.623 116.595
703.623 116.595
425.339 193.186
437.555 403.723
291.15 325.197
291.15 325.197
423.976 33.4354
612.462 578.525
907.906 446.51
907.906 446.51
828.921 387.336
939.263 375.611
595.206 418.985
341.464 269.576
362.885 300.198
686.804 227.69
686.804 227.69
750.706 99.4334
32.6171 435.524
782.588 521.28
724.593 166.402
552.655 299.864
150.686 283.525
698.686 22.3659
445.335 551.565
437.25 321.196
437.25 321.196
437.25 321.196
227.189 154.338
941.528 33.3638
894.635 48.6328
950.712 280.491
348.876 358.624
124.731 245.46
481.71 194.965
655.648 78.0034
942.858 92.4816
783.164 162.456
98.8375 507.997
181.449 123.932
965.725 92.0138
965.725 92.0138
948.866 211.553
489.363 346.743
736.663 289.354
961.394 110.192
623.351 61.0028
164.971 375.873
164.971 375.873
164.971 375.873
866.063 516.056
808.494 92.1835
47.0595 31.8685
131.837 56.5937
187.785 384.192
220.345 131.945
190.399 523.436
190.399 523.436
599.056 343.374
599.056 343.374
581.316 188.194
961.074 502.803
961.074 502.803
150.233 5.15075
397.051 274.99
397.051 274.99
813.8 258.689
813.8 258.689
262.402 131.172
710.628 80.0545
581.811 205.692
581.811 205.692
783.421 350.529
939.043 23.5143
607.871 579.447
982.038 579.063
120.108 434.921
889.036 85.8243
889.036 85.8243
673.92 416.885
981.03 240.951
750.295 439.01
1016.53 467.548
877.891 120.048
877.891 120.048
917.677 336.94
786.593 455.683
786.593 455.683
823.064 372.855
572.798 356.624
617.291 565.996
617.291 565.996
72.1046 453.684
275.305 80.0973
275.305 80.0973
515.897 117.206
436.577 315.35
552.606 264.551
854.951 448.589
137.525 33.9669
546.024 517.708
77.99 264.869
77.99 264.869
928.344 449.429
472.287 187.491
472.287 187.491
695.342 481.382
695.342 481.382
116.715 417.156
394.973 137.526
954.899 513.76
949.631 492.627
949.631 492.627
805.347 446.386
685.421 31.9462
180.744 339.438
180.744 339.438
594.303 263.876
594.303 263.876
567.365 551.944
949.188 226.824
159.701 464.535
802.443 124.519
844.01 420.97
889.497 445.583
268.355 47.6378
548.209 225.338
791.902 449.545
513.598 537.51
513.598 537.51
778.214 561.157
834.666 439.761
706.202 379.412
942.935 97.844
834.64 299.72
939.902 131.417
804.113 381.585
804.113 381.585
886.205 285.963
948.789 180.33
844.828 327.944
997.781 276.484
952.405 223.613
197.969 280.883
207.141 135.198
1018.36 83.9657
875.157 394.366
399.151 217.886
973.829 577.533
973.829 577.533
418.795 336.53
581.373 281.126
325.456 345.627
448.394 335.69
821.606 293.568
784.875 347.272
948.707 409.956
228.929 279.464
653.606 480.206
303.658 503.088
841.688 354.241
765.55 157.796
765.55 157.796
970.66 364.335
107.214 147.612
625.51 67.6528
745.519 186.475
699.386 169.584
563.108 427.107
762.572 508.341
762.572 508.341
764.843 299.078
699.124 166.841
740.115 428.506
740.115 428.506
640.001 408.757
984.88 234.185
984.88 234.185
128.282 392.279
257.094 423.86
969.51 302.658
582.528 347.889
965.682 533.098
661.921 138.117
661.921 138.117
842.605 340.446
952.498 195.237
952.498 195.237
367.485 456.282
86.3133 309.996
142.525 132.722
838.415 450.306
907.374 459.337
785.09 472.044
145.356 260.311
732.587 227.054
272.59 210.528
258.814 84.3774
473.585 155.821
686.693 28.2747
158.872 364.028
375.761 121.619
580.338 306.367
399.264 433.553
629.578 111.152
629.578 111.152
540.386 525.043
109.469 414.819
341.134 285.52
553.002 166.956
578.485 100.005
338.604 424.535
845.583 13.1165
685.597 230.343
176.325 387.09
904.917 146.385
480.965 343.422
480.965 343.422
450.405 213.784
226.101 156.989
768.994 501.988
208.211 132.472
323.558 554.689
177.347 400.827
616.488 325.867
616.488 325.867
616.488 325.867
945.059 150.27
951.471 570.64
597.047 521.665
251.116 118.309
946.882 423.048
946.882 423.048
822.8 44.2107
756.657 537.451
811.166 194.091
811.166 194.091
851.32 420.576
28.2061 531.633
259.449 405.972
590.372 543.614
333.38 26.3549
333.38 26.3549
403.466 382.12
403.466 382.12
523.115 144.223
959.469 471.207
569.957 436.187
369.546 130.912
230.986 281.575
586.511 240.721
208.559 55.1578
817.386 510.902
327.358 555.544
483.391 407.126
646.771 399.421
770.125 402.253
770.125 402.253
392.351 135.661
733.898 130.593
814.523 85.4731
937.057 529.196
724.771 229.483
834.063 416.678
333.884 20.798
346.351 285.392
181.671 460.032
866.437 332.74
902.492 414.076
517.98 341.61
990.085 559.153
990.085 559.153
768.004 262.711
807.576 383.968
802.12 482.043
802.12 482.043
650.439 43.7505
765.48 98.6929
257.049 152.885
362.825 325.017
362.825 325.017
403.845 123.608
775.964 331.207
454.31 525.985
106.651 63.1352
812.337 443.919
895.31 295.685
669.764 480.39
747.836 69.7941
131.278 488.533
816.887 447.417
957.203 110.664
756.034 74.4978
489.071 166.355
193.132 270.926
566.322 334.973
923.073 510.648
739.588 297.787
188.263 337.922
824.078 123.894
892.033 76.056
875.872 481.35
704.134 163.463
704.134 163.463
784.511 366.439
567.45 4.80893
567.45 4.80893
247.849 259.73
198.14 264.981
198.14 264.981
469.083 284.856
683.145 151.697
390.176 218.1
298.376 15.6187
298.376 15.6187
766.144 89.8594
647.427 105.938
943.505 105.718
67.9883 107.002
205.359 341.493
205.359 341.493
919.263 339.982
575.164 281.039
544.788 445.706
948.231 173.426
594.191 280.899
594.191 280.899
118.091 491.624
134.491 416.577
390.839 287.639
742.219 229.841
296.607 291.009
713.034 517.6
467.676 536.668
927.973 526.41
927.973 526.41
580.247 111.117
580.247 111.117
746.493 357.859
728.218 385.825
457.216 338.488
691.503 337.812
526.323 214.278
681.214 149.35
873.261 238.438
156.358 416.365
272.683 28.9754
424.121 268.729
774.685 45.4353
837.943 475.115
93.1224 271.899
93.1224 271.899
200.211 283.76
460.461 344.845
460.461 344.845
207.353 503.463
207.353 503.463
391.202 364.333
25.1933 481.466
31.8352 440.01
489.563 340.199
489.563 340.199
898.473 346.331
129.955 417.127
202.103 57.1216
827.86 53.121
631.781 27.0904
656.286 31.7032
454.633 536.328
454.633 536.328
949.405 193.193
25.6894 473.067
921.869 560.624
47.5575 22.772
948.389 484.97
102.565 9.96806
102.565 9.96806
870.296 34.7192
870.296 34.7192
28.9506 503.032
567.461 215.669
666.387 73.0641
666.387 73.0641
880.766 385.254
909.405 475.402
891.186 356.232
956.899 324.472
956.899 324.472
761.254 299.635
526.491 592.514
520.276 121.378
811.028 510.639
627.351 309.082
627.351 309.082
674.698 369.279
674.698 369.279
785.529 368.924
776.188 101.615
837.685 441.249
188.373 512.557
194.108 87.3209
194.108 87.3209
230.055 122.395
664.027 25.7413
55.634 9.29093
663.318 162.506
187.68 320.92
649.367 198.965
520.93 418.006
953.151 507.04
800.957 473.536
642.348 507.862
642.348 507.862
736.205 414.669
862.993 521.601
862.993 521.601
551.208 533.163
917.93 487.228
227.173 503.43
342.064 15.951
1021.1 50.4373
989.373 247.053
341.358 215.688
146.097 269.682
116.889 274.611
888.223 295.152
199.937 388.053
953.832 110.512
942.938 102.101
951.032 405.064
951.032 405.064
831.006 418.221
269.986 397.405
263.612 426.915
263.612 426.915
605.79 82.1476
292.259 80.3753
388.846 121.03
866.949 335.931
943.719 109.322
831.199 7.85479
492.672 183.099
424.894 444.888
687.685 168.353
865.11 384.727
865.11 384.727
694.613 225.386
506.541 29.9713
991.95 564.848
524.542 318.892
729.272 128.596
247.335 118.135
82.5197 25.712
82.5197 25.712
795.495 4.67011
846.542 156.429
502.445 553.364
962.781 344.508
989.446 270.128
589.727 319.859
404.265 116.991
790.843 357.347
790.843 357.347
961.386 333.53
112.912 57.9439
397.271 331
509.797 252.207
509.797 252.207
724.409 399.424
108.616 564.734
591.536 415.165
441.342 521.83
441.342 521.83
332.124 18.7094
150.068 362.036
672.345 132.235
672.345 132.235
540.71 548.041
768.718 388.932
976.016 278.78
917.386 234.956
246.369 153.907
319.373 78.1337
425.136 412.508
425.136 412.508
750.233 419.227
114.754 227.37
345.287 41.6861
127.084 306.226
820.325 327.498
820.325 327.498
784.965 213.265
793.323 332.582
574.734 499.516
574.734 499.516
574.734 499.516
157.831 320.692
502.039 130.823
604.11 411.885
344.44 532.817
344.44 532.817
539.758 379.398
32.5994 524.19
1009.31 174.931
902.405 502.733
902.405 502.733
112.343 281.591
112.343 281.591
258.965 579.991
958.616 313.038
883.624 379.166
883.624 379.166
526.646 292.186
526.646 292.186
309.531 328.529
309.531 328.529
444.651 525.797
717.654 331.912
523.076 273.005
165.494 493.444
949.313 332.104
529.693 141.55
529.693 141.55
750.575 396.02
750.575 396.02
910.443 186.683
998.427 179.703
286.909 357.798
966.981 300.407
755.452 474.51
755.452 474.51
529.072 138.836
670.788 540.595
670.788 540.595
523.23 287.624
810.949 464.912
360.103 533.523
299.27 66.4291
405.055 379.337
145.492 462.721
754.225 19.5781
440.861 444.981
761.196 354.454
609.386 118.309
957.17 485.049
651.19 447.808
213.801 2.83339
924.987 292.639
250.675 369.023
207.614 425.989
595.267 347.442
595.267 347.442
595.267 347.442
361.519 384.524
88.9951 265.482
75.2245 366.982
480.429 49.6611
480.429 49.6611
886.079 290.56
130.792 309.387
959.318 290.789
405.283 538.005
385.992 218.327
255.506 411.615
921.437 513.33
974.67 253.585
628.426 341.392
246.849 579.544
541.149 426.094
541.149 426.094
540.225 123.193
721.337 355.768
692.512 33.69
950.877 111.063
553.399 427.035
553.399 427.035
435.998 324.943
311.164 99.6939
459.296 506.09
401.491 384.758
305.854 242.26
932.496 551.069
884.7 13.1247
890.982 486.304
331.691 75.2048
767.284 280.771
826.273 378.287
21.9924 488.511
158.197 399.122
741.018 357.234
443.628 338.448
523.539 345.737
523.539 345.737
948.126 460.483
443.12 403.389
743.99 69.6718
625.113 26.2082
625.113 26.2082
765.934 18.1922
805.929 412.033
661.288 28.0602
238.176 25.8159
403.602 428.068
403.602 428.068
403.602 428.068
819.537 23.6758
133.989 410.731
945.914 188.603
84.9772 460.175
854.913 154.992
812.605 449.79
756.519 78.4639
756.519 78.4639
551.021 401.104
551.021 401.104
825.659 196.415
328.258 521.938
328.258 521.938
660.352 48.2079
308.605 127.322
396.916 289.168
396.916 289.168
396.916 289.168
670.041 412.807
570.192 436.273
567.331 178.362
567.331 178.362
216.382 336.425
728.643 120.762
705.232 229.377
594.177 31.834
718.866 94.8665
639.075 359.431
807.463 54.0766
198.373 246.319
598.219 538.835
753.427 380.029
948.462 289.935
535.683 113.9
983.649 271.85
344.523 48.6483
153.018 25.0408
153.018 25.0408
390.867 550.201
929.754 357.484
648.703 23.5133
137.58 158.005
635.2 127.011
635.2 127.011
570.003 100.369
841.766 484.897
841.766 484.897
673.398 199.807
673.398 199.807
942.393 256.99
942.393 256.99
764.102 246.016
764.102 246.016
279.014 103.235
86.0724 100.013
877.06 295.362
877.06 295.362
157.228 436.387
683.378 412.558
253.865 423.623
394.472 218.051
620.415 321.727
531.887 144.803
155.513 86.3157
608.027 280.653
564.025 358.834
903.341 114.05
102.217 185.476
95.9914 309.695
201.686 377.899
674.76 375.492
552.085 429.597
708.083 431.328
285.068 85.4101
564.001 5.265
280.836 180.411
385.408 122.31
385.408 122.31
385.408 122.31
272.649 529.455
635.456 129.904
635.456 129.904
1001.19 274.102
746.832 125.43
828.344 288.73
364.076 537.242
805.548 261.967
468.034 218.55
833.889 516.13
978.443 51.6856
978.443 51.6856
921.518 506.626
252.943 153.297
1000.96 175.44
140.264 490.203
444.483 536.247
331.979 551.875
247.385 496.546
247.385 496.546
76.349 551.023
439.654 556.864
272.087 519.826
272.087 519.826
363.8 379.685
363.8 379.685
263.244 85.0732
493.512 348.773
785.366 452.516
669.583 379.764
679.996 230.586
809.485 120.5
852.117 131.356
193.571 84.9152
470.983 508.067
470.983 508.067
578.15 531.046
578.15 531.046
271.199 158.148
404.235 288.913
404.235 288.913
618.538 518.418
618.538 518.418
134.416 190.412
284.485 48.6911
801.603 355.067
880.949 286.397
803.019 479.181
636.152 169.266
271.134 155.537
617.435 577.845
617.435 577.845
414.477 183.679
853.015 429.865
314.531 551.248
582.108 264.137
582.108 264.137
569.051 113.477
51.313 9.66116
551.705 393.88
299.206 115.875
906.338 465.87
225.219 26.1178
114.041 212.497
438.697 229.393
369.04 175.368
69.7088 149.916
69.7088 149.916
834.288 421.928
782.886 159.51
812.086 298.986
812.086 298.986
359.53 328.588
359.53 328.588
787.104 296.525
115.37 66.6108
319.83 312.317
361.679 219.715
424.572 501.984
424.572 501.984
424.572 501.984
343.806 229.867
809.29 40.4
878.546 263.714
95.6123 509.808
382.035 351.397
264.452 237.995
304.549 132.309
560.787 326.313
872.964 387.405
223.879 28.7268
860.81 330.651
287.018 83.0436
187.406 239.507
802.019 227.568
948.693 199.152
364.46 622.043
227.857 206.851
678.912 356.408
472.504 315.005
533.537 289.522
533.537 289.522
535.53 154.293
557.38 322.699
557.38 322.699
24.3124 528.912
585.538 399.248
908.597 512.374
742.827 355.143
780.548 5.60184
454.255 552.392
964.503 549.565
818.73 65.7774
756.807 396.212
972.168 307.551
332.969 33.4339
222.476 338.708
664.498 22.7311
760.26 92.4591
80.7345 561.513
708.314 515.183
855.167 493.203
250.917 239.097
669.562 205.227
523.412 252.103
952.667 495.939
701.887 74.6148
604.054 84.6612
556.749 384.434
701.546 400.437
159.473 461.809
978.796 272.057
662.555 540.391
947.984 279.497
844.548 51.1489
873.897 483.349
528.972 85.4337
777.463 42.6657
4.57402 524.282
341.76 190.235
102.49 342.456
42.8788 128.481
147.432 491.337
934.399 7.62635
934.399 7.62635
747.426 298.439
657.231 29.0319
951.551 126.717
761.042 162.57
991.439 274.066
991.439 274.066
702.028 122.82
702.028 122.82
702.028 122.82
77.603 5.82861
378.586 551.352
782.919 340.399
578.891 344.233
198.286 305.565
826.808 50.628
826.808 50.628
880.762 259.538
924.408 370.911
924.408 370.911
811.618 476.934
957.302 41.948
767.437 378.808
526.895 350.09
863.387 199.524
670.817 495.384
961.676 474.262
745.574 166.171
932.204 463.831
932.204 463.831
947.683 242.726
947.683 242.726
96.7577 12.6309
708.023 372.269
769.958 517.643
560.465 501.065
488.767 537.838
488.767 537.838
890.235 501.325
697.189 518.536
697.189 518.536
543.664 379.45
989.511 240.54
686.021 149.946
190.716 360.432
635.038 539.456
635.038 539.456
808.85 62.999
963.88 297.392
963.88 297.392
144.562 112.606
144.562 112.606
206.895 240.334
630.191 286.533
465.292 445.009
476.908 428.872
632.483 544.581
382.071 409.995
346.002 46.7151
812.52 391.159
812.52 391.159
80.9235 105.311
1007.11 178.793
556.034 539.85
348.512 499.728
789.144 44.1808
581.619 217.835
355.484 225.429
386.127 362.36
386.127 362.36
593.234 70.0694
113.072 217.574
203.698 209.359
113.014 363.828
455.061 619.004
651.101 228.396
261.352 531.183
215.614 411.08
143.942 363.985
578.003 522.498
578.003 522.498
941.489 163.454
492.674 541.223
873.104 235.404
873.104 235.404
419.66 444.486
396.939 346.7
396.939 346.7
396.939 346.7
579.499 222.045
579.499 222.045
659.649 11.7982
172.583 131.3
298.631 339.603
787.533 419.961
527.361 595.084
805.658 416.374
204.251 222.654
530.654 214.3
930.827 323.363
930.827 323.363
394.787 533.462
394.787 533.462
404.628 2.86827
694.44 306.335
235.698 84.0143
500.172 384.586
755.1 419.075
300.144 207.39
527.921 611.324
630.077 283.774
731.945 104.918
217.097 151.993
553.489 326.131
503.333 445.528
810.866 248.409
810.866 248.409
599.314 317.489
378.548 346.834
378.548 346.834
637.895 406.453
941.679 449.539
924.544 367.448
843.416 361.132
148.177 344.496
469.932 319.555
947.737 413.673
678.411 524.939
210.713 338.888
587.467 483.94
137.321 160.426
517.931 283.385
135.467 345.377
577.801 310.507
806.557 409.318
787.878 145.887
787.878 145.887
509.369 523.546
509.369 523.546
626.494 259.992
80.3288 459.137
80.3288 459.137
749.798 318.206
828.426 150.986
227.772 530.899
576.545 114.825
886.413 359.595
171.989 269.491
284.404 312.841
732.077 471.578
773.868 414.634
773.868 414.634
468.869 338.934
180.362 360.626
895.646 79.0676
587.124 534.902
587.124 534.902
607.52 197.069
714.956 163.413
821.371 250.165
545.922 384.934
177.965 208.558
919.805 509.21
471.607 182.953
690.938 511.712
581.527 211.374
316.081 501.788
342.568 45.3057
790.712 294.62
633.036 401.887
755.021 469.896
675.591 42.4634
251.824 383.258
849.342 48.9277
766.671 500.228
766.671 500.228
172.752 434.682
898.323 349.443
898.323 349.443
811.95 296.411
530.906 287.332
530.906 287.332
135.655 31.7029
813.887 256.127
765.403 296.611
45.639 518.001
45.639 518.001
728.231 469.49
543.499 592.408
271.637 545.105
967.181 262.87
366.559 328.291
366.559 328.291
888.487 237.992
888.487 237.992
864.622 475.046
704.826 56.6438
739.465 235.272
633.13 69.1865
953.834 91.4604
427.665 588.328
959.376 325.801
141.821 213.675
141.821 213.675
657.13 510.438
994.043 271.643
994.043 271.643
192.323 415.632
192.323 415.632
192.323 415.632
883.249 137.603
829.905 447.194
829.905 447.194
818.926 489.365
225.74 119.669
496.628 435.653
496.628 435.653
