3223
552.935 102.123
552.935 102.123
419.081 634.168
321.74 149.634
342.923 119.689
264.575 298.062
430.941 391.947
311.219 268.705
580.672 252.756
315.294 510.71
315.294 510.71
593.472 503.947
434.734 359.377
941.859 388.608
422.133 59.9508
424.39 516.955
424.39 516.955
940.726 328.766
638.87 478.097
457.395 280.074
207.587 504.455
980.957 552.805
310.748 196.939
310.748 196.939
434.5 235.583
456.405 166.609
456.405 166.609
94.1964 490.717
591.559 196.312
591.559 196.312
624.454 304.725
200.63 586.616
108.705 239.708
536.258 67.3329
580.779 88.9527
593.29 597.882
939.588 222.28
487.204 223.828
373.886 232.415
373.886 232.415
650.418 325.404
417.354 338.421
401.142 171.667
324.939 91.3987
115.671 105.241
954.001 559.226
547.936 168.954
973.68 503.518
443.133 67.1224
120.01 28.7082
486.959 192.872
486.959 192.872
391.618 253.555
28.7424 513.958
28.7424 513.958
931.192 34.6049
938.521 152.935
370.789 202.942
370.789 202.942
96.0728 422.302
34.7238 409.982
34.7238 409.982
118.241 29.3304
933.07 33.7903
355.868 187.087
560.193 363.356
51.4419 400.466
52.6754 374.64
992.656 528.789
49.9585 423.52
524.101 162.8
575.843 227.281
952.927 432.598
508.759 36.8607
976.833 534.94
49.6056 136.13
49.6056 136.13
114.49 77.6352
939.151 609.244
939.151 609.244
939.151 609.244
470.111 25.5156
947.894 297.984
657.961 273.159
383.92 51.9293
383.92 51.9293
913.663 609.473
913.663 609.473
563.57 345.302
666.197 353.377
520.22 271.388
520.22 271.388
495.923 123.851
117.204 538.125
406.473 621.865
644.847 578.85
114.466 58.0088
102.785 537.515
441.786 24.883
666.355 580.585
666.355 580.585
923.432 163.212
331.354 368.471
937.156 93.6386
991.485 216.462
399.428 50.1761
399.428 50.1761
964.367 612.902
489.183 41.0287
449.091 310.026
163.8 398.499
677.518 338.991
110.937 108.148
993.654 275.76
207.879 367.681
207.879 367.681
976.51 622.255
976.51 622.255
164.618 202.868
435.829 337.385
108.83 139.864
108.318 153.835
990 550.418
98.7731 313.799
973.862 92.4176
304.884 639.385
414.246 39.9636
414.246 39.9636
100.012 287.861
442.125 254.811
452.754 485.074
514.714 64.2667
559.734 74.7175
86.2659 493.09
427.482 281.353
427.482 281.353
395.878 256.303
395.878 256.303
434.874 200.117
698.151 33.6476
351.614 81.1224
405.066 483.757
561.089 289.291
561.089 289.291
372.038 482.444
426.407 484.311
712.46 537.856
964.62 617.908
922.566 158.327
466.507 9.40576
925.403 601.581
925.403 601.581
94.1063 385.863
73.3569 545.241
434.485 188.028
434.485 188.028
473.129 485.561
644.741 409.59
1000.21 453.373
693.558 49.6592
522.862 464.008
599.683 380.933
933.351 389.898
933.351 389.898
159.509 411.769
159.509 411.769
954.424 370.193
975.899 566.015
257.954 304.207
308.677 112.061
91.2534 427.842
308.737 481.025
308.737 481.025
820.854 294.673
527.877 54.8987
99.1788 288.648
942.623 617.753
942.623 617.753
926.644 616.587
716.582 159.072
716.582 159.072
443.293 101.952
599.948 258.729
589.6 597.738
553.575 82.1314
805.964 551.042
693.105 49.4092
337.617 138.872
620.015 441.193
634.447 426.065
402.572 107.178
863.379 371.546
808.371 462.602
999.138 115.414
533.92 246.578
325.704 8.14977
291.304 198.699
299.504 384.402
196.293 482.762
196.293 482.762
396.869 257.38
265.03 457.69
422.312 104.425
254.033 337.582
254.033 337.582
570.668 198.869
357.422 257.259
502.723 57.6252
382.375 109.644
98.0365 301.528
373.093 61.6597
740.469 298.468
463.282 99.1836
949.021 103.586
655.561 345.626
516.861 73.3308
90.9062 427.392
942.139 560.949
103.88 197.344
995.458 350.516
421.427 346.287
93.33 385.129
502.571 67.2303
504.71 267.394
315.374 257.179
282.458 436.177
282.458 436.177
101.414 239.066
696.369 414.377
463.884 44.5843
105.555 49.2477
285.643 480.759
212.462 440.686
725.912 548.291
313.402 640.379
962.669 546.919
570.448 238.949
922.992 157.191
92.7296 406.207
954.221 532.795
89.293 471.526
795.275 254.029
795.275 254.029
108.778 548.227
472.314 155.783
857.183 297.22
928.292 196.893
983.135 75.715
954.311 224.481
114.147 19.5753
95.2021 343.707
456.042 40.6014
361.115 112.151
615.827 449.809
343.495 181.336
985.738 135.701
108.278 125.427
315.121 648.06
753.07 425.757
581.575 185.046
426.225 23.9963
610.06 104.037
610.06 104.037
284.147 607.527
248.057 399.804
248.057 399.804
325.752 213.567
436.997 315.627
990.251 241.49
667.985 446.214
667.985 446.214
1012.91 427.748
957.026 441.09
643.738 138.085
588.107 246.401
104.024 185.812
995.222 351.739
111.92 527.607
386.005 218.133
386.005 218.133
988.528 199.196
777.81 540.062
21.9741 523.07
617.826 432.391
250.44 354.84
99.8168 258.041
199.623 351.343
445.628 264.283
86.8592 378.908
1015.05 356.387
954.261 545.728
47.3321 443.975
464.573 159.301
547.809 603.104
714.775 297.568
1002.65 512.305
371.415 167.16
371.415 167.16
949.578 622.709
668.94 508.184
668.94 508.184
425.855 77.6893
992.898 124.318
992.898 124.318
962.56 402.19
326.999 123.971
780.792 450.724
740.374 514.822
517.644 436.561
293.23 260.941
405.183 253.528
444.016 276.128
853.362 549.647
393.46 166.128
393.46 166.128
285.049 443.67
451.446 387.835
1013.7 336.22
1013.7 336.22
952.552 311.21
577.208 193.314
931.443 322.657
114.167 8.93675
717.616 291.127
904.057 616.934
204.409 371.296
736.121 421.694
990.193 62.8535
941.315 135.314
574.126 23.7037
351.261 174.844
351.261 174.844
431.012 303.02
600.18 438.525
434.318 613.706
185.417 486.448
957.81 469.993
935.173 418.3
535.798 77.2256
927.853 250.571
972.405 243.539
562.76 193.268
562.76 193.268
941.874 341.319
304.59 650.14
304.59 650.14
413.819 275.135
423.589 439.091
614.238 51.9488
614.238 51.9488
58.8258 546.636
58.8258 546.636
968.939 553.784
988.954 31.2771
950.726 275.638
1003.62 234.153
91.6939 414.586
110.343 73.7457
191.539 475.711
428.683 619.727
714.338 325.811
963.478 418.821
822.285 425.459
211.376 455.899
946.051 597.725
590.076 583.959
590.076 583.959
690.505 584.252
1010.4 203.964
1010.4 203.964
582.817 581.187
252.321 428.89
1013.6 477.574
991.807 111.273
1006.82 297.569
494.056 189.206
200.078 564.171
203.001 318.14
727.643 331.623
727.643 331.623
930.35 29.004
601.815 445.098
228.642 428.489
265.767 428.782
265.767 428.782
472.616 164.124
588.812 495.334
435.319 521.776
426.445 521.638
697.556 331
697.556 331
362.11 201.081
548.619 432.066
548.619 432.066
949.519 250.089
818.163 372.106
590.144 438.232
590.144 438.232
91.825 395.37
701.738 562.777
721.299 337.369
879.055 558.559
714.941 20.892
801.828 558.769
489.349 297.908
1013.79 471.259
1002.05 375.17
101.512 125.555
743.068 433.345
743.068 433.345
939.829 536.528
625.872 428.328
629.749 433.852
629.749 433.852
1004.35 582.976
861.695 562.604
798.158 367.651
1008.26 228.794
1008.26 228.794
767.479 450.485
767.479 450.485
435.244 47.0068
278.497 35.7706
358.745 174.583
515.271 81.0758
484.612 63.1641
36.572 539.415
1010.23 362.902
735.401 311.548
735.401 311.548
84.0185 448.864
745.336 262.627
686.792 196.354
498.772 6.26503
78.1541 533.937
214.381 438.763
995.238 362.352
293.636 645.447
293.636 645.447
934.331 375.64
934.331 375.64
1008.12 229.199
1008.12 229.199
827.579 559.397
377.362 302.351
377.362 302.351
523.754 79.7727
463.563 371.36
903.568 596.318
421.322 294.914
501.039 208.541
225.289 442.209
224.019 337.834
726.473 224.615
460.928 488.69
479.719 431.74
513.565 572.245
469.912 47.8753
562.814 89.9897
136.349 489.046
425.03 612.574
946.623 78.5432
246.137 313.797
183.092 577.209
183.092 577.209
1004.52 275.86
600.977 601.178
470.285 446.785
507.399 70.1722
1004.72 396.006
1004.72 396.006
423.714 353.481
422.249 59.7691
422.249 59.7691
204.147 378.107
141.028 245.506
776.67 412.666
1013.63 470.467
661.94 439.573
939.86 599.03
188.646 521.011
344.805 88.1504
443.253 364.226
176.189 120.896
709.191 336.31
1007.2 461.369
1007.2 461.369
954.498 61.8777
420.62 618.784
224.753 372.569
224.753 372.569
46.3544 435.305
657.116 168.154
657.116 168.154
657.116 168.154
538.233 462.51
538.233 462.51
336.913 430.329
336.913 430.329
543.069 495.851
761.657 153.249
1010.68 404.644
315.204 249.662
367.813 142.883
1001.13 198.74
379.193 486.215
77.6973 494.454
612.679 464.449
666.135 298.321
902.066 549.666
15.8041 524.22
993.684 204.946
993.684 204.946
858.904 302.789
334.645 159.688
334.645 159.688
780.025 551.382
448.713 381.656
469.812 252.144
795.851 425.636
270.874 434.598
270.874 434.598
1007.6 343.224
1007.6 343.224
1007.6 343.224
643.439 306.171
643.439 306.171
767.93 488.227
767.93 488.227
529.102 443.881
111.05 42.7975
204.879 451.612
682 507.652
575.3 173.619
493.852 157.768
493.852 157.768
476.9 37.7806
262.292 434.608
753.184 22.4196
410.307 243.95
410.307 243.95
410.307 243.95
510.807 160.818
918.904 600.005
826.15 588.118
826.15 588.118
909.332 598.3
961.358 392.741
819.052 155.721
819.052 155.721
904.375 361.21
416.737 234.7
416.737 234.7
416.737 234.7
708.695 545.252
962.858 596.975
946.263 70.474
88.2699 453.537
1014.87 209.06
736.122 132.174
469.052 369.854
535.176 18.1342
45.3031 134.116
823.253 164.997
418.763 88.2863
685.07 296.423
974.754 580.941
974.754 580.941
220.728 182.742
220.728 182.742
936.555 346.017
459.077 132.833
667.261 498.288
162.399 420.613
162.399 420.613
826.066 490.465
643.434 38.9486
436.135 85.9373
191.074 93.3036
191.074 93.3036
826.029 152.164
931.728 147.783
821.432 560.212
79.9375 518.435
736.774 465.261
456.231 232.376
1003.61 605.945
598.661 41.12
933.135 618.818
395.826 21.2606
395.826 21.2606
658.915 401.271
200.347 35.8275
490.092 292.237
868.819 365.041
868.819 365.041
815.276 472.042
574.968 103.379
810.981 460.769
855.473 416.171
618.643 204.203
539.327 448.018
662.029 115.803
921.241 64.2136
921.241 64.2136
372.733 430.94
372.733 430.94
372.733 430.94
1000.44 331.303
1000.44 331.303
635.172 30.0282
635.172 30.0282
153.641 213.657
420.576 137.21
705.581 415.902
429.86 265.346
511.582 413.03
511.582 413.03
950.996 292.713
931.126 156.706
772.563 12.1398
257.123 424.119
859.587 73.4262
852.968 326.158
385.752 39.8199
471.791 392.717
471.791 392.717
583.208 491.787
703.366 293.962
703.366 293.962
338.605 297.627
338.605 297.627
749.723 290.091
749.723 290.091
650.614 303.441
650.614 303.441
1014.23 501.712
496.189 61.7215
637.058 408.913
469.048 460.993
331.651 110.83
749.872 548.427
567.854 340.705
567.854 340.705
377.701 296.831
485.834 28.3436
617.266 101.145
617.266 101.145
938.922 286.611
471.005 41.4097
649.946 322.72
158.226 188.91
158.226 188.91
935.758 458.392
446.812 619.147
411.314 618.239
741.848 322.943
766.109 326.889
755.029 508.264
357.194 391.39
589.01 486.652
953.029 113.081
579.546 170.744
817.493 291.755
926.793 217.072
382.114 190.099
382.114 190.099
451.031 498.953
413.432 380.152
446.905 227.127
665.915 112.075
665.915 112.075
928.282 255.874
946.241 290.569
946.241 290.569
224.495 422.79
224.495 422.79
749.371 9.71885
594.39 490.996
168.763 401.44
568.81 156.562
746.864 529.818
436.4 225.757
996.804 267.089
428.188 359.77
428.188 359.77
575.718 167.475
575.718 167.475
799.362 517.788
927.761 222.9
862.303 255.051
342.278 485.959
952.393 335.974
196.814 586.31
213.447 475.266
901.935 366.081
928.671 19.8123
733.535 552.954
301.149 36.2228
301.149 36.2228
88.06 481.276
365.588 184.162
343.909 142.244
948.989 342.916
972.015 570.965
733.559 552.985
418.451 368.769
472.08 392.555
222.984 315.238
580.539 101.528
789.915 41.8664
339.144 150.609
985.013 613.635
452.506 88.9317
452.506 88.9317
80.3079 518.097
428.737 56.4904
466.557 132.305
438.186 516.49
862.074 358.994
703.931 327.014
703.931 327.014
973.165 139.185
320.466 20.0836
990.492 374.369
301.305 36.2842
301.305 36.2842
301.305 36.2842
513.31 85.9983
513.31 85.9983
451.071 498.672
817.585 291.536
927.415 109.996
927.415 109.996
507.088 171.907
507.088 171.907
809.998 370.484
345.067 49.8423
936.586 485.435
426.075 228.284
426.075 228.284
426.075 228.284
729.039 479.841
729.039 479.841
598.755 142.613
380.855 43.031
482.62 514.432
969.525 44.0072
948.082 233.04
438.683 59.6409
315.614 112.465
315.614 112.465
978.765 90.3172
844.119 256.569
931.469 96.2882
394.784 392.457
590.041 595.013
440.927 49.5223
634.421 37.276
931.555 332.822
931.555 332.822
782.18 291.3
746.388 103.032
749.139 403.65
558.779 279.611
987.489 294.856
532.461 79.0601
966.062 155.324
270.832 211.683
757.506 541.593
945.541 59.8865
223.377 310.276
988.072 307.669
398.619 91.4009
557.522 64.4644
755.337 508.634
456.728 7.25427
840.247 223.464
417.254 36.3364
829.625 170.131
829.625 170.131
696.452 370.698
760.844 47.7207
725.424 539.676
951.864 328.862
861.928 147.311
542.787 511.541
542.787 511.541
300.793 83.7915
664.809 207.694
88.048 380.035
359.915 258.928
706.469 577.907
706.469 577.907
414.622 44.4749
414.622 44.4749
414.622 44.4749
436.006 365.974
436.006 365.974
452.598 515.784
516.903 512.718
516.903 512.718
503.121 513.416
358.098 161.624
872.968 386.599
718.76 151.677
379.056 198.078
108.141 88.6751
1016.52 526.464
716.739 579.058
511.18 257.209
529.255 89.7802
702.482 454.472
702.482 454.472
84.8897 449.417
221.421 147.611
185.509 52.3441
749.241 553.616
924.852 278.566
937.891 515.716
497.55 513.778
743.231 162.803
302.797 79.4879
302.797 79.4879
524.315 90.4601
320.28 104.189
685.775 201.323
730.347 23.9641
429.636 313.786
832.825 481.296
493.731 514.012
218.905 91.949
1001.38 363.925
1001.38 363.925
763.675 418.85
763.675 418.85
1009.38 483.545
936.103 464.553
687.839 498.762
562.701 338.401
562.701 338.401
723.158 423.025
723.158 423.025
692.499 335.184
937.055 492.128
992.55 427.95
520.045 261.541
443.527 445.016
305.15 186.491
224.106 285.726
224.106 285.726
224.106 285.726
685.065 263.186
1008.17 466.436
726.399 389.438
837.172 328.63
837.172 328.63
349.893 266.742
862.263 254.656
320.491 124.428
728.276 520.603
993.635 434.338
192.211 469.637
192.211 469.637
854.809 225.402
777.684 488.533
860.205 367.452
641.451 389.429
933.493 273.808
920.65 37.2443
485.649 56.3894
485.649 56.3894
656.097 144.309
941.193 52.0173
699.803 135.905
357.817 273.042
273.043 323.683
863.119 488.719
436.49 19.5562
187.849 359.633
506.879 260.727
966.38 514.263
998.133 299.254
534.803 511.991
920.731 45.9703
986.333 605.782
1010.77 605.556
1010.77 605.556
955.015 495.591
762.698 226.371
762.698 226.371
413.73 353.809
158.521 417.29
158.521 417.29
385.851 293.037
800.995 97.9402
800.995 97.9402
758.447 254.095
265.057 300.624
265.057 300.624
265.057 300.624
197.561 587.075
952.48 47.2226
952.48 47.2226
998.838 271.622
337.892 155.475
466.698 262.851
361.986 178.96
760.933 547.391
760.933 547.391
959.247 343.455
786.285 99.1589
1003.79 352.043
291.873 185.677
516.603 132.723
441.086 368.884
426.288 481.124
981.535 329.393
553.927 605.7
535.62 47.4471
739.264 554.961
942.459 109.164
686.422 232.676
686.422 232.676
640.135 35.2283
197.974 378.508
941.33 491.985
756.998 406.119
877.461 564.128
925.282 46.9073
395.095 263.893
943.67 128.421
932.874 166.66
456.542 83.9407
620.575 165.663
620.575 165.663
313.299 116.429
925.484 67.4685
811.047 82.7152
487.781 158.209
417.792 497.972
921.134 55.4104
166.101 406.385
905.702 454.561
504.064 133.691
504.064 133.691
957.979 93.1035
957.979 93.1035
953.37 361.912
497.063 165.915
631.714 113.239
542.094 139.527
715.604 136.06
959.253 343.532
551.77 594.027
551.77 594.027
947.216 118.574
613.46 458.08
613.46 458.08
424.853 369.562
744.875 194.398
590.557 101.958
404.58 375.085
690.496 485.361
947.624 126.377
807.6 152.611
716.334 448.403
925.5 53.6752
544.125 77.0607
497.245 355.083
497.245 355.083
946.642 147.037
908.962 620.864
660.198 448.446
759.71 286.789
421.34 49.1734
311.542 581.024
311.542 581.024
412.747 239.283
384.902 168.382
843.731 327.371
996.491 210.65
739.461 460.618
857.652 323.124
599.641 147.215
277.37 648.081
277.37 648.081
1019.55 287.047
994.673 236.006
496.625 398.275
332.028 106.018
729.884 102.321
729.884 102.321
924.383 137.627
924.383 137.627
180.553 420.704
505.857 55.2286
619.302 448.296
928.105 141.714
928.105 141.714
444.744 85.4737
378.774 48.3069
497.071 6.82502
862.315 325.357
781.093 150.729
781.093 150.729
754.195 70.8387
785.244 547.244
798.704 513.073
384.723 141.774
479.109 489.518
686.928 49.1851
166.271 432.413
529.96 261.993
529.96 261.993
493.804 66.9472
866.244 369.584
963.991 353.428
963.991 353.428
333.919 296.76
360.111 152.782
557.438 450.312
828.873 508.193
828.873 508.193
200.154 93.2433
401.324 267.605
950.795 284.891
164.106 401.133
492.451 177.343
451.578 45.0678
340.043 10.1904
340.043 10.1904
315.758 107.936
923.681 147.65
376.121 8.59323
816.362 551.417
28.9398 545.551
954.413 465.946
954.413 465.946
1010.11 506.179
456.647 2.52966
125.179 187.21
411.439 90.0016
724.899 522.869
987.891 299.628
973.997 604.812
756.017 225.18
1004.67 429.773
1004.67 429.773
805.374 384.008
491.583 4.27359
401.7 87.0358
620.974 83.0866
620.974 83.0866
473.554 3.34518
1013.03 345.98
390.873 267.233
298.122 492.902
946.633 307.009
373.929 356.261
373.929 356.261
1017.22 466.172
479.49 262.228
960.923 322.306
283.141 16.7894
731.732 133.365
965.169 331.646
946.783 111.172
790.477 17.6648
435.493 605.494
435.493 605.494
1003.83 359.611
401.141 229.056
990.171 128.403
807.162 75.3792
959.746 628.738
650.667 312.568
372.141 83.6874
491.627 398.006
491.627 398.006
779.355 117.492
779.355 117.492
210.898 421.236
925.823 72.1693
925.823 72.1693
943.506 436.402
294.916 137.938
945.812 179.448
385.948 175.746
734.655 392.738
298.557 121.683
298.557 121.683
845.458 36.4983
397.317 260.364
335.797 165.966
628.89 117.87
375.776 268.041
87.4718 459.853
940.443 118.209
486.457 165.702
486.457 165.702
235.816 490.067
458.633 497.978
374.979 177.152
135.602 292.952
935.539 315.685
935.539 315.685
474.455 254.883
385.401 25.6664
106.979 108.167
787.529 76.9604
869.845 377.452
869.845 377.452
475.032 131.913
379.161 107.117
748.746 422.71
715.443 279.68
715.443 279.68
935.136 427.315
280.502 235.261
209.475 599.476
1005.39 401.299
1005.39 401.299
407.888 203.634
259.195 184.932
717.949 86.6046
657.32 373.556
189.495 552.186
653.519 148.081
947.161 204.791
407.175 248.8
378.731 38.8908
308.253 233.185
855.751 34.7766
136.611 315.124
533.816 446.115
925.884 188.897
513.868 58.3866
813.899 554.57
320.993 132.384
412.857 443.857
480.911 178.495
480.911 178.495
294.953 81.337
190.509 571.776
420.773 231.326
576.86 127.78
576.86 127.78
833.281 223.835
80.8139 505.301
395.327 59.6416
748.649 122.072
748.649 122.072
196.91 240.161
715.136 261.466
870.324 372.146
870.324 372.146
488.291 33.1851
650.827 60.6874
939.105 427.078
52.5539 127.929
137.085 34.3676
137.085 34.3676
584.795 574.353
362.278 89.5357
953.718 380.408
929.937 188.639
929.937 188.639
452.24 377.6
774.826 515.185
186.66 516.444
941.541 140.024
941.541 140.024
803.461 336.13
847.514 485.134
847.514 485.134
945.825 171.107
984.145 211.002
754.923 49.1074
754.923 49.1074
33.0961 353.214
256.814 441.761
407.888 139.326
596.039 240.616
464.78 51.6057
607.207 277.859
751.299 407.357
387.954 296.509
387.954 296.509
769.488 546.836
367.558 76.0669
700.128 557.431
451.155 134.646
957.485 138.046
389.993 63.0092
152.613 407.125
777.672 562.445
452.067 474.347
329.87 294.771
59.5649 60.5044
173.754 260.263
41.7465 439.548
942.502 101.609
920.8 31.0205
815.843 471.452
824.022 72.649
199.046 236.172
722.535 411.957
949.777 341.265
949.777 341.265
1007.2 337.594
1007.2 337.594
176.547 552.188
176.547 552.188
476.794 168.024
217.437 374.305
217.437 374.305
440.729 321.194
440.729 321.194
971.038 85.0288
238.432 448.514
41.2787 431.683
405.641 90.9859
947.882 563.951
958.072 524.775
937.867 78.9882
937.867 78.9882
307.455 229.562
307.455 229.562
441.662 382.56
746.571 407.553
746.571 407.553
756.339 133.38
462.693 260.096
462.693 260.096
942.616 531.464
784.922 114.702
784.922 114.702
487.486 448.889
487.486 448.889
748.677 448.667
748.677 448.667
918.939 107.959
430.941 44.2661
921.867 72.857
382.576 18.8646
807.652 251.017
908.161 614.995
175.13 53.2924
694.092 90.6457
694.092 90.6457
950.034 554.773
1002.37 561.289
993.05 194.393
866.854 484.985
866.854 484.985
691.479 421.554
433.483 16.3658
433.483 16.3658
333.455 322.38
997.45 232.829
940.581 36.1028
803.342 255.252
172.941 60.3583
631.296 97.1137
323.112 31.6439
927.817 115.519
927.817 115.519
1006.76 270.632
976.343 33.479
784.881 80.6625
606.06 115.467
141.106 167.999
141.106 167.999
351.443 72.0594
933.756 279.842
718.587 331.594
659.739 95.1682
956.949 442.82
941.611 58.9694
427.213 444.032
994.398 450.8
511.237 445.259
778.335 195.005
791.379 548.653
990.016 342.236
845.151 252.629
266.172 604.988
678.23 392.139
130.924 529.943
486.869 169.555
486.869 169.555
152.048 433.712
280.914 175.991
183.45 357.422
631.374 163.289
735.678 204.29
804.817 328.719
804.817 328.719
955.796 417.92
924.015 11.4529
924.015 11.4529
435.837 377.472
572.852 339.995
572.852 339.995
928.104 125.274
928.104 125.274
761.855 111.641
629.328 166.68
463.515 207.929
987.465 587.31
964.454 328.442
964.454 328.442
783.455 130.634
783.455 130.634
411.445 361.687
52.6319 128.3
687.815 111.905
687.815 111.905
227.351 18.6844
1007.54 509.239
311.364 246.692
607.934 64.8891
917.058 592.865
561.179 95.3922
561.179 95.3922
230.205 373.547
732.346 295.594
753.173 448.534
753.173 448.534
336.102 341.242
990.297 336.489
809.747 287.024
955.856 424.617
579.607 573.463
989.677 132.513
1005.66 208.463
1005.66 208.463
260.676 223.062
382.924 344.403
740.828 46.7082
740.828 46.7082
306.379 12.0527
712.51 541.234
954.558 177.591
739.055 103.986
42.8946 410.208
42.8946 410.208
394.815 4.95196
941.182 44.5492
841.691 559.104
361.654 478.485
809.456 10.4148
956.638 226.821
526.394 550.121
928.25 40.4774
189.626 378.582
189.626 378.582
759.178 51.4114
560.695 175.813
560.695 175.813
1009.88 498.679
948.384 523.438
122.109 528.805
909.648 393.557
916.192 273.621
138.052 80.4575
132.876 168.267
132.876 168.267
993.141 219.969
217.038 415.141
934.917 215.711
382.4 399.137
39.7777 383.088
984.671 220.172
219.093 187.509
916.387 598.922
290.436 230.635
270.36 42.7276
899.436 555.941
888.934 386.645
971.543 526.725
971.543 526.725
571.647 160.863
730.178 459.557
730.178 459.557
829.764 163.565
495.858 10.5124
577.005 347.149
805.604 324.889
388.452 162.4
479.894 62.6682
866.123 557.264
715.517 155.509
715.517 155.509
746.83 452.326
955.014 389.68
925.765 277.625
801.342 269.629
490.798 166.391
490.798 166.391
311.585 229.156
957.059 198.16
618.021 100.028
966.647 510.507
831.933 152.92
956.044 104.234
785.399 516.078
43.501 563.938
424.693 376.613
993.635 344.159
750.104 411.085
436.159 320.945
863.115 329.695
653.907 234.457
418.46 101.71
950.79 206.079
576.634 355.274
576.634 355.274
558.907 335.981
450.003 5.43569
946.695 187.385
836.036 559.212
423.12 85.7691
423.12 85.7691
846.5 492.029
325.374 35.2341
376.462 3.12415
995.906 274.983
284.865 607.123
744.875 387.664
799.573 564.415
103.284 109.692
682.289 292.614
931.522 380.838
598.172 237.156
761.371 122.599
153.225 186.534
153.225 186.534
728.419 106.165
516.351 88.5197
516.351 88.5197
746.13 51.3289
805.661 39.1004
458.292 367.541
707.63 454.817
653.219 192.09
863.791 431.331
85.0058 551.682
384.565 180.086
948.681 242.419
92.882 291.806
801.422 156.33
955.797 252.147
991.699 392.95
460.441 236.208
953.145 422.365
352.462 32.8198
175.215 29.9457
744.703 5.228
267.227 438.855
342.333 365.852
504.068 151.588
1003.15 555.229
552.019 362.012
975.473 628.079
995.988 97.3507
814.158 585.067
761.583 157.532
579.423 36.5855
1004.22 367.817
744.772 22.3846
430.767 227.1
430.767 227.1
858.961 143.733
357.836 148.612
357.836 148.612
818.609 392.081
482.896 382.869
482.896 382.869
955.338 398.129
20.0735 521.168
743.788 432.599
743.788 432.599
335.583 103.927
335.583 103.927
218.984 357.754
653.322 166.022
439.493 376.433
782.363 487.92
660.71 30.8236
421.473 38.7764
241.888 602.543
939.958 17.2405
223.014 373.143
764.337 187.299
775.458 484.77
479.24 33.9944
932.562 384.986
927.455 210.489
927.455 210.489
847.785 488.805
967.811 354.174
690.122 91.3341
924.718 123.097
414.854 440.019
189.715 241.373
344.802 359.122
344.802 359.122
160.435 54.8407
160.435 54.8407
312.783 120.48
312.783 120.48
951.045 309.168
950.487 200.375
262.378 64.208
262.378 64.208
262.378 64.208
618.177 95.7056
618.177 95.7056
954.399 169.262
416.082 32.5393
830.901 287.936
40.2683 510.756
284.639 20.3604
194.873 317.232
363.877 6.93925
384.947 194.314
384.947 194.314
854.592 75.5708
197.422 399.615
939.893 435.106
388.849 169.185
869.559 514.353
961.023 328.45
961.023 328.45
911.489 278.012
624.888 206.291
38.239 441.422
31.8051 490.305
847.789 513.149
847.789 513.149
813.905 423.322
555.583 338.936
9.33015 537.333
270.026 328.529
959.174 508.159
743.533 390.736
932.701 318.609
932.701 318.609
210.981 589.379
210.981 589.379
552.44 63.5565
552.44 63.5565
735.47 85.7625
539.037 247.787
874.737 107.563
694.048 432.34
391.522 44.7965
486.005 366.776
486.005 366.776
779.844 546.971
368.459 3.9313
368.459 3.9313
368.459 3.9313
721.628 105.774
749.062 118.601
198.078 96.8549
328.969 341.817
230.042 91.4149
444.627 350.481
939.27 314.517
863.734 321.321
863.734 321.321
757.971 387.275
269.06 45.8862
779.567 484.835
903.74 461.489
684.074 235.932
779.528 14.884
235.423 90.5362
191.453 189.041
208.429 93.1363
483.261 586.293
483.261 586.293
457.421 372.114
727.254 153.228
226.599 307.395
867.558 481.59
162.391 30.4077
337.684 108.92
789.545 150.947
760.56 556.883
760.56 556.883
953.48 373.558
955.545 405.127
500.632 382.718
925.675 593.245
783.238 405.19
509.736 22.9409
551.848 339.496
1009.61 494.132
331.933 51.1996
471.919 189.021
527.851 48.4249
566.768 336.071
420.479 477.781
626.321 100.836
688.277 389.49
465.047 367.069
266.681 280.782
774.008 96.6037
268.726 299.422
387.607 187.906
784.215 95.7107
784.215 95.7107
307.177 130.602
501.225 291.879
501.225 291.879
804.995 42.4789
804.995 42.4789
526.893 572.898
562.536 310.111
845.688 423.958
848.019 152.179
850.146 218.298
761.575 229.974
344.845 4.2353
320.818 3.16918
163.921 416.819
640.021 195.797
640.021 195.797
632.542 452.316
632.542 452.316
444.448 371.461
573.538 362.32
752.47 84.8148
751.438 480.864
383.887 296.69
954.31 368.901
726.932 219.174
509.226 161.847
155.084 170.235
155.084 170.235
929.671 81.3191
363.173 262.009
122.271 446.306
171.436 292.077
729.615 512.637
963.397 244.442
999.854 554.853
829.022 535.151
829.022 535.151
79.5663 513.03
948.437 316.024
500.706 326.077
500.706 326.077
957.284 449.787
398.723 605.944
398.723 605.944
712.988 161.937
583.62 471.567
583.62 471.567
585.096 578.047
962.818 71.6181
248.302 189.222
22.3567 544.015
759.038 90.1471
232.527 259.231
972.333 611.068
282.609 172.641
465.834 617.7
651.076 305.4
444.363 5.43449
741.093 258.445
596.884 150.346
596.884 150.346
312.065 134.669
838.547 485.78
261.117 593.638
261.117 593.638
816.367 151.45
402.239 45.8666
402.239 45.8666
660.323 576.633
425.335 373.331
425.335 373.331
728.946 359.289
780.099 403.666
727.209 450.085
223.736 590.495
223.736 590.495
256.013 490.704
594.467 443.714
594.467 443.714
744.158 19.0023
677.469 138.757
677.469 138.757
894.634 513.652
894.634 513.652
718.561 539.237
929.935 521.489
385.178 90.8586
849.832 480.976
649.762 115.392
562.853 47.399
139.922 514.467
38.0513 513.964
792.944 458.169
748.074 191.879
955.525 293.46
1005.19 469.438
429.027 137.297
389.071 210.575
87.5566 579.967
87.5566 579.967
191.123 208.972
191.123 208.972
847.709 291.488
859.627 146.984
859.627 146.984
952.735 315.133
976.334 396.899
956.693 559.802
927.328 331.413
38.6803 434.745
835.823 487.993
715.084 368.083
479.831 445.669
946.101 101.544
782.367 562.921
455.47 374.806
339.865 144.663
809.045 6.91628
918.494 20.9276
918.494 20.9276
947.096 199.531
366.966 187.949
618.983 169.088
307.166 362.955
307.166 362.955
232.767 259.178
232.767 259.178
327.886 127.021
557.312 454.017
801.319 408.473
499.781 289.012
845.64 225.762
994.853 456.671
815.952 154.921
274.102 484.633
255.537 460.916
798.321 256.674
353.616 233.514
353.616 233.514
823.019 423.183
1007.12 427.097
165.661 127.974
490.842 8.11426
951.297 377.925
247.15 8.03837
247.15 8.03837
508.101 145.811
711.713 17.5581
379.588 604.086
379.588 604.086
924.447 252.907
624.817 447.845
624.817 447.845
217.699 180.921
217.699 180.921
408.339 17.737
242.572 489.933
741.176 275.904
903.799 604.715
83.5882 486.637
83.5882 486.637
34.4617 577.403
34.4617 577.403
921.866 119.399
921.866 119.399
894.11 517.372
953.739 625.189
845.385 288.606
460.622 7.98626
835.977 415.877
728.974 156.377
459.887 264.075
175.591 397.614
732.831 334.194
209.975 36.8036
963.767 89.5815
943.685 114.143
710.022 229.7
814.994 463.375
713.29 145.473
713.29 145.473
795.367 531.469
131.574 171.789
131.574 171.789
234.615 373.832
797.239 549.207
797.239 549.207
932.981 394.951
300.15 645.589
328.663 291.153
982.098 594.098
723.396 529.561
238.938 318.061
503.885 613.888
572.157 164.804
899.418 594.338
415.956 198.61
415.956 198.61
415.956 198.61
585.824 320.772
585.824 320.772
320.637 76.8633
937.749 73.9131
739.251 550.868
751.08 293.82
657.989 302.987
163.371 424.296
481.377 174.876
978.71 606.879
978.71 606.879
784.122 512.947
941.664 169.983
441.571 226.01
504.549 200.078
381.026 176.024
698.099 260.426
757.063 559.517
757.063 559.517
448.702 52.853
703.809 491.554
703.809 491.554
331.798 599.91
331.798 599.91
201.371 585.563
201.371 585.563
201.371 585.563
188.061 556.458
474.694 181.39
278.509 172.369
928.456 359.413
287.896 208.866
958.896 488.362
967.603 357.939
791.18 485.413
802.867 331.9
561.038 283.568
496.553 26.3531
496.553 26.3531
469.363 244.651
230.691 438.479
1000.54 565.57
961.375 266.776
477.402 160.928
516.694 153.665
40.6925 358.174
42.5258 333.464
431.399 84.8146
573.985 344.075
573.985 344.075
840.603 489.682
709.501 344.639
808.381 247.353
871.669 549.35
370.068 384.344
361.365 158.997
361.365 158.997
361.365 158.997
999.708 348.075
572.538 111.702
712.982 434.825
772.503 45.3862
796.143 186.851
796.143 186.851
833.453 149.758
346.528 601.247
346.528 601.247
882.904 142.743
626.951 561.764
602.508 104.46
602.508 104.46
229.266 410.153
941.611 474.239
661.604 166.556
661.604 166.556
459.933 96.2172
398.551 104.133
951.065 2.48966
176.946 291.08
650.03 94.6741
786.134 110.893
786.134 110.893
237.716 469.469
94.8581 542.291
716.267 422.286
716.267 422.286
938.544 478.049
942.157 425.113
386.476 384.027
483.514 532.389
483.514 532.389
512.065 3.36028
210.989 171.98
559.535 345.56
681.699 435.674
462.193 379.618
974.558 176.154
673.718 415.282
463.572 200.562
463.572 200.562
812.007 515.177
957.131 511.001
944.805 137.366
453.836 9.28569
919.039 102.455
777.304 133.155
612.674 165.114
412.32 384.63
412.32 384.63
436.501 361.834
743.671 366.775
249.705 257.035
455.413 28.182
775.685 481.631
775.685 481.631
635.719 206.012
923.105 575.436
923.456 91.08
940.343 11.0831
924.612 411.495
521.874 461.484
521.874 461.484
330.936 129.734
532.055 2.70947
661.098 145.014
879.412 482.021
384.135 45.9953
295.611 445.879
937.711 34.188
990.09 117.129
217.515 35.7597
728.112 55.334
487.005 397.714
487.005 397.714
858.343 411.953
230.761 591.194
230.761 591.194
809.484 386.195
939.536 505.564
948.07 214.299
101.143 193.21
174.28 57.0058
174.28 57.0058
959.05 514.969
712.693 138.904
938.289 625.658
968.068 562.252
968.068 562.252
447.435 7.68882
743.157 186.803
654.64 530.962
335.115 134.357
704.919 541.065
139.988 83.58
753.7 363.109
610.449 449.94
980.848 610.088
699.743 386.078
320.347 120.28
804.629 414.053
245.969 44.6828
767.577 558.081
767.577 558.081
367.199 329.613
234.505 68.3827
467.268 606.114
941.884 511.265
605.822 479.908
491.184 380.66
843.125 183.897
18.6476 517.806
200.034 431.447
472.358 616.947
472.358 616.947
959.363 315.976
632.53 420.382
756.427 606.584
756.427 606.584
153.542 451.451
300.122 43.7909
206.847 96.3028
216.056 4.83954
962.506 366.592
415.424 372.126
821.03 456.219
687.088 29.2456
466.642 209.288
196.671 21.7446
418.114 378.108
418.114 378.108
330.337 30.7301
330.337 30.7301
914.1 489.93
311.231 598.12
311.231 598.12
298.535 76.9977
565.147 279.511
835.316 179.809
835.316 179.809
449.687 310.392
935.552 447.224
573.823 92.3016
611.072 585.491
791.085 291.031
852.615 2.33629
929.074 77.3929
551.807 138.888
495.422 614.596
355.782 153.631
355.782 153.631
339.296 71.9303
339.296 71.9303
264.042 88.3032
209.876 70.2955
954.547 458.022
753.155 603.352
206.446 588.83
527.901 464.453
527.901 464.453
103.926 546.14
465.8 490.354
347.48 165.302
347.48 165.302
955.622 54.4607
941.941 77.4132
978.681 78.4482
928.492 130.809
928.492 130.809
329.97 288.08
329.97 288.08
742.463 127.511
247.601 476.346
247.601 476.346
859.116 315.869
589.147 361.677
589.147 361.677
589.147 361.677
477.603 183.401
516.544 5.06938
572.639 379.015
572.639 379.015
933.227 40.5341
446.959 302.09
574.019 192.063
574.019 192.063
518.483 554.672
256.435 556.162
479.945 580.29
212.634 488.63
823.539 361.878
813.147 332.782
759.771 489.702
790.703 114.767
948.799 46.4147
936.457 344.494
936.457 344.494
305.401 597.689
305.401 597.689
747.634 438.641
672.851 53.2791
227.632 287.142
359.64 311.398
359.64 311.398
931.54 161.498
869.835 252.084
869.835 252.084
929.503 317.485
964.438 357.358
964.438 357.358
923.285 81.9357
700.528 435.59
728.449 20.3234
633.337 115.971
486.918 8.5606
491.446 60.4561
491.446 60.4561
891.827 486.474
891.827 486.474
219.941 440.619
219.941 440.619
918.284 16.9122
996.074 114.432
484.024 291.336
509.625 253.545
429.906 222.495
746.77 541.514
16.6092 583.584
16.6092 583.584
213.989 33.1639
723.55 393.165
961.094 370.471
492.844 174.003
459.48 548.639
783.824 550.081
954.116 70.7697
293.341 596.567
293.341 596.567
908.851 555.048
903.055 559.586
375.417 59.8427
212.714 438.083
383.913 368.069
363.114 192.998
177.147 239.64
670.975 140.871
670.975 140.871
380.871 22.6814
408.04 314.626
933.379 246.787
928.739 69.6496
200.639 324.919
997.667 569.057
716.998 557.848
526.19 612.011
844.528 564.83
844.528 564.83
504.617 187.34
452.681 199.774
452.681 199.774
555.452 317.919
255.377 89.2025
795.807 485.929
764.556 494.006
663.588 262.684
663.588 262.684
257.236 44.4466
453.004 578.051
738.395 452.976
738.395 452.976
738.395 452.976
329.011 611.231
621.689 78.5463
621.689 78.5463
160.876 126.301
160.876 126.301
831.696 458.383
764.688 74.8348
764.688 74.8348
548.4 355.932
548.4 355.932
880.315 380.71
880.315 380.71
936.503 620.369
729.722 352.372
578.909 449.105
360.902 74.4967
952.57 321.588
640.18 31.6358
49.6042 254.339
429.235 133.326
913.839 572.025
913.839 572.025
469.983 225.074
112.889 489.472
939.432 87.1472
366.407 184.952
930.576 198.366
924.478 141.46
49.1449 265.12
527.414 532.054
915.537 598.562
799.769 326.658
15.6596 561.043
638.303 178.379
638.303 178.379
772.685 503.619
772.685 503.619
718.074 392.571
242.673 33.4432
876.642 143.375
327.791 130.01
622.563 115.145
610.57 542.925
547.538 392.292
547.542 483.387
601.88 36.8269
601.88 36.8269
846.425 366.729
328.368 326.124
613.098 459.835
231.87 554.084
187.633 402.991
975.39 4.39125
442.413 35.9657
427.211 16.9949
145.789 488.886
174.61 489.036
174.61 489.036
307.824 104.771
164.889 316.489
638.405 204.057
141.725 240.972
479.666 38.8329
950.411 78.6383
552.4 156.025
759.412 193.975
851.589 5.42688
164.118 451.388
818.327 489.29
362.706 171.581
945.405 529.516
41.2 396.971
87.1978 464.507
40.457 406.923
695.477 139.87
53.4255 118.616
127.405 307.46
344.012 351.446
468.972 384.263
871.673 485.014
161.397 51.4471
196.977 146.884
727.291 455.926
492.377 531.856
588.032 465.88
588.032 465.88
742.921 124.506
704.023 505.395
558.304 522.319
753.914 17.5232
964.293 310.064
964.293 310.064
238.786 323.292
238.786 323.292
959.008 494.394
959.008 494.394
962.445 26.9527
360.533 191.364
740.514 548.099
740.514 548.099
729.411 52.3567
186.335 313.303
807.592 423.504
354.524 366.344
734.283 316.18
161.669 26.7722
569 383.121
569 383.121
418.577 227.756
950.597 525.765
950.597 525.765
84.5739 466.118
596.832 395.02
596.832 395.02
954.291 449.047
820.664 459.063
610.956 394.953
610.956 394.953
535.117 599.564
535.117 599.564
891.891 213.965
963.809 590.48
273.345 648.391
349.481 613.17
948.405 222.89
988.083 607.902
988.083 607.902
359.131 47.2762
902.749 374.044
800.795 153.246
800.795 153.246
804.487 258.428
508.611 4.28716
686.636 115.063
552.89 379.87
552.89 379.87
479.786 165.841
893.41 556.453
384.151 314.824
295.441 145.257
166.305 160.154
635.336 98.9769
370.085 261.657
211.954 119.962
460.886 606.561
460.886 606.561
529.039 254.506
244.911 66.5211
981.873 588.148
908.674 406.555
641.431 6.33621
843.292 465.583
339.542 310.702
768.048 392.477
475.056 189.22
491.238 323.739
929.64 386.868
613.529 456.445
279.464 84.5317
647.733 32.8732
990.46 344.524
189.799 313.874
377.883 378.695
145.794 82.268
54.5185 161.075
718.657 263.473
172.416 518.54
528.937 336.648
731.109 543.201
201.32 455.049
90.4523 383.679
150.732 198.225
150.732 198.225
421.841 372.311
112.96 246.034
227.752 22.2138
319.137 326.382
888.233 186.668
31.8063 504.67
662.219 265.406
949.216 171.527
959.347 559.967
959.347 559.967
483.354 386.663
805.807 4.35579
420.805 450.96
499.226 614.382
486.348 311.53
190.305 238.005
190.305 238.005
862.722 363.673
862.722 363.673
820.453 389.185
661.863 69.1025
907.176 557.887
300.679 376.928
300.679 376.928
671.551 107.531
142.069 491.129
174.646 378.505
174.646 378.505
981.2 616.651
981.2 616.651
788.455 280.274
788.455 280.274
452.501 82.2631
599.529 374.293
776.366 512.426
790.094 551.703
674.378 420.763
281.058 231.943
489.899 479.362
497.277 298.047
938.552 421.011
938.552 421.011
762.038 382.241
558.355 20.526
541.68 245.534
373.608 432.415
482.665 9.18245
867.139 317.941
605.337 13.5566
463.568 376.416
463.568 376.416
677.388 367.634
732.013 107.224
217.065 381.81
217.065 381.81
767.693 328.292
484.198 157.857
675.003 58.7729
186.089 400.325
801.493 44.7324
403.811 19.5865
675.988 204.371
980.565 598.342
532.621 470.457
532.621 470.457
923.496 87.562
730.863 577.864
944.619 324.069
40.7181 448.802
80.1246 509.345
501.47 193.453
221.811 50.8755
221.811 50.8755
221.811 50.8755
399.99 381.433
80.2002 542.53
133.334 215.151
575.455 553.296
621.015 435.316
472.608 388.793
568.039 300.718
812.342 329.618
812.342 329.618
146.33 314.381
266.071 141.63
741.834 545.367
950.992 212.632
93.1602 579.223
876.898 327.814
227.233 371.41
741.727 545.362
173.504 394.933
698.205 391.016
857.658 522.633
296.029 608.269
522.822 52.845
539.977 599.201
586.713 37.8968
203.296 421.082
198.379 188.631
677.82 360.368
675.531 201.64
809.38 485.857
927.43 23.363
297.705 649.726
864.526 31.4689
125.912 313.137
125.912 313.137
788.16 225.072
788.16 225.072
442.142 221.625
906.379 560.475
114.128 243.385
522.086 434.057
712.683 323.598
952.727 559.652
670.27 445.142
670.27 445.142
324.911 456.882
673.63 31.6527
821.532 151.235
874.158 366.6
486.697 51.8267
43.7208 358.469
940.512 453.555
852.757 292.126
515.61 601.59
515.61 601.59
761.548 401.899
935.23 330.04
670.102 555.394
670.102 555.394
493.205 603.669
305.063 609.11
917.899 66.4815
357.462 362.79
263.363 446.917
766.321 51.9272
766.321 51.9272
205.553 189.918
464.262 3.21411
842.991 418.945
49.5745 257.76
870.154 517.763
226.319 187.457
176.191 24.2196
948.715 156.529
975.235 610.596
301.15 139.081
718.798 364.513
876.602 517.735
490.219 63.3344
601.149 501.162
814.344 478.197
814.344 478.197
500.557 130.186
220.23 311.535
833.439 290.702
491.663 399.305
554.927 226.928
554.927 226.928
963.984 314.393
738.213 389.607
372.007 296.67
630.664 295.314
630.664 295.314
630.664 295.314
679.72 151.601
945.933 81.0468
602.065 101.075
329.075 310.832
329.075 310.832
159.006 327.454
159.006 327.454
285.636 23.2738
917.405 9.53237
917.405 9.53237
503.158 177.492
708.485 13.9993
708.485 13.9993
784.296 122.005
151.759 315.097
507.521 447.463
529.384 207.455
746.151 288.063
373.343 564
373.343 564
157.398 53.0719
271.015 458.596
211.579 175.297
211.579 175.297
465.281 566.966
501.695 6.39104
47.2395 299.381
933.851 209.01
49.8046 249.518
830.061 367.278
948.274 142.51
610.364 67.5991
495.354 184.339
131.795 293.961
33.3558 562.106
813.964 558.133
725.946 132.379
567.875 21.502
628.909 370.086
868.046 111.13
814.149 459.614
452.078 37.2929
161.746 99.6288
389.662 206.203
79.3738 527.478
846.888 369.999
453.794 225.392
519.523 571.504
804.055 81.4464
373.47 398.347
908.303 324.127
641.347 448.168
676.66 17.5436
676.66 17.5436
737.635 333.717
734.836 453.627
592.868 357.485
466.793 208.914
641.221 404.687
964.342 9.93484
723.211 102.817
205.721 120.977
168.529 442.611
334.579 2.58771
969.126 56.1064
680.75 482.786
940.537 572.226
510.954 613.481
510.954 613.481
369.066 168.517
369.066 168.517
158.491 33.5299
491.731 377.709
678.569 112.548
343.098 307.005
220.772 338.634
238.083 30.6346
238.083 30.6346
47.355 296.019
567.907 317.475
608.954 13.72
831.696 506.565
453.358 459.58
511.874 55.2761
205.67 262.158
749.855 77.0526
430.611 374.914
481.392 289.545
192.855 263.405
890.488 507.009
182.586 447.478
732.943 512.916
279.073 444.058
324.582 382.242
946.889 526.203
691.988 393.353
918.043 505.315
918.043 505.315
555.106 557.472
555.106 557.472
81.9654 528.306
953.976 435.975
506.482 567.118
98.2141 578.507
902.932 529.898
942.991 81.4228
238.593 445.3
204.072 187.442
606.841 576.036
606.841 576.036
298.631 110.021
373.14 368.518
779.643 512.882
900.742 370.882
164.377 415.95
130.853 187.269
491.448 10.9815
481.331 158.468
496.312 562.722
496.312 562.722
405.381 3.72007
824.445 185.423
286.777 256.955
862.515 37.2678
643.4 110.531
643.4 110.531
464.976 563.933
952.524 404.253
778.795 154.87
75.6583 581.515
75.6583 581.515
248.069 57.8434
712.724 451.057
798.361 361.569
798.361 361.569
205.787 2.27374
564.729 313.22
499.888 184.087
499.888 184.087
96.9217 545.663
190.559 404.368
873.112 391.01
951.544 242.269
639.035 174.732
639.035 174.732
351.301 170.18
641.719 61.2915
43.4472 362.107
921.633 20.6695
627.306 516.337
386.456 172.101
705.046 421.612
49.971 244.963
928.464 490.186
157.707 163.58
757.375 228.462
126.513 310.32
126.513 310.32
201.583 547.505
721.849 219.445
570.464 11.1932
570.464 11.1932
949.624 184.667
935.908 369.942
377.719 381.637
713.894 510.027
715.895 197.851
935.74 451.433
338.395 133.447
796.924 552.172
935.956 480.834
402.678 566.259
402.678 566.259
740.855 130.782
740.855 130.782
268.638 187.293
812.564 420.467
651.837 517.582
651.837 517.582
927.231 265.1
957.984 532.839
879.276 551.585
879.276 551.585
126.999 315.729
460.859 54.3075
460.859 54.3075
853.661 271.917
853.661 271.917
964.576 14.7974
412.077 477.455
501.674 602.918
501.674 602.918
372.08 6.79265
372.08 6.79265
710.455 164.077
487.77 353.047
747.833 557.837
373.115 554.008
680.631 198.019
680.631 198.019
165.017 448.448
324.873 52.4303
442.475 209.736
442.475 209.736
833.273 183.552
1012.41 400.354
557.182 155.887
557.182 155.887
119.161 490.514
649.312 168.482
79.501 580.879
79.501 580.879
333.986 318.889
953.941 59.6104
953.941 59.6104
953.941 59.6104
724.224 332.613
952.035 16.0826
952.035 16.0826
1003.02 340.915
620.952 238.097
284.25 84.1452
331.417 47.885
944.567 490.56
741.697 190.099
833.127 468.118
503.929 205.426
783.75 484.667
791.318 97.7042
455.86 195.49
455.86 195.49
455.86 195.49
993.742 613.053
738.347 226.581
21.6506 549.453
364.866 578.321
334.687 103.649
538.494 48.112
925.736 227.336
545.944 569.265
545.944 569.265
924.418 32.1508
924.418 32.1508
432.343 620.708
585.446 122.517
701.094 263.493
826.045 432.678
510.091 575.629
845.016 561.554
485.982 161.507
614.472 206.46
572.708 95.4849
574.415 74.5345
401.103 445.952
401.103 445.952
641.579 66.9143
235.175 31.8745
112.789 447.419
785.606 420.057
185.272 548.575
185.272 548.575
985.319 595.526
627.681 82.7595
583.678 125.094
960.278 228.573
159.376 194.108
419.347 42.9549
419.347 42.9549
936.005 235.526
377.717 261.173
603.371 11.4228
135.218 171.544
766.001 290.612
766.001 290.612
528.69 302.069
726.198 352.689
726.198 352.689
936.268 334.153
157.495 470.39
931.091 302.433
416.981 17.205
937.028 166.926
949.781 454.154
949.781 454.154
922.315 126.987
633.444 70.642
374.888 354.971
374.888 354.971
1015.77 561.481
1015.77 561.481
359.192 28.4036
280.463 374.963
914.808 356.362
896.107 487.858
896.107 487.858
623.343 34.942
623.343 34.942
515.84 419.902
500.955 329.56
358.314 25.7675
633.95 415.174
905.302 553.383
167.316 397.716
963.157 50.4175
606.583 121.499
376.742 183.85
560.816 355.838
451.419 229.919
451.419 229.919
454.641 351.915
173.426 122.296
947.92 552.187
149.094 434.921
925.889 287.215
951.572 370.22
378.594 25.2331
385.093 202.679
372.956 3.89559
372.956 3.89559
310.704 76.4389
310.704 76.4389
449.7 351.874
449.7 351.874
519.673 38.32
854.228 564.108
1004.49 581.04
130.163 242.897
130.163 242.897
859.137 140.46
859.137 140.46
329.616 38.835
463.051 233.074
727.529 432.121
727.529 432.121
638.53 66.8956
549.867 317.881
724.018 221.982
797.851 15.3577
797.851 15.3577
276.648 184.479
922.904 186.566
806.519 321.568
184.708 59.1237
600.48 517.413
741.689 121.907
694.486 366.971
685.803 439.765
665.575 467.413
665.575 467.413
842.552 6.09872
732.232 455.757
732.232 455.757
668.787 535.503
741.78 330.577
569.903 339.049
251.66 259.83
628.433 531.595
174.399 26.9669
338.453 385.977
580.872 316.987
47.4887 292.866
751.647 451.426
190.983 430.019
661.707 230.44
661.707 230.44
900.641 618.98
483.609 6.44918
610.166 552.569
610.166 552.569
995.129 77.5337
338.432 432.046
338.432 432.046
270.422 303.058
498.754 254.141
387.073 165.969
934.786 415.083
386.986 387.382
938.553 412.841
938.553 412.841
111.106 484.899
111.106 484.899
459.369 22.7211
236.663 376.586
957.997 238.117
640.624 198.682
659.687 187.281
659.687 187.281
386.383 416.865
339.048 325.584
142.467 316.942
924.82 381.496
924.82 381.496
667.214 29.9519
861.206 324.04
368.55 177.842
368.55 177.842
956.705 373.608
552.981 298.16
929.178 64.5107
929.178 64.5107
552.869 342.797
169.886 216.051
950.132 98.9802
323.987 103.405
813.43 454.286
606.953 444.018
889.859 11.0176
971.444 530.037
657.495 579.207
945.247 142.406
783.316 83.6211
216.561 396.47
249.31 206.434
957.753 42.2285
565.968 524.605
565.968 524.605
553.247 449.968
662.935 65.4751
662.935 65.4751
971.009 355.378
971.009 355.378
201.081 71.5483
173.507 36.0263
948.946 65.4496
948.946 65.4496
948.946 65.4496
557.552 564.431
557.552 564.431
217.56 9.33144
217.56 9.33144
217.56 9.33144
993.725 359.586
494.707 60.486
494.707 60.486
841.724 178.01
856.301 146.647
791.317 488.322
274.239 204.107
694.507 293.299
759.879 17.2008
759.879 17.2008
929.005 364.096
908.529 244.192
280.124 485.414
504.549 157.546
591.675 441.452
765.77 2.66853
798.901 282.101
516.175 463.923
516.175 463.923
55.0719 139.609
942.485 437.185
648.098 548.735
765.795 301.312
765.795 301.312
152.527 129.107
306.277 179.329
103.188 569.513
223.513 91.2153
223.513 91.2153
267.573 184.754
509.111 168.807
346.373 14.2098
958.856 265.168
755.582 36.903
666.648 297.642
668.658 70.364
668.658 70.364
501.518 157.301
435.004 381.055
435.004 381.055
853.039 268.973
529.516 362.423
165.186 514.142
706.821 320.566
706.821 320.566
795.339 52.4105
857.422 327.759
857.422 327.759
142.397 173.782
352.464 414.439
829.87 357.798
829.87 357.798
132.741 129.566
705.472 162.359
134.494 165.174
359.432 227.553
357.831 97.6075
704.831 22.3582
77.007 511.712
280.92 643.786
960.738 237.512
18.3259 528.139
577.959 158.538
433.177 623.326
737.401 195.019
709.596 509.534
709.596 509.534
240.401 69.3776
704.951 390.426
704.951 390.426
542.626 217.898
339.901 136.066
652.736 300.295
740.447 279.23
936.306 241.136
192.722 245.488
661.385 131.036
661.385 131.036
697.525 443.995
441.682 45.778
375.69 19.9611
78.9158 551.168
804.053 261.223
173.517 146.81
549.794 50.0225
549.794 50.0225
861.246 290.479
473.538 187.123
603.831 67.1368
911.018 594.47
956.864 438.019
244.121 404.133
496.89 290.874
920.096 98.3121
52.4055 256.688
609.859 106.148
609.859 106.148
397.822 477.101
416.977 273.135
981.369 601.999
556.004 255.845
377.956 399.855
133.936 241.686
133.936 241.686
635.898 561.778
939.309 64.2249
94.3915 317.761
470.333 570.415
470.333 570.415
965.062 68.9133
655.002 391.701
752.73 74.0826
650.383 235.31
619.396 576.942
926.42 207.433
837.281 513.183
835.809 534.694
835.809 534.694
275.45 464.062
275.45 464.062
744.218 414.434
962.984 35.4465
993.561 129.998
835.986 421.476
835.986 421.476
997.057 556.516
417.002 437.403
451.49 621.522
489.957 29.4395
869.723 327.416
869.723 327.416
999.485 552.693
414.129 358.41
686.406 32.2447
693.787 442.556
1016.92 580.224
1016.92 580.224
838.298 36.085
310.822 123.004
248.629 208.894
487.799 452.17
739.596 155.057
690.01 235.098
378.47 327.029
236.629 321.507
556.733 383.486
790.95 427.562
859.021 294.791
631.382 33.9588
614.787 391.022
614.787 391.022
730.439 415.908
948.15 3.54323
768.315 120.832
419.892 202.408
265.824 546.962
265.824 546.962
940.784 274.572
387.505 332.464
256.94 404.343
883.081 139.284
628.532 264.312
803.135 78.9487
803.135 78.9487
784.082 453.578
845.629 154.714
42.8988 428.799
50.1932 240.756
765.065 228.964
763.146 490.754
960.566 168.019
219.049 333.773
219.049 333.773
662.224 142.293
500.783 386.034
228.191 556.858
660.123 474.045
660.123 474.045
927.149 459.237
927.149 459.237
497.127 325.135
497.127 325.135
793.859 556.095
868.667 267.93
854.444 389.553
857.54 37.6429
308.185 392.361
789.303 503.848
789.303 503.848
668.928 36.5303
82.5394 544.658
219.075 543.512
219.075 543.512
936.287 262.072
50.455 234.477
880.042 485.375
186.675 447.971
493.099 585.08
951.192 428.34
951.192 428.34
714.08 21.0043
770.673 34.8983
311.326 366.286
910.307 36.0288
645.134 391.743
284.958 107.211
871.573 511.519
41.9973 385.754
494.721 369.925
910.005 108.893
461.891 620.536
619.397 38.0485
619.397 38.0485
847.517 60.1728
955.638 247.811
736.915 198.181
951.202 223.773
165.964 422.431
421.317 459.565
46.2976 360.677
672.099 580.021
137.285 241.142
634.451 68.0005
148.477 446.207
852.143 265.534
852.143 265.534
940.954 105.86
940.954 105.86
821.435 78.3627
241.998 524.238
343.281 325.376
795.998 101.494
533.012 332.787
795.542 523.38
802.472 103.559
399.951 228.18
304.961 181.438
890.739 492.587
744.001 314.407
424.985 566.722
424.985 566.722
758.625 120.691
761.426 245.422
756.046 8.25843
468.465 568.001
429.805 364.707
640.734 410.983
681.242 263.901
559.008 570.614
559.008 570.614
846.656 459.851
261.044 458.409
261.044 458.409
199.664 131.049
978.9 333.121
939.816 158.68
472.357 419.512
372.692 579.395
813.24 367.719
764.511 190.451
804.842 366.947
819.214 162.961
510.47 164.926
960.038 549.374
571.858 296.197
339.296 259.994
339.296 259.994
117.876 481.237
626.927 203.325
626.927 203.325
887.313 89.1727
887.313 89.1727
694.255 93.6279
506.181 196.107
148.454 240.752
342.386 90.2853
826.145 75.9376
826.145 75.9376
276.072 438.852
322.755 15.5991
366.162 168.862
257.741 546.495
218.455 70.2645
780.082 350.699
719.826 390.315
550.013 446.562
679.145 28.1636
304.769 136.125
780.952 138.013
497.104 366.732
877.573 330.316
759.787 131.268
153.346 324.902
378.586 440.29
164.616 347.132
678.273 157.841
223.24 32.5121
236.359 47.6454
699.47 540.925
381.286 261.079
502.288 141.592
684.491 407.794
181.994 404.579
320.472 153.026
862.793 179.099
767.345 15.6979
626.378 63.105
