1558
377.86 14.5153
574.087 16.6716
925.039 16.8557
415.219 18.3454
360.36 19.0258
535.908 20.9535
388.684 24.1668
412.227 24.306
484.808 23.5717
438.645 24.7962
509.423 25.0917
556.288 24.6355
183.666 25.8845
303.217 25.6236
60.2765 29.075
649.029 30.3533
655.449 33.9407
834.425 33.3215
333.138 36.1574
615.382 36.4848
363.856 36.6419
431.117 40.5302
504.211 41.0142
528.802 41.5156
277.531 42.0644
330.76 42.3841
622.423 41.9015
338.555 46.8442
638.345 49.2011
295.831 50.5501
772.116 51.676
618.054 52.8621
645.702 54.1006
662.019 60.2638
159.342 62.4807
227.998 61.629
680.057 62.1544
668.305 65.6611
831.375 65.0103
234.686 65.8658
642.785 65.561
876.929 65.8274
164.888 67.7601
89.4218 72.4215
639.348 74.091
74.9829 76.2837
946.981 76.4439
396.632 77.8026
537.777 79.0243
699.953 80.6075
452.72 82.4463
478.214 82.6156
504.124 82.8163
532.775 82.9145
952.994 82.7563
85.7965 85.1344
935.828 86.7117
111.006 90.6941
167.069 91.7878
22.253 97.4864
195.966 98.3394
349.616 98.4487
560.755 97.828
66.4716 99.7037
118.096 103.021
302.841 103.274
754.074 103.212
72.5471 103.455
201.2 104.172
328.102 104.399
168.819 104.341
677.147 104.655
63.6568 106.166
431.917 106.847
627.994 106.983
243.329 108.45
396.228 108.233
415.327 108.164
606.006 107.866
552.554 109.073
423.269 110.341
535.291 109.865
368.282 111.557
581.835 112.52
288.159 113.03
634.426 113.404
242.052 114.369
528.47 114.446
656.026 114.407
192.063 115.372
361.335 115.296
232.374 116.796
247.856 118.317
397.462 123.211
412.779 122.449
551.581 124.107
533.029 124.889
628.678 128.644
789.249 129.053
342.308 129.887
233.838 131.074
404.607 131.984
766.901 132.053
542.369 133.192
715.87 133.828
846.331 134.932
982.56 137.459
422.052 138.165
839.485 138.995
852.27 139.436
396.052 142.257
415.73 142.078
525.212 141.927
560.761 148.229
986.847 150.844
421.72 155.602
326.849 156.488
440.382 164.057
719.896 165.104
136.608 166.176
806.384 166.34
168.174 168.185
244.15 167.832
652.711 168.129
128.248 168.964
997.927 169.12
134.423 172.199
123.007 173.926
291.303 174.266
433.248 177.748
475.231 177.829
517.663 178.404
462.93 180.204
487.337 179.975
931.353 180.317
452.267 186.161
498.2 186.385
89.4299 192.138
642.019 194.27
444.299 195.027
506.006 195.359
755.893 196.183
927.252 195.477
96.3753 196.867
368.704 196.449
295.276 197.453
650.413 197.981
810.843 198.399
953.715 201.245
961.581 200.991
951.565 201.876
474.78 206.141
714.133 206.294
945.012 206.065
429.367 209.506
521.839 209.645
560.843 209.533
956.347 210.031
338.113 210.512
259.542 215.145
446.569 215.829
929.741 216.387
968.866 216.036
456.196 219.662
485.409 220.178
974.218 220.514
932.191 225.374
454.297 226.726
176.099 228.35
683.628 228.204
773.769 228.083
947.212 228.14
483.564 231.377
700.396 231.097
42.6272 231.621
182.439 232.022
974.545 231.787
740.88 234.836
939.014 235.02
478.328 237.466
935.195 243.006
396.107 245.312
416.382 245.091
529.914 244.824
227.833 246.12
1001.89 246.245
406.978 249.897
540.425 250.2
118.493 252.651
182.117 253.839
835.765 254
741.086 255.367
417.716 256.484
530.218 256.301
996.397 255.885
403.623 257.145
411.515 256.977
536.872 257.383
545.248 257.533
676.923 257.274
484.168 257.609
45.2473 259.909
197.937 260.329
748.115 259.712
776.966 260.058
1002.72 260.073
870.298 261.317
992.003 260.753
470.982 261.608
62.9051 263.868
744.361 266.3
975.492 266.489
1009.88 266.382
770.737 267.546
85.0613 268.846
673.534 268.954
717.685 268.931
229.141 269.677
935.002 269.716
970.898 271.258
91.8093 274.364
450.056 274.35
163.85 274.652
874.301 277.633
764.898 279.867
1010.48 279.711
175.874 280.975
947.295 280.765
477.593 281.722
1005.66 284.689
1002.18 285.873
488.669 288.875
746.339 293.156
1003.34 294.908
163.156 297.264
758.152 299.417
488.398 302.594
740.594 303.299
997.927 304.985
522.046 310.959
970.966 311.14
236.697 312.764
491.1 312.799
530.342 313.025
183.957 313.52
551.777 313.418
125.145 315.226
475.102 314.935
958.904 315.884
545.908 317.919
495.909 319.97
972.579 320.247
830.71 323.361
473.586 324.152
935.957 325.816
735.2 329.256
826.984 329.158
860.474 329.99
967.129 330.155
978.053 329.77
462.905 330.841
483.709 330.924
930.811 331.581
955.023 331.549
882.86 332.538
822.341 334.25
738.591 335.452
901.959 334.631
973.031 334.741
1003.07 335.799
201.849 336.604
471.829 337.288
935.227 336.845
945.623 337.315
141.43 338.008
541.861 338.403
654.627 337.536
877.888 338.329
443.012 338.574
466.421 341.138
192.69 342.175
458.554 341.977
478.677 341.698
165.951 343.228
822.692 342.504
1004.46 344.558
712.352 346.987
546.387 348.387
502.222 352.134
808.201 353.456
999.025 354.538
428.056 357.583
541.527 359.477
407.653 360.534
972.408 360.745
937.096 364.667
100.453 366.401
947.664 368.156
973.823 369.995
96.5908 370.637
73.4317 372.397
692.824 372.393
928.527 372.437
220.365 372.906
427.99 373.56
382.148 373.485
803.472 374.613
979.113 378.972
781.39 380.965
800.624 381.064
825.928 382.064
866.559 382.187
766.579 383.974
974.184 384.098
62.8896 384.543
174.979 384.778
1004.29 385.505
755.92 385.771
25.8333 386.867
794.733 386.957
844.444 387.229
783.137 388.399
932.126 388.994
116.638 390.222
127.901 391.306
173.049 391.553
762.239 391.025
210.923 392.031
689.342 392.388
752.156 392.353
259.314 392.589
938.082 392.709
772.037 395.102
265.85 396.857
537.344 397.087
583.323 396.781
186.735 398.19
253.938 398.117
412.062 398.248
694.744 397.54
758.217 397.608
365.047 398.525
576.807 401.225
662.063 403.085
672.955 402.994
176.899 404.304
274.735 404.361
286.246 404.377
999.976 404.115
795.324 404.614
72.358 406.206
97.9703 406.17
479.82 406.581
508.339 409.516
522.588 408.743
584.959 409.374
932.017 409.047
995.095 408.793
1006.26 408.936
352.882 409.915
597.203 409.597
973.429 410.018
207.61 410.513
464.069 411.521
486.457 411.628
807.537 410.582
552.926 412.381
706.263 411.749
629.056 412.632
378.776 414.468
417.691 414.387
533.537 414.118
610.05 414.083
937.097 414.176
221.23 414.907
260.447 415.791
695.161 417.578
931.348 419.4
974.797 419.363
187.599 419.972
842.97 420.323
123.514 421.406
830.981 421.137
264.513 422.836
193.47 426.011
656.315 426.167
679.301 426.135
601.937 426.563
745.195 426.997
292.147 427.715
648.402 428.219
686.141 428.482
726.134 427.784
339.838 429.401
417.502 429.449
495.692 429.049
532.847 428.806
572.697 428.204
609.21 428.979
201.269 430.184
260.903 430.255
299.845 429.742
674.174 433.879
843.718 434.163
931.28 434.636
164.382 437.493
832.644 436.737
765.147 440.015
839.466 440.506
849.018 441.806
862.623 442.089
980.399 441.792
200.498 443.185
667.135 442.899
194.115 447.221
975.874 447.315
694.053 451.29
235.572 453.164
644.633 455.091
647.855 456.24
854.132 457.483
432.861 458
530.371 458.35
688.187 457.983
387.536 458.696
410.876 458.869
744.539 459.153
760.708 459.048
261.406 459.981
933.229 461.344
781.152 463.312
437.503 464.127
542.149 464.031
480.072 464.813
525.461 464.503
626.767 464.969
772.065 464.647
901.511 464.84
379.974 465.812
560.095 465.912
960.613 465.144
813.534 466.629
939.166 466.395
162.447 468.411
701.704 467.827
753.263 467.661
742.492 468.832
780.446 470.491
872.626 469.786
605.831 470.662
22.1085 472.409
770.704 472.705
157.24 474.295
758.429 474.278
705.985 474.616
230.143 476.655
971.475 479.122
954.557 481.363
622.404 482.332
781.031 488.865
803.696 493.328
824.659 495.1
780.611 496.966
869.808 497.973
798.938 499.286
185.683 499.742
902.835 500.09
829.006 501.897
45.6409 502.979
806.587 504.38
794.486 505.233
871.075 505.349
890.445 504.68
907.719 506.397
741.039 508.41
847.841 508.795
877.372 509.223
730.12 510.048
219.099 521.721
185.386 524.885
33.1879 529.535
180.168 531.133
679.907 534.094
951.855 534.097
183.499 538.06
922.082 540.826
171.155 545.417
179.868 545.37
396.329 544.572
764.027 546.365
11.1094 547.943
638.303 548.496
644.871 550.156
964.75 550.994
947.917 552.477
313.389 554.185
916.092 556.049
954.558 557.69
685.324 561.423
600.95 563.904
261.019 565.625
694.461 569.801
252.6 573.269
617.727 574.568
623.922 579.16
248.911 579.757
627.304 589.317
607.463 590.559
332.974 596.849
421.659 597.034
515.038 634.15
459.78 645.725
514.606 647.088
715.239 13.6308
279.003 15.0161
489.188 14.5151
590.346 16.5724
715.729 17.7843
99.3183 21.8195
451.266 21.8046
645.721 22.3848
725.132 22.084
135.813 23.2676
462.598 22.7726
827.813 26.9332
589.62 28.1167
874.316 27.9378
245.971 30.6065
189.914 32.086
927.158 33.9628
323.198 34.8507
600.343 35.6225
414.225 36.9985
438.905 37.1223
463.663 36.9873
487.69 37.1552
561.237 37.2389
512.296 37.5828
536.431 37.6542
406.507 41.4862
422.057 42.2586
447.196 42.3736
455.648 42.0991
471.563 41.8521
305.05 47.0476
928.656 52.4056
95.7456 55.556
253.967 58.8678
341.028 59.0058
387.671 63.3028
150.99 65.3605
560.005 64.6233
220.598 65.8965
328.163 67.6445
768.917 67.5964
551.708 75.3581
928.974 76.1488
945.103 76.6802
763.117 78.0073
586.269 80.8054
273.69 85.2553
944.332 87.4502
385.734 95.0282
919.999 98.2692
626.586 99.1765
885.486 99.6877
205.182 103.766
528.886 104.025
406.352 104.897
544.34 106.478
820.112 109.791
71.931 110.847
423.631 111.767
647.012 112.511
388.983 112.899
560.11 113.416
569.427 114.586
592.05 115.61
615.462 115.109
657.947 115.446
551.546 115.923
80.401 117.357
361.183 117.921
805.048 117.808
930.436 117.669
685.227 119.65
387.423 124.43
424.058 124.167
628.061 126.516
90.1223 126.825
331.089 126.119
611.861 129.462
944.583 129.759
747.399 131.717
67.9719 133.318
475.672 135.496
961.461 135.257
981.569 137.596
789.174 137.969
961.364 137.75
665.967 140.077
441.432 142.178
989.329 142.156
534.253 143.69
549.358 143.563
652.343 146.434
929.847 146.182
236.341 146.651
623.834 149.94
441.612 151.547
335.638 153.21
615.524 153.904
631.91 156.151
422.224 157.589
922.02 171.173
997.386 171.751
50.8301 172.962
932.623 180.161
317.225 186.883
626.186 191.24
325.427 191.189
305.439 196.417
651.387 196.715
962.698 197.551
1000.66 198.994
621.308 201.461
323.785 201.846
657.987 205.369
932.832 205.543
369.529 205.836
437.7 205.946
473.111 206.146
512.865 206.235
577.012 205.333
710.206 206.22
56.4183 207.957
954.183 210.186
481.973 212.022
469.69 217.224
453.816 219.158
579.875 224.205
88.626 226.926
566.943 227.855
819.625 228.041
62.2093 228.877
484.982 231.994
168.119 233.265
947.345 237.227
267.392 240.626
479.027 240.346
1008.82 242.241
343.644 243.543
406.967 248.398
1002.61 249.052
119.794 250.943
603.871 251.268
715.751 251.634
739.255 252.372
822.741 253.85
340.337 255.686
44.7922 257.358
927.518 259.434
708.165 264.418
878.794 264.12
145.581 266.021
407.536 266.077
80.8824 267.401
540.772 266.996
840.995 267.095
239.798 267.637
745.18 267.509
759.588 267.961
476.589 271.716
671.484 272.291
872.432 271.595
598.363 273.642
681.878 273.964
232.998 274.112
927.703 276.049
764.98 278.436
708.456 281.834
1004.46 284.249
195.668 285.254
161.225 288.994
769.178 288.603
935.501 288.79
944.502 289.374
871.726 290.101
744.174 290.628
78.4706 294.087
166.406 296.077
474.068 297.167
929.073 296.788
943.983 297.761
996.81 302.101
935.217 304.096
339.014 304.544
142.651 306.246
990.477 308.797
1005.26 308.592
458.89 310.622
551.485 311.973
710.433 312.073
830.845 320.374
448.849 321.272
491.215 322.041
936.574 323.021
974.073 322.937
577.713 324.218
948.344 324.365
541.97 325.148
513.636 327.263
966.061 327.534
216.85 328.982
839.503 329.19
502.001 330.117
180.104 331.744
828.587 331.97
401.828 333.041
948.747 338.432
150.149 339.145
782.634 339.357
515.115 339.733
479.134 343.634
646.388 343.687
293.895 347.767
712.428 348.828
730.432 349.145
882.781 348.919
512.88 350.777
249.061 352.203
699.15 352.42
937.512 351.794
579.645 356.585
699.339 356.032
541.297 356.151
419.091 357.813
775.532 358.591
1006.57 358.562
235.359 364.169
64.6273 369.616
427.205 371.337
701.146 372.26
799.83 372.729
818.568 374.982
981.425 376.855
824.069 381.645
738.721 387.258
797.059 388.495
848.319 387.78
77.8907 389.386
91.3925 389.647
100.273 390.263
797.117 390.456
772.307 392.939
682.182 396.129
267.848 397.029
787.269 397.458
218.657 398.007
252.391 398.408
69.0389 400.22
100.403 400.334
649.271 404.271
727.09 404.391
797.749 403.443
531.701 404.658
219.896 406.265
260.498 406.093
298.759 405.838
682.824 406.248
773.669 406.09
930.457 406.285
553.026 410.365
672.503 410.441
740.259 409.52
510.538 410.598
715.233 411.338
169.224 411.737
801.216 412.174
203.379 412.51
329.452 413.073
107.892 414.289
688.126 414.17
202.316 414.596
304.046 415.496
495.001 414.806
258.335 416.285
354.017 419.859
845.62 420.407
628.447 420.846
216.43 423.145
240.468 423.033
743.417 429.312
79.5123 430.225
358.552 429.9
203.232 431.045
929.408 431.191
195.871 437.011
186.069 440.175
968.878 440.945
982.756 440.75
758.738 443.307
953.028 446.748
544.021 453.543
563.011 454.681
613.822 453.85
962.2 454.533
422.387 454.725
489.5 454.906
313.778 455.901
344.61 456.428
504.067 456.148
678.289 456.395
387.039 457.072
532.428 457.433
816.277 457.151
691.486 457.989
268.181 458.738
930.675 458.589
25.062 462.135
439.253 462.951
512.459 463.18
862.936 463.426
321.243 464.399
403.018 464.077
969.122 464.07
562.781 465.393
612.863 464.526
794.707 464.743
893.75 469.83
312.765 472.18
620.683 472.183
53.2766 473.029
733.114 475.19
758.662 475.801
939.946 478.18
681.609 492.927
771.765 494.123
670.305 495.162
744.028 497.639
759.28 497.924
813.179 497.883
816.952 497.851
623.595 502.252
637.709 501.482
840.233 503.216
806.871 505.746
29.5607 507.883
178.049 508.624
205.107 508.623
681.982 511.053
743.556 515.697
206.052 519.427
16.4039 523.235
655.315 522.608
397.485 529.983
343.319 530.859
934.327 539.464
677.033 542.144
414.698 544.016
714.176 548.751
691.864 548.919
935.609 553.366
632.759 554.7
600.971 561.356
763.092 567.55
616.187 572.328
254.057 573.8
639.897 586.331
320.815 591.944
536.696 598.094
557.462 598.286
634.438 611.834
469.644 640.602
506.437 640.585
292.579 32.8351
524.245 42.4474
327.054 48.7919
343.153 51.9676
386.474 63.0741
604.397 64.5948
334.638 66.4734
350.971 69.1785
397.981 72.0913
942.285 75.4189
946.525 87.4599
930.42 100.273
422.14 104.883
560.442 106.584
516.872 108.235
389.509 109.499
399.275 113.519
414.003 113.029
660.822 115.98
592.121 116.902
361.084 120.678
947.959 127.817
979.857 135.211
624.828 139.943
941.059 142.091
953.918 145.379
473.256 148.396
316.585 156.969
327.048 162.738
457.952 166.097
491.13 166.079
507.166 173.439
325.694 190.497
1000.01 195.077
964.741 196.136
951.139 196.877
55.5056 210.784
851.082 212.147
965.649 213.561
961.559 226.705
474.325 226.828
691.717 236.321
466.175 238.513
950.706 239.431
993.918 248.856
484.979 249.554
604.757 250.077
337.753 253.229
709.551 253.309
221.462 254.53
242.763 256.178
967.442 259.217
461.883 260.288
448.847 262.96
735.12 263.823
709.809 268.076
236.047 269.303
449.322 268.899
477.423 270.159
490.061 273.028
392.558 277.202
463.963 277.222
524.206 277.439
1004.41 287.756
704.225 294.758
882.648 294.69
472.803 296.504
944.11 296.571
995.434 297.564
541.607 305.262
607.408 306.445
613.66 307.234
157.14 311.142
926.721 313.155
983.187 317.321
407.381 323.828
1005.36 336.532
722.996 338.082
819.49 338.084
951.596 339.178
820.32 340.93
608.258 341.75
217.826 345.389
530.063 346.496
996.67 347.406
939.969 351.76
512.323 352.558
248.404 353.891
541.672 355.351
408.103 356.276
972.253 358.32
710.104 363.115
542.934 365.527
964.82 367.244
105.422 368.133
963.064 372.189
965.475 371.895
688.832 372.498
701.806 374.552
85.3473 378.713
121.539 381.245
1005.67 383.106
697.914 387.249
929.183 387.898
997.936 397.476
84.8835 399.761
928.424 403.136
67.5795 404.103
607.62 404.833
704.755 405.967
246.198 407.109
319.387 407.324
107.317 410.481
669.553 410.887
278.781 412.265
205.201 413.049
539.397 415.22
306.479 416.102
504.799 420.481
658.115 420.012
677.539 420.287
734.844 420.008
583.523 420.937
601.46 420.831
268.961 421.584
290.423 421.959
928.212 428.206
668.115 428.363
592.22 431.678
278.865 431.811
612.753 452.457
464.633 454.366
635.827 454.133
520.781 455.104
674.365 456.959
677.398 457.872
273.496 458.969
622.316 461.789
614.026 495.357
30.9971 507.514
801.081 507.235
864.475 506.583
69.3409 510.386
679.181 509.861
655.887 512.434
626.053 518.267
183.845 519.879
955.473 534.612
685.979 536.487
752.854 536.646
721.999 537.816
655.592 544.776
971.721 553.721
315.792 556.313
322.841 589.763
621.525 598.963
311.696 600.184
336.638 599.779
598.394 600.072
443.721 600.403
504.947 640.438
488.113 646.626
342.591 40.1996
608.803 39.6247
326.933 50.4173
623.998 50.8772
340.384 56.4768
615.708 72.6794
583.702 77.7541
949.725 89.3808
435.216 109.812
515.318 109.946
374.825 114.154
328.216 121.709
949.513 126.729
978.822 131.953
555.366 144.477
413.2 146.945
983.487 153.669
288.646 206.064
523.214 208.188
967.6 212.308
940.866 230.256
972.307 234.109
464.256 238.149
953.658 244.809
201.603 252.435
722.599 252.771
255.715 254.664
334.725 255.26
763.208 267.654
591.897 272.506
470.185 283.797
837.453 299.348
611.369 308.963
925.615 326.116
499.997 340.693
483.541 343.276
235.223 351.089
72.1858 366.256
798.647 396.449
629.298 405.373
552.578 405.658
784.807 409.446
93.9056 416.112
523.495 420.438
594.088 431.65
279.529 433.451
538.254 442.6
590.404 443.184
965.966 454.103
634.822 469.058
763.464 473.077
620.176 478.478
679.71 496.827
816.443 502.646
861.489 507.507
943.39 522.199
252.329 523.603
34.7576 534.128
194.651 543.124
626.223 543.803
945.812 545.969
318.502 557.013
252.218 559.05
262.498 572.133
488.39 629.429
488.21 631.884
458.974 23.0826
726.011 22.5039
292.193 32.65
978.026 43.5709
327.016 49.4968
334.093 67.6056
351.064 69.5203
398.86 72.0407
616.322 72.4764
941.727 74.99
947.758 88.3288
930.507 100.902
422.174 105.85
560.25 106.881
389.642 106.717
435.136 109.423
515.985 109.397
375.264 113.204
572.796 115.053
645.071 117.012
662.59 116.826
81.2559 122.666
328.062 122.434
360.785 121.93
524.517 127.903
948.013 127.715
879.894 130.856
941.239 141.958
954.429 144.622
473.488 148.209
612.476 154.778
315.785 157.191
634 156.728
328.351 164.789
458.032 165.987
491.176 165.822
116.557 175.129
326.25 189.984
950.672 196.179
965.609 195.906
998.32 198.288
371.023 204.716
576.993 204.955
290.008 206.224
55.1171 212.332
850.307 212.271
966.584 212.865
474.186 226.786
960.124 228.075
487.767 232.665
465.38 238.138
951.083 239.866
485.747 249.202
606.192 250.692
201.54 252.068
474.565 253.795
710.168 252.974
222.317 254.781
235.243 254.066
967.655 258.606
448.803 264.356
734.187 263.945
235.27 268.999
476.68 269.241
710.431 268.184
764.32 268.074
592.262 272.495
683.916 271.825
490.202 273.809
266.979 275.807
524.513 277.421
195.764 284.111
474.362 285.119
166.758 294.789
703.471 294.005
881.144 294
944.43 295.192
342.343 307.076
610.914 307.253
492.248 308.859
968.321 308.509
193.328 325.634
154.999 327.456
338.433 330.238
391.213 336.205
723.13 338.528
818.885 338.346
872.802 338.531
608.331 342.176
646.528 343.393
217.116 345.309
996.047 346.69
938.996 352.491
248.578 353.063
509.175 356.573
541.504 365.178
963.778 371.968
702.781 374.057
85.3257 378.757
103.066 378.398
120.452 380.304
84.9102 399.937
102.54 401.011
928.39 402.889
319.491 407.252
552.786 406.556
629.523 406.307
705.076 406.528
107.956 411.027
593.26 411.411
669.753 411.146
205.507 413.434
279.189 412.521
307.394 416.428
539.415 415.668
616.321 416.25
255.514 417.588
352.116 421.082
505.21 420.533
523.107 420.418
583.493 421.26
600.972 421.138
658.122 420.398
677.378 420.48
734.483 420.322
269.404 422.317
290.249 422.436
927.445 428.12
278.601 431.169
593.959 431.41
669.431 431.277
205.744 434.174
539.213 442.146
591.055 442.635
464.656 454.374
520.479 454.498
562.738 454.481
611.862 453.709
635.446 453.875
276.271 458.04
690.088 459.58
621.739 461.885
972.019 466.426
633.412 468.549
762.838 473.267
620.402 476.85
864.029 493.841
613.83 495.73
31.777 506.844
802.568 507.292
861.136 507.017
863.546 506.519
68.2533 510.448
625.951 518.437
183.205 519.469
944.561 521.828
251.539 524.337
91.3214 532.925
686.399 536.215
752.767 536.676
194.546 542.31
655.505 543.795
924.352 546.809
945.686 545.917
972.272 553.724
252.54 558.819
260.102 572.816
336.207 600.131
443.14 601.253
598.302 600.639
621.382 599.738
472.072 640.421
504.186 640.419
307.442 27.8598
459.365 29.8527
488.706 30.4839
605.845 40.9087
765.242 41.2647
623.385 53.2015
47.7799 74.131
938.591 77.1968
579.422 78.5316
73.9147 104.15
394.268 107.23
596.968 119.348
85.6442 122.283
646.374 121.411
969.498 128.456
523.303 131.899
620.294 132.792
605.514 156.485
330.001 169.883
114.479 178.75
936.53 178.625
635.01 187.831
995.143 195.589
392.962 207.062
425.105 206.987
526.779 207.226
558.913 206.736
622.178 207.265
480.959 210.112
936.948 210.211
945.932 210.524
972.088 212.784
563.173 228.649
460.861 238.833
957.663 245.829
601.179 252.572
334.822 256.11
466.915 282.741
704.94 288.463
340.768 310.885
474.87 315.619
922.646 315.155
500.287 323.893
337.742 327.016
500.046 340.67
239.128 352.468
508.41 360.042
798.886 362.774
687.895 367.102
157.444 368.052
941.239 369.107
785.232 376.914
799.418 394.082
966.322 394.165
89.605 418.501
233.538 419.445
617.9 420.56
232.862 421.562
920.822 431.662
197.699 444.66
149.082 450.891
238.074 467.62
677.777 499.685
783.634 503.984
626.113 510.298
719.235 534.182
748.768 536.443
699.004 551.965
629.142 582.131
452.851 631.562
488.137 629.876
371.717 42.4419
969.597 44.9445
405.872 72.0675
543.976 72.561
322.771 84.2654
397.214 102.764
380.407 120.35
308.638 122.909
970.33 122.304
379.279 123.734
916.945 128.611
403.193 146.509
405.815 146.73
544.557 147.774
660.177 148.334
974.625 156.443
600.027 157.759
490.746 161.091
918.223 164.207
331.077 177.608
968.396 189.706
394.467 210.8
528.585 210.899
622.264 212.764
975.652 215.069
384.11 230.67
454.793 235.394
495.317 237.443
228.409 258.491
718.754 259.006
460.343 261.86
728.105 268.309
952.57 273.01
483.147 276.067
187.628 285.697
162.629 305.333
944.042 309.12
475.8 318.151
604.313 325.589
336.275 326.67
943.903 343.332
239.282 347.226
295.915 353.593
483.872 354.207
706.751 383.396
804.657 393.117
171.21 435.607
713.906 439.032
661.466 454.691
291.8 456.273
708.155 463.785
745.709 465.855
206.191 468.538
938.036 473.781
613.673 487.656
334.623 517.586
968.48 552.969
677.875 566.063
308.465 614.676
936.693 45.906
630.113 48.9824
380.167 56.7274
942.402 109.673
972.158 116.236
277.424 126.349
969.14 129.174
315.596 134.68
404.426 141.846
545.898 143.08
631.306 144.956
406.844 177.889
538.523 178.316
543.682 178.731
636.128 183.481
471.334 185.311
540.121 210.295
319.695 213.031
473.428 216.615
977.959 219.941
447.217 231.942
684.768 243.092
188.617 282.666
221.084 290.216
452.374 297.018
499.249 299.165
919.711 320.189
374.156 364.135
114.895 379.014
83.2809 388.011
235.333 385.624
86.1248 387.741
665.835 455.662
630.784 511.326
198.17 538.203
311.921 557.138
708.494 556.069
897.031 559.053
230.729 560.933
237.849 562.881
270.778 569.262
937.115 45.5872
969.293 44.2798
319.123 49.6854
630.135 49.4355
567.422 55.5474
407.877 71.1191
940.714 110.268
971.279 118.117
379.793 120.339
520.815 128.427
404.663 142.338
545.236 142.95
631.367 144.764
544.572 147.755
660.294 148.369
974.802 156.324
916.315 164.55
331.862 177.762
407.966 177.944
541.528 179.275
470.86 184.883
636.581 183.774
967.24 186.672
914.665 207.184
529.709 209.852
622.957 214.645
474.081 216.709
977.136 218.064
383.669 231.154
452.032 234.897
497.111 238.68
683.7 243.113
721.464 260.362
188.121 284.067
704.87 289.999
499.356 299.379
163.143 304.533
257.604 317.668
920.136 320.706
239.977 347.372
945.457 343.81
295.854 354.67
373.536 364.888
237.149 385.402
707.263 384.53
171.395 435.477
714.82 437.928
663.713 455.59
291.49 456.501
744.716 465.552
205.689 468.548
611.529 487.906
630.219 510.139
196.679 538.218
308.325 556.091
233.456 562.407
607.93 560.881
677.529 567.206
271.48 569.824
315.992 60.4047
923.866 78.9843
511.288 118.181
274.306 130.984
316.538 130.218
315.835 140.321
585.051 157.642
318.751 213.82
626.503 222.444
502.904 240.172
225.126 269.514
474.658 267.739
946.175 268.114
449.45 297.527
735.078 313.881
739.967 314.462
741.042 324.469
474.751 353.939
123.429 372.617
677.232 420.603
734.812 469.501
303.542 490.38
634.457 517.386
341.793 525.742
935.52 537.55
309.694 550.429
598.037 552.397
713.784 558.678
715.137 567.06
905.174 565.12
611.84 611.678
437.588 621.193
312.865 76.7837
408.366 88.0373
540.316 87.9734
440.389 158.704
655.478 177.835
637.908 223.588
912.419 230.258
228.711 281.195
899.029 312.996
283.342 446.488
929.614 473.771
594.082 490.874
344.163 576.221
904.529 82.0382
610.645 148.446
431.929 160.153
363.242 342.832
728.264 478.642
223.377 484.278
655.773 572.021
