1782
429.912 10.8309
463.388 11.6142
929.862 13.5613
944.672 12.9246
577.922 15.1141
928.325 16.9127
535.296 18.0023
114.072 18.8334
704.927 19.0243
396.525 21.1373
939.259 21.0097
933.977 21.949
426.13 23.271
754.26 22.7005
521.014 23.9217
918.214 26.7991
641.188 28.8275
929.364 28.851
634.02 30.0282
490.432 32.4033
200.169 34.3545
278.264 35.8092
333.324 35.6421
654.208 35.6833
393.041 37.7952
443.692 40.6557
944.937 39.6218
597.869 40.6513
428.353 41.2324
508.026 44.3786
812.16 45.5597
532.863 47.0727
931.062 46.6064
964.23 46.61
502.297 49.8717
60.1699 52.2659
456.094 52.5308
925.541 55.6645
466.662 56.7905
945.259 57.5623
422.049 60.321
372.76 62.051
495.816 61.7741
954.828 62.5558
920.978 63.5941
244.414 67.7574
616.046 68.0481
363.215 69.0783
940.068 68.786
989.138 69.019
946.628 70.3267
558.521 70.7022
931.18 70.624
742.199 72.8219
860.588 73.4564
526.833 73.9659
982.987 75.3794
470.891 76.4124
440.274 76.3267
946.953 77.3767
425.856 77.8644
491.113 77.9627
855.319 77.7719
939.877 78.4557
522.743 79.8743
436.586 84.4177
520.587 86.3905
947.852 86.4078
417.874 87.245
605.629 88.1805
965.881 88.4878
695.992 91.0614
201.752 92.5265
983.084 95.5727
628.91 96.0416
352.955 97.136
110.233 97.7597
212.116 97.9587
461.668 98.5858
990.392 98.5695
412.591 100.177
617.421 101.909
609.836 103.292
921.36 103.486
329.386 105.579
972.178 108.121
916.037 110.351
317.236 112.473
359.593 111.908
606.068 112.044
991.298 111.559
952.401 112.438
934.06 113.783
309.854 115.695
661.774 116.597
927.034 118.805
176.27 120.573
47.771 124.088
991.614 124.287
317.797 124.536
942.033 124.716
108.693 125.484
313.152 126.633
751.236 126.839
951.847 126.49
723.19 128.424
458.061 131.869
941.688 135.177
986.579 136.123
643.286 138.372
40.0311 138.704
366.636 142.073
954.042 145.908
864.136 147.344
931.831 149.032
761.939 151.413
722.024 152.294
825.479 151.686
599.182 152.811
471.97 155.075
818.574 156.145
832.146 155.615
737.3 156.868
296.543 157.815
530.025 157.897
951.229 157.897
478.242 159.545
773.646 159.031
333.351 159.892
622.744 159.725
586.104 161.722
944.206 162.376
471.783 163.38
683.206 163.869
823.248 165.022
980.735 164.89
570.175 168.406
950.641 168.275
98.9921 169.775
506.302 169.796
493.087 171.407
934.142 171.024
351.157 174.403
358.228 174.356
343.448 179.649
847.807 179.869
392.226 180.51
312.216 181.878
378.202 181.605
272.037 185.208
335.488 185.609
988.502 187.688
780.815 189.048
562.245 193.039
155.884 193.938
359.644 194.265
103.082 195.312
686.523 195.194
706.746 195.639
103.85 196.791
989.198 198.833
161.241 199.714
291.121 199.926
719.329 202.372
619.173 203.584
976.96 204.133
993.739 204.398
1000.81 205.898
166.878 207.074
265.835 206.966
501.233 208.946
296.84 209.65
989.208 211.224
464.651 212
153.349 212.884
931.486 213.869
953.188 214.471
970.355 220.88
726.145 224.274
953.021 224.49
938.742 226.895
446.227 228.562
1008.16 228.593
989.923 230.658
455.4 233.357
1003.12 233.871
417.376 235.674
681.058 237.647
569.231 238.966
990.787 241.136
972.824 242.995
411.42 244.301
140.68 245.236
996.439 245.845
316.351 249.034
562.941 249.11
468.743 250.537
927.63 249.462
948.85 250.263
403.909 254.038
743.482 256.269
745.622 256.848
396.5 257.925
792.039 260.342
347.933 260.896
170.852 262.845
445.352 264.508
659.275 267.794
1009.52 271.236
934.076 272.503
992.181 272.342
143.425 272.884
444.096 275.708
943.975 275.455
1004.92 276.415
922.582 277.748
556.311 278.774
927.879 283.117
933.737 282.643
181.237 287.113
709.489 287.39
164.907 287.633
218.329 289.325
634.921 289.198
945.438 289.014
770.771 290.086
490.031 290.743
928.922 291.322
1011.16 291.908
701.644 293.461
377.224 295.145
494.681 297.569
1006.23 297.014
488.028 298.111
741.047 297.824
97.9356 300.841
442.22 300.535
381.357 302.402
257.774 302.732
375.867 302.951
858.313 303.276
994.039 304.31
956.162 305.577
184.944 306.76
999.236 308.991
734.259 311.25
858.479 312.578
941.884 313.561
420.656 314.636
646.405 317.04
202.675 317.735
423.071 319.049
958.245 318.742
951.326 320.335
158.537 320.76
432.247 322.202
427.708 323.329
215.041 324.55
714.237 326.01
984.554 327.06
444.147 329.607
708.703 330.211
1000.41 330.457
697.31 330.879
958.438 330.771
727.369 331.743
946.045 332.624
721.024 336.539
223.383 337.39
708.405 336.614
982.096 337.833
942.764 339.368
216.449 342.366
1007.62 341.995
94.7157 343.488
421.283 344.538
571.277 345.622
935.371 347.094
474.641 348.995
1003.34 349.182
953.458 350.723
250.751 355.156
1007.75 354.904
434.385 356.154
958.335 357.377
931.31 359.534
531.12 361.404
804.07 362.371
959.184 361.731
1009.5 362.441
842.524 362.561
702.191 363.818
994.707 363.55
869.44 364.989
797.972 367.343
851.602 367.004
892.353 367.017
428.657 368.728
864.387 371.431
92.5375 372.095
961.947 372.474
417.555 374.176
440.265 373.751
1002.08 374.359
447.558 374.793
977.023 375.99
948.229 376.906
423.559 379.252
928.76 379.143
448.063 381.892
92.6085 384.524
782.139 388.306
92.0342 394.904
491.383 394.628
973.388 395.602
1004.5 395.461
31.9739 400.906
998.501 401.132
171.242 401.573
932.183 401.836
145.628 403.518
167.996 405.052
974.348 404.936
1011.37 405.91
356.657 407.146
755.409 407.071
636.221 408.304
955.651 408.037
949.924 409.252
776.583 411.463
695.359 415.176
855.218 415.303
990.953 415.115
40.1407 416.872
220.456 417.472
934.837 417.416
85.2508 418.015
121.107 417.961
774.541 417.966
753.122 418.649
817.08 418.77
873.158 418.895
162.9 420.361
792.316 420.142
802.732 419.84
849.945 420.186
736.633 421.717
703.985 421.893
950.18 421.776
725.321 422.939
1005.94 423.555
258.237 424.254
40.1242 424.746
823.063 425.375
228.237 428.282
624.625 428.248
1012.31 427.589
252.175 428.676
264.436 428.742
336.649 429.974
721.376 429.851
479.707 431.024
526.426 431.303
618.168 431.795
742.645 433.607
148.877 434.028
262 434.199
629.499 433.527
166.967 435.137
727.182 435.174
252.421 436.177
976.224 437.008
997.4 438.377
423.166 438.968
173.789 440.338
322.017 440.305
1006.48 439.767
225.186 442.238
448.963 442.229
983.578 441.921
89.2488 442.62
250.433 444.182
429.866 443.919
517.163 443.66
527.859 443.817
341.72 444.742
487.271 445.292
436.961 446.277
470.372 447.027
557.376 447.402
539.695 448.446
220.043 449.037
633.037 448.566
254.794 450.275
766.791 451.003
782.061 450.674
957.944 453.094
154.538 453.816
978.713 456.055
210.869 456.541
340.051 457.324
610.582 457.214
436.913 460.352
993.731 459.627
469.739 460.984
531.862 460.464
1007.15 460.757
606.049 462.168
539.057 463.044
613.055 464.715
951.695 465.875
1001.05 466.397
727.438 467.775
600.871 469.944
814.875 472.202
190.297 475.225
986.942 475.446
727.702 479.368
735.123 480.261
285.398 481.301
426.054 484.456
530.451 483.909
863.357 483.899
342.128 484.659
794.591 485.627
830.258 485.804
843.345 485.645
184.664 487.06
987.992 486.855
26.556 487.982
136.657 487.972
452.107 487.605
767.598 488.181
546.709 489.955
594.708 490.499
835.992 489.956
353.592 490.541
582.914 491.094
825.811 490.69
886.019 491.49
532.882 492.191
445.805 493.052
942.082 492.703
422.467 494.447
456.257 493.531
472.005 494.114
436.492 494.779
589.093 494.992
541.965 496.15
667.434 498.197
953.538 498.882
681.218 507.515
42.0242 507.926
668.812 508.2
966.708 507.691
989.068 508.049
954.362 511.183
1008.31 510.978
604.275 513.321
751.271 513.623
1001.89 512.658
17.0934 514.966
740.486 515.477
840.323 515.783
944.146 519.388
971.14 520.05
189.071 520.872
811.618 520.708
21.9887 523.111
722.029 523.438
936.909 522.676
85.2055 525.237
112.118 527.569
758.13 530.22
76.3966 533.314
751.386 533.487
29.088 536.512
965.336 537.113
613.667 538.311
36.8537 538.94
776.906 539.982
98.9356 540.748
701.348 541.143
751.056 541.772
800.523 543.105
969.27 543.586
462.69 543.616
58.3616 545.581
963.144 547.454
901.768 549.292
991.649 550.898
766.81 551.749
779.731 551.672
787.76 552.789
1006.1 554.195
822.461 554.789
855.903 557.641
879.466 558.016
801.107 558.65
828.157 559.324
850.679 561.034
862.345 561.836
952.158 562.123
702.159 562.875
886.981 563.065
200.043 563.965
360.772 563.823
844.691 565.143
512.367 570.688
462.028 576.677
510.099 578.217
594.955 579.08
119.914 580.493
589.734 584.523
690.607 584.174
815.217 586.762
940.595 588.735
990.701 593.72
902.779 595.453
962.535 596.576
946.492 596.678
998.199 597.313
600.98 600.807
974.805 602.588
436.953 604.355
547.228 603.693
1001.88 604.919
982.653 612.002
433.966 614.387
428.631 619.141
950.351 623.325
301.072 643.482
293.139 644.98
304.203 649.937
754.518 13.6258
970.716 14.2832
715.052 19.9243
321.707 21.9426
405.824 24.1103
572.532 24.0713
53.1726 26.5077
353.689 27.2233
114.32 29.0192
933.706 29.4976
962.801 29.0464
231.277 29.9743
697.32 32.1072
858.063 33.1411
857.997 34.6535
970.098 35.9138
912.274 37.3238
222.713 38.2229
575.855 38.1368
946.903 37.819
383.353 40.2169
414.436 39.9254
455.764 39.5926
334.179 40.8363
246.307 42.9343
465.061 44.5445
683.822 46.3939
105.213 48.7767
693.124 49.0862
456.163 50.9561
614.563 51.8902
494.122 53.4498
724.02 53.4261
380.261 55.2078
502.269 56.8765
981.699 59.9691
613.174 60.8203
728 63.1144
501.56 66.6198
374.61 67.7295
519.005 73.3802
947.276 73.8997
960.643 74.1931
414.095 78.3015
852.964 77.9288
238.774 78.7706
354.027 81.0267
552.131 81.3833
536.513 84.1422
214.101 85.6289
964.877 85.9871
777.708 90.1322
949.005 90.0818
973.557 92.5206
474.498 92.5953
935.981 93.85
453.566 95.4394
572.054 96.1909
433.016 97.8058
112.716 98.7149
464.236 98.7819
982.234 98.7096
444.034 101.584
965.383 102.119
949.026 103.44
422.854 104.332
964.119 105.469
402.95 106.953
929.589 107.189
109.741 108.991
868.338 109.153
382.344 109.569
939.912 110.152
991.862 109.817
308.002 111.183
914.053 110.664
308.556 113.107
959.251 119.277
756.375 119.916
48.9381 121.012
100.138 121.858
327.047 123.24
929.864 123.522
554.414 124.684
992.634 124.474
778.789 137.55
947.642 138.142
107.851 138.773
337.435 138.568
366.72 139.57
595.078 140.094
554.427 145.563
651.901 152.485
108.025 153.935
486.212 155.414
716.249 158.818
462.414 159.948
501.846 160.657
761.294 160.89
141.656 162.319
493.496 164.084
978.203 164.539
371.011 166.036
571.55 165.271
925.799 167.149
656.596 168.12
967.48 172.289
377.652 173.264
296.516 174.851
309.845 176.067
944.296 176.596
568.517 179.251
358.417 183.9
926.224 184.127
434.703 188.193
493.597 190.048
477.361 192.032
969.036 192.35
387.227 196.081
927.608 196.36
289.754 196.835
363.407 201.776
104.176 208.268
104.21 210.138
325.698 213.377
386.39 215.899
980.111 218.478
980.024 219.863
784.147 221.868
993.156 227.819
607.101 230.3
617.654 232.471
101.948 236.848
194.105 237.496
926.161 238.77
946.056 239.872
981.091 240.953
183.669 243.915
956.089 244.565
534.306 246.077
316.3 247.618
998.189 248.232
55.8174 249.146
478.071 251.634
795.076 253.305
441.42 253.638
316.858 257.191
356.982 257.23
992.173 258.744
419.992 263.998
627.185 264.252
666.645 263.681
504.422 268.164
389.857 274.275
363.508 275.376
1005.45 278.998
438.625 283.495
972.835 284.103
653.549 284.589
706.256 285.143
957.308 286.677
100.825 287.913
558.91 288.037
490.046 288.882
747.849 289.708
864.3 289.659
717.885 290.635
996.004 291.16
820.23 294.852
856.931 297.079
712.716 298.009
489.947 298.764
668.005 298.033
728.697 298.816
932.689 301.487
334.592 301.655
228.106 303.752
378.281 303.5
429.9 305.145
245.268 305.619
644.858 306.336
491.246 306.639
378.207 310.357
1000.89 311.957
357.059 314.278
437.044 314.406
959.89 314.891
245.935 315.467
39.0816 317.165
973.083 317.42
856.492 318.095
942.716 321.306
996.096 321.997
931.619 324.16
985.026 323.999
950.844 324.867
503.174 327.51
646.277 329.282
370.543 330.871
992.613 331.358
973.303 334.586
999.294 336.95
37.9757 339.752
934.297 340.282
215.356 342.093
490.797 343.436
961.143 344.402
380.032 345.748
331.24 347.53
654.778 346.434
976.16 347.416
454.456 349.455
199.043 350.857
429.64 351.273
995.998 350.758
984.561 351.702
209.594 354.811
807.013 355.263
420.389 360.999
491.661 362.018
377.697 363.462
805.209 364.795
955.538 366.49
404.849 367
923.529 366.66
996.121 366.957
939.202 368.519
451.561 369.446
954.776 369.644
233.416 371.045
223.69 372.344
863.096 371.462
984.352 371.901
754.065 373.371
463.465 376.579
798.466 377.018
1003.65 376.557
403.651 377.526
203.479 378.669
927.082 379.66
869.263 383.129
298.626 383.92
385.932 384.416
933.852 389.931
987.161 389.823
491.687 391.154
256.021 391.494
378.109 392.357
533.668 392.027
642.599 391.492
746.677 393.901
953.258 395.576
247.923 399.777
43.504 401.277
643.94 408.142
159.055 411.474
182.683 413.842
696.906 415.833
722.323 421.239
677.525 424.19
705.488 423.708
977.78 423.379
634.302 425.158
988.496 426.212
752.968 427.354
830.176 426.338
266.522 427.701
146.106 429.298
158.259 428.703
170.188 429.589
696.853 429.963
742.963 430.478
945.677 433.184
344.587 435.17
281.25 435.777
311.359 436.401
1001.09 435.951
172.078 437.223
173.705 438.2
470.677 437.796
212.543 440.405
265.31 441.13
676.56 440.775
768.592 441.552
229.097 442.91
487.361 443.268
1008.06 442.856
248.523 444.494
285.641 444.366
599.676 446.13
668.042 446.789
196.807 447.77
642.219 447.969
321.895 449.061
541.735 448.907
236.406 449.675
615.276 450.261
779.259 450.027
976.893 450.027
770.431 451.374
999.18 452.306
557.507 455.61
264.766 457.195
324.666 458.465
955.464 458.42
808.128 462.11
593.726 463.377
734.849 463.411
671.389 466.43
988.068 474.312
992.541 474.289
285.856 479.439
308.282 480.926
370.835 482.208
195.645 482.636
212.887 482.863
100.577 484.267
404.643 483.512
561.963 483.911
819.537 483.805
27.1354 485.426
473.434 485.079
490.03 485.233
957.505 484.952
438.587 486.125
452.876 485.715
292.682 487.393
992.72 488.799
990.436 488.874
18.0177 490.876
382.484 491.49
85.053 492.263
430.29 500.87
791.204 500.741
835.42 503.847
767.216 508.167
25.6163 509.905
82.0098 510.553
789.344 510.959
892.727 513.568
122.041 515.413
658.652 514.501
145.296 519.212
857.484 518.503
936.291 520.336
731.244 522.767
76.4896 524.502
1008.58 525.117
997.435 526.53
515.19 527.933
607.224 530.392
462.514 530.662
525.528 533.758
971.464 533.937
1005.77 533.904
955.546 534.679
454.339 536.928
711.153 537.286
159.577 538.265
741.858 538.848
939.986 541.013
954.349 544.595
73.1495 544.924
710.646 547.532
726.085 547.029
108.647 548.164
941.274 547.95
752.404 549.296
805.951 550.753
819.86 553.107
969.403 553.397
1009.28 552.665
893.533 554.374
43.2213 555.634
451.967 557.477
668.913 556.71
942.265 561.207
900.031 561.756
974.897 566.04
996.839 567.629
184.11 569.404
193.658 572.311
954.268 571.948
574.399 572.401
942.543 573.192
131.593 574.185
992.66 573.648
525.511 575.835
580.754 582.043
965.606 583.36
965.174 585.291
984.659 585.3
634.362 589.078
194.242 592.087
686.13 592.124
430.587 596.609
589.003 597.977
925.239 601.3
909.412 601.679
938.851 602.598
282.833 608.929
933.327 608.827
918.165 609.634
356.211 614.294
926.289 616.806
942.692 617.04
902.576 618.235
963.919 618.647
280.338 646.027
315.197 648.628
294.93 652.843
305.816 659.148
489.27 17.6346
982.157 23.0191
426.693 29.2509
639.947 30.9168
936.082 30.5099
116.658 31.5668
470.009 31.6856
301.085 32.7817
312.896 39.0283
488.314 41.9204
682.85 41.6537
386.081 43.463
440.962 44.9187
399.394 50.0673
383.124 54.3246
948.74 55.7276
113.79 57.4361
982.526 56.9437
483.97 59.4999
513.8 63.087
422.36 63.7424
936.106 72.503
539.118 73.36
972.022 74.4427
520.605 75.3958
238.201 77.6234
350.251 79.7963
100.669 96.057
583.025 95.6559
982.697 101.22
993.788 106.843
871.097 109.529
1002.27 110.474
974.45 112.732
1002.72 112.842
986.697 117.191
50.2728 118.405
961.534 118.416
962.066 120.811
496.754 122.412
965.075 129.984
48.9451 135.982
950.299 137.013
975.318 142.685
863.291 144.244
589.175 150.609
503.683 159.231
540.635 162.645
573.083 164.374
389.898 181.84
964.837 182.003
989.535 182.058
966.4 189.463
967.095 191.807
434.251 199.349
164.39 201.568
943.866 203.248
164.252 204.725
450.367 215.223
992.296 215.185
990.754 224.979
604.161 230.122
969.591 234.599
924.299 236.889
944.988 241.645
980.995 245.451
42.0431 246.41
979.624 251.978
993.148 256.415
368.851 258.012
968.403 262.035
978.945 270.408
520.669 271.545
434.495 271.402
657.701 272.013
993.814 274.392
345.088 278.347
426.627 281.902
704.454 283.73
663.009 286.558
646.096 287.006
995.099 288.286
561.266 289.777
446.383 291.017
673.489 290.767
435.988 292.131
981.908 292.171
966.796 295.035
947.799 298.232
967.726 298.562
858.181 299.965
645.608 303.165
259.033 306.225
450.178 311.939
99.9778 313.836
970.617 314.345
40.9154 317.077
477.458 317.468
996.471 320.225
983.906 321.083
985.754 321.036
866.271 322.203
867.725 323.063
974.364 329.901
716.924 338.021
985.296 339.125
693.666 339.838
224.686 346.445
85.9987 351.337
988.299 356.925
420.374 359.113
817.378 361.433
458.672 365.379
942.698 365.044
233.81 366.091
941.512 366.009
208.446 367.329
330.266 368.16
602.789 367.74
920.325 367.671
996.479 369.494
433.79 370.799
47.2035 372.932
970.783 373.935
796.804 375.214
561.946 377.596
36.7653 381.913
36.084 385.712
997.88 385.963
461.281 389.043
635.475 399.385
653.048 398.586
999.322 404.367
173.235 411.316
975.389 421.543
515.88 429.034
741.711 430.817
516.263 432.318
295.835 437.104
537.35 439.599
486.946 439.971
768.824 439.869
611.802 440.814
557.953 442.346
632.46 443.972
597.22 446.654
273.548 449.88
777.077 450.723
1000.61 451.242
975.431 453.239
514.976 454.688
531.413 455.17
585.437 455.449
605.331 456.19
662.485 457.081
723.859 465.233
1003.42 469.093
211.795 471.868
990.058 474.01
212.089 484.467
579.179 486.376
993.338 503.358
1005.33 503.309
429.853 505.227
978.866 514.917
882.594 520.113
44.3754 522.39
89.3099 522.635
963.557 527.326
535.315 528.193
441.143 532.012
101.303 536.936
953.724 537.196
86.854 539.233
51.1409 546.216
847.691 558.604
994.979 568.256
989.661 573.778
645.289 578.918
453.14 581.923
963.502 583.748
695.888 602.29
685.005 612.997
542.807 613.791
560.028 618.42
407.717 621.673
975.545 622.242
428.063 622.899
302.25 639.182
285.341 644.413
311.331 649.55
306.732 660.974
442.348 24.7725
968.253 38.6474
954.935 74.4171
115.463 77.1498
962.317 80.1992
212.006 80.9937
583.565 92.7845
950.153 95.9875
99.5058 96.9277
963.896 119.311
338.052 122.366
924.153 122.469
964.658 122.384
98.2945 123.372
998.025 125.439
111.559 135.466
976.853 143.442
989.207 147.314
551.977 149.972
62.7816 151.685
989.337 152.979
607.463 155.498
474.716 156.789
50.5767 160.445
923.117 166.322
158.368 188.857
285.721 191.179
285.991 194.622
1002.19 203.28
938.905 203.623
1002.73 205.868
954.726 212.909
992.057 220.194
47.8861 222.447
976.316 222.398
942.951 222.996
572.984 225.83
106.011 238.401
993.912 242.924
980.74 248.683
182.466 248.724
184.48 248.789
45.9005 255.483
393.664 256.202
935.532 264.319
656.767 270.318
56.3451 271.585
641.902 272.763
993.84 279.964
968.247 292.601
226.136 299.142
228.979 299.478
857.922 303.229
434.513 309.241
101.576 313.097
235.751 332.745
332.38 351.616
52.1975 352.897
666.94 353.13
39.7588 361.48
795.526 371.421
857.295 371.972
49.8988 374.844
974.593 384.11
971.709 384.513
460.337 391.063
950.994 392.301
984.375 395.259
634.347 399.905
209.004 402.964
35.466 410.204
47.9902 423.849
682.561 424.085
969.557 437.051
162.944 443.283
232.7 446.511
986.956 445.548
232.452 447.722
973.505 453.578
988.161 460.306
596.401 467.485
1002.38 475.947
95.1661 484.233
441.899 496.172
994.659 496.609
44.4354 500.906
990.643 502.174
429.074 507.562
46.0815 521.642
90.8072 522.738
963.004 524.109
992.247 528.126
536.177 529.759
441.258 534.339
976.159 535.13
843.252 559.027
575.798 580.722
960.285 583.849
682.373 593.938
962.502 611.723
285.176 631.123
302.857 637.27
284.93 647.71
441.786 24.0613
55.6839 26.528
117.213 29.8609
640.234 31.138
698.263 34.3146
970.632 35.8309
508.64 37.6724
488.566 42.4821
682.198 42.5499
440.322 45.0161
65.542 47.3981
694.164 49.1786
399.955 49.7286
383.092 53.5442
982.63 55.9401
114.164 57.5952
484.104 58.9497
514.393 62.4486
422.901 63.8247
935.789 72.5597
972.647 72.7162
956.19 75.0464
116.716 76.7086
237.832 76.8181
961.572 79.8389
212.022 79.8466
350.863 80.3214
552.772 83.5706
937.556 93.1146
973.95 92.5035
584.067 94.1747
100.441 96.1319
949.745 95.5116
982.899 102.091
994.929 104.853
871.793 109.726
306.606 112.394
974.59 113.309
986.884 116.578
98.7964 122.663
496.372 122.514
924.897 122.627
962.485 121.761
48.9297 136.407
950.826 137.144
109.615 138.376
975.248 142.168
958.816 143.567
584.234 151.247
587.672 150.797
61.9643 151.586
989.477 152.271
605.638 156.049
504.802 158.858
51.085 161.358
523.727 161.309
460.549 161.712
572.611 164.922
924.184 167.962
158.438 188.436
966.589 188.484
968.03 192.157
286.849 193.518
557.171 196.219
434.317 199.512
164.196 203.325
937.798 203.018
962.66 212.889
450.74 214.693
992.339 216.611
980.444 219.006
975.331 222.884
572.922 227.116
421.744 232.581
830.366 234.548
968.814 234.602
923.909 236.593
105.077 238.718
944.339 242.623
981.209 245.431
57.0213 248.685
182.842 248.04
480.707 250.698
46.6273 255.561
394.583 256.528
968.602 262.489
934.767 264.157
54.9863 270.206
434.421 271.076
978.906 271.055
520.404 271.935
657.767 271.774
994.075 275.023
448.378 277.351
344.88 279.124
425.796 282.165
662.749 286.439
926.493 285.977
995.015 287.09
561.166 288.716
447.206 290.589
982.286 292.65
966.782 293.674
820.364 294.626
948.071 298.421
968.403 297.585
228.048 300.425
333.201 299.17
858.102 300.887
646.002 303.225
244.289 304.819
259.108 305.87
931.094 309.823
433.957 309.648
450.121 311.261
100.58 313.456
477.393 317.248
985.249 319.701
867.066 322.177
645.06 328.091
974.381 329.664
235.126 338.509
677.006 338.945
37.6534 340.066
39.2449 340.279
693.511 340.402
985.713 339.8
564.331 344.511
441.862 349.549
454.902 349.204
332.565 350.985
51.4507 352.364
85.1293 352.253
666.983 352.317
259.567 356.533
420.927 357.925
988.528 357.855
679.363 360.526
818.001 361.234
39.9468 361.518
942.32 365.345
208.513 366.772
234.513 366.503
330.631 368.303
602.711 367.65
996.834 369.75
795.684 372.19
859.073 372.155
984.839 372.04
47.5816 373.396
599.768 380.281
36.5915 382.702
429.707 383.368
973.311 384.535
998.318 385.373
36.2999 385.527
256.235 390.191
402.713 390.849
460.911 389.994
933.853 389.873
983.989 396.091
47.3092 397.976
634.748 400.099
208.949 402.851
999.493 404.962
1000.03 407.563
35.4224 409.833
173.677 411.588
999.851 419.804
46.2863 423.373
143.925 429.184
996.571 434.769
296.003 436.997
967.884 436.508
768.423 438.589
486.962 440.311
557.608 441.255
161.484 442.599
632.731 443.18
987.667 444.646
232.439 446.401
597.232 446.788
475.649 448.902
776.671 450.527
461.167 452.751
514.651 454.814
530.862 455.219
974.846 453.385
585.97 455.556
604.815 456.366
661.88 457.379
264.433 459.551
524.309 465.404
597.302 465.856
723.9 465.399
578.917 486.715
977.012 487.84
992.352 492.955
994.189 503.564
429.48 505.94
28.5131 509.488
979.029 514.395
732.948 518.801
882.356 520.147
45.0593 522.031
74.944 522.304
90.5331 522.409
963.68 526.922
536.092 529.024
441.129 532.999
975.653 535.162
101.411 536.593
711.031 535.695
953.849 539.504
88.0944 539.846
73.7999 544.338
50.5246 546.638
596.956 555.191
842.785 558.786
847.715 557.865
994.689 568.228
989.75 573.75
524.248 576.331
577.508 580.562
452.418 582.326
925.15 599.184
695.741 602.503
937.832 607.321
914.42 610.798
684.643 612.872
962.208 611.912
542.521 614.492
560.46 618.321
407.543 622.201
976.63 621.906
427.843 623.687
302.48 638.536
284.149 645.25
311.331 648.927
293.831 655.772
441.159 27.9857
468.315 27.4492
951.354 31.1428
932.877 34.0787
420.062 39.3832
471.364 44.2625
68.8312 46.8632
383.542 48.7082
54.1035 61.2646
968.757 63.1467
736.172 65.7691
957.097 81.8105
367.437 83.2798
584.005 88.4247
323.403 91.0486
326.403 94.2851
115.702 103.552
959.138 103.418
491.928 124.098
954.962 137.687
476.873 153.226
938.169 152.047
993.474 155.996
957.245 163.539
919.295 166.767
574.29 172.982
933.437 182.506
993.254 183.664
954.893 189.052
107.419 192.574
918.618 200.22
942.356 203.071
92.4687 221.32
108.149 236.993
963.007 237.6
571.8 246.606
961.192 264.944
644.975 270.407
964.832 286.747
655.291 289.702
557.181 290.261
435.135 293.844
622.198 304.879
855.021 306.567
419.978 318.89
647.988 322.465
213.153 349.997
53.9748 351.76
969.926 354.485
560.525 362.077
984.697 362.918
458.558 370.941
973.516 379.794
429.772 387.299
50.2758 399.827
245.225 416.957
970.529 419.028
95.4751 420.857
49.7642 422.622
953.16 430.93
34.3162 436.297
546.179 455.785
985.383 465.417
214.117 467.762
985.086 469.398
75.1321 479.647
442.365 497.662
990.914 498.906
86.9478 502.679
29.7253 514.939
991.013 529.406
95.1747 539.181
442.469 539.165
944.439 541.779
954.559 579.897
303.637 635.051
927.171 34.3695
952.278 41.0552
952.289 45.7913
364.664 61.5933
118.968 63.7223
536.959 64.8206
939.843 75.6003
427.976 82.9594
954.845 91.2976
933.498 101.034
531.522 124.156
973.035 146.832
973.727 152.266
548.454 168.382
938.102 181.217
626.671 181.761
488.063 189.452
113.839 194.488
488.163 194.725
309.149 197.113
591.674 196.628
549.96 198.192
913.662 201.557
372.021 204.388
342.388 213.565
456.401 212.794
568.954 218.765
957.391 223.232
486.178 225.539
960.766 229.621
963.744 229.789
439.36 233.751
510.146 246.279
936.619 248.383
573.386 250.836
482.13 253.675
986.555 260.947
433.029 263.041
315.002 266.31
413.073 275.782
414.38 280.129
455.843 281.165
944.342 291.348
658.526 292.171
263.923 298.388
418.899 305.4
628.231 306.689
105.889 308.742
108.032 308.642
418.823 309.853
963.606 310.112
651.402 322.004
938.693 328.754
944.625 328.227
243.233 336.874
415.12 337.529
562.613 338.413
965.629 351.004
432.451 358.002
267.558 359.65
668.041 362.879
941.225 388.599
946.107 388.012
428.645 391.137
182.612 410.868
154.789 419.09
948.684 424.6
953.18 477.784
971.552 501.886
671.074 504.506
202.273 506.021
97.4613 518.389
425.378 516.298
441.503 544.194
954.592 556.857
823.25 568.312
611.581 572.733
443.474 604.707
421.533 58.326
980.077 88.1534
930.794 101.665
511.863 104.657
955.108 124.841
324.289 146.153
955.323 175.823
958.238 176.064
911.073 201.311
489.534 221.349
961.04 224.188
963.859 225.003
375.37 229.866
436.093 233.997
113.679 243.834
958.523 269.639
459.066 277.356
626.48 277.834
458.437 282.428
941.14 287.359
264.52 295.131
74.4473 315.188
680.891 329.397
459.747 337.335
963.265 355.992
72.6238 359.157
962.775 366.454
429.214 395.11
961.456 411.556
966.621 412.51
961.792 448.696
947.672 469.109
640.13 476.928
556.871 480.316
97.6883 491.37
711.503 531.356
540.699 536.638
601.156 548.402
982.373 557.154
200.867 584.528
597.453 595.277
421.47 58.0571
363.347 62.4759
536.467 65.1558
428.724 86.2906
586.32 86.2808
930.43 101.413
511.116 104.794
953.971 126.129
549.424 167.257
956.982 176.38
937.029 181.957
488.298 190.855
311.248 194.597
592.267 196.263
547.738 199.371
912.183 201.257
455.815 212.481
569.079 218.602
486.838 221.792
374.641 231.032
435.292 234.247
510.682 245.608
936.71 248.497
573.852 252.385
433.449 261.93
957.485 269.633
410.756 274.481
515.117 272.254
412.52 279.432
457.888 281.094
940.952 289.19
658.903 293.194
264.392 296.825
627.616 306.089
962.71 311.677
681.578 330.541
944.386 329.222
245.212 336.614
413.367 336.963
459.473 337.459
562.81 337.313
965.286 354.627
433.713 358.051
944.412 386.537
966.214 412.326
961.451 448.808
947.711 465.689
639.987 477.274
593.061 502.942
970.311 499.84
202.625 506.044
669.842 505.24
424.03 516.899
954.356 522.714
711.302 532.307
444.585 538.387
601.302 548.706
953.977 556.656
613.135 573.199
200.592 584.439
596.463 596.731
445.605 604.166
551.889 101.582
952.029 115.67
347.759 120.235
593.452 130.37
320.135 149.836
456.097 171.214
957.581 186.714
931.178 231.792
930.187 236.451
437.002 239.824
583.223 258.411
309.794 272.766
433.189 308.872
958.201 359.337
344.405 373.885
424.057 396.541
221.552 452.407
555.526 484.698
100.789 501.678
61.1738 512.511
550.258 539.532
690.127 575.038
560.471 590.995
484.415 137.284
595.25 137.253
329.592 198.594
289.878 232.412
921.898 234.595
123.905 251.282
76.649 282.43
259.796 285.354
117.383 302.465
668.072 325.089
258.402 342.514
68.9594 366.465
341.062 379.962
68.4824 388.035
219.706 580.386
452.596 598.682
927.078 597.49
442.138 256.921
129.471 308.336
600.22 516.802
921.296 545.492
