1560
514.784 11.9434
347.514 13.3207
327.039 15.9327
528.207 16.532
836.47 17.5934
546.328 18.396
823.374 19.1082
286.137 24.1164
547.552 24.3001
167.267 25.6231
500.631 26.8007
507.243 28.1316
638.107 28.0209
939.728 29.0106
524.7 29.9708
950.223 30.9265
161.384 32.0105
351.241 32.6013
459.809 33.6151
483.613 33.5261
438.855 35.0655
596.171 36.117
1012.16 35.5387
390.982 39.2661
730.74 39.008
946.032 39.4914
553.374 40.2006
366.799 41.1715
767.187 40.9448
309.618 46.5341
627.047 47.9314
882.568 48.4753
951.784 50.4723
467.139 50.9947
877.334 52.7714
383.823 55.6878
398.429 55.7127
41.8297 56.1618
135.436 55.5416
321.839 55.5539
374.282 56.9529
982.098 57.5459
975.523 60.5066
639.313 62.7713
330.183 65.3549
310.833 66.8581
302.233 70.4857
323.532 72.2074
627.919 72.653
46.8105 73.6897
826.74 74.1111
690.411 75.6025
684.838 79.931
266.075 80.7576
332.184 81.3349
243.57 83.4129
483.351 85.0789
976.259 84.9157
952.284 86.7991
237.278 88.2287
250.274 88.0922
185.421 88.479
507.057 88.5569
479.687 90.1156
379.009 90.9086
573.029 92.0288
431.183 92.7567
798.184 92.8468
747.416 95.4855
775.445 95.3321
958.446 95.4907
45.811 99.9277
760.529 99.8501
983.004 99.8362
941.568 101.265
282.773 103.295
951.557 102.783
659.325 103.648
40.2432 105.981
369.038 110.297
523.97 112.818
633.297 113.144
574.296 114.443
191.854 114.963
507.18 114.922
558.544 115.177
946.764 114.951
249.165 116.839
410.464 117.346
566.327 117.388
319.232 119.059
394.397 119.208
746.312 119.305
500.301 119.662
786.017 120.202
885.243 120.98
995.508 120.822
645.077 122.039
809.293 123.405
848.091 123.452
955.002 122.744
761.318 124.482
220.564 125.303
192.4 126.8
522.409 128.091
841.041 127.734
854.342 127.797
350.107 128.919
508.096 129.301
603.086 128.737
707.173 129.05
105.833 132.827
392.922 133.06
379.082 134.308
937.722 133.47
287.568 134.689
112.709 136.281
943.893 139.899
119.529 142.179
385.752 142.46
532.682 143.136
497.954 145.114
525.13 146.263
936.656 150.949
943.998 151.116
394.63 151.942
869.309 151.909
530.886 158.302
804.003 158.414
710.502 160.901
730.449 162
943.476 163.493
641.202 166.663
743.066 169.264
1011.03 181.437
109.711 182.482
494.916 182.821
191.928 184.157
466.7 185.095
956.966 185.943
59.8723 187.208
158.428 186.74
443.821 186.544
476.82 191.082
749.444 191.32
153.582 192.043
94.9167 193.328
484.369 199.541
999.404 200.1
426.596 201.189
704.86 203.106
957.878 203.13
308.129 204.332
360.074 204.971
41.976 205.597
994.941 205.547
965.193 208.272
125.903 208.865
458.73 210.229
456.977 210.369
589.968 211.128
132.274 213.218
499.044 212.934
552.879 218.332
965.903 218.051
766.245 223.301
464.551 223.715
768.886 223.971
444.464 228.471
690.159 228.91
814.645 228.837
436.39 230.831
972.962 231.562
682.157 232.815
961.099 232.756
463.519 235.253
1004.87 236.016
646.428 236.598
968.051 236.811
955.526 237.922
198.135 239.443
146.073 240.511
457.89 241.384
942.331 242.027
204.642 242.821
976.554 243.306
993.629 242.633
192.266 243.89
985.097 246.214
506.16 246.987
380.472 250.419
457.403 249.143
971.123 251.108
516.191 252.179
805.134 251.967
733.319 253.137
998.493 253.718
241.588 255.165
390.26 254.581
771.802 256.248
740.432 256.986
793.751 257.338
507.003 258.537
513.314 259.449
521.026 259.191
725.533 259.417
394.877 261.44
461.027 261.016
387.747 262.04
973.753 262.365
985.808 262.218
150.749 262.641
961.226 262.792
723.975 266.038
1005.98 265.728
691.192 267.272
994.317 267.192
427.606 267.645
976.126 272.346
878.517 272.775
172.409 274.184
962.149 274.151
442.227 276.103
969.376 276.825
430.495 277.725
663.441 277.879
758.068 277.587
956.778 279.369
987.818 279.657
878.193 280.774
188.268 282.263
519.872 282.342
454.589 284.109
982.811 285.48
992.368 285.369
197.031 287.345
466.024 291.077
726.412 291.822
738.038 291.771
962.05 293.042
977.834 293.329
994.156 292.633
946.132 295.196
186.05 295.678
720.406 296.406
732.371 295.837
986.991 296.143
750.86 297.521
968.46 297.099
956.254 298.041
1007.08 298.297
183.502 301.904
731.967 302.246
745.1 302.301
983.331 302.89
1002.41 303.273
469.816 303.573
961.055 304.044
1009.04 307.719
440.028 309.713
699.033 310.048
957.812 311.409
498.909 311.902
506.994 313.765
240.814 316.106
447.596 315.782
204.722 317.458
460.339 319.064
522.285 318.78
1003.48 323.527
704.028 328.464
825.712 328.162
901.246 328.042
1010.23 328.112
493.07 328.967
725.825 328.849
862.513 328.757
998.905 328.782
967.577 330.019
887.948 331.374
435.954 331.664
455.185 331.904
820.364 333.285
871.527 333.023
909.582 333.233
1006.16 333.358
789.074 333.782
964.126 334.968
975.189 334.818
466.895 336.987
882.896 337.347
443.381 337.719
472.932 338.68
959.118 339.743
970.372 339.834
435.295 342.55
450.261 342.764
211.823 343.934
188.876 344.687
473.786 346.043
691.174 346.978
31.0441 351.221
804.542 353.053
953.967 354.133
975.975 353.795
409.917 357.134
36.4633 358.51
959.238 359.338
970.866 358.672
390.98 360.042
1008.12 359.892
973.953 364.927
135.357 365.837
1003.64 365.724
1010.29 369.025
132.064 369.849
778.432 371.504
669.743 372.834
799.14 375.693
677.155 377.119
718.575 379.353
37.0484 380.789
796.693 382.069
775.478 382.511
838.198 382.866
30.0641 384.307
74.2439 383.913
814.826 384.179
824.274 383.709
869.244 383.907
759.108 385.214
955.477 384.515
115.64 386.257
1004.27 385.681
126.619 386.5
748.194 386.981
843.602 389.041
875.081 389.248
255.464 390.426
807.729 389.61
999.567 390.495
1010.67 390.174
969.26 391.268
34.806 392.364
662.08 393.061
744.407 393.79
249.864 395.259
1006.32 395.053
348.336 396.343
389.994 396.468
964.883 396.502
976.737 396.425
556.237 396.585
765.355 397.025
667.161 397.98
750.265 399.11
110.314 401.091
264.606 401.244
548.703 401.04
971.729 401.138
131.991 402.145
641.225 402.995
450.092 405.019
28.7667 406.1
334.421 407.033
478.098 408.13
491.452 407.609
140.236 408.619
304.278 408.889
564.59 409.119
435.57 409.848
457.168 410.066
642.412 410.107
34.667 411.54
520.769 411.37
251.29 411.752
357.588 411.601
465.94 412.453
58.9842 413.273
502.082 412.965
596.034 412.649
674.932 413.162
803.128 412.98
577.129 413.79
956.696 414.691
965.903 415.909
977.68 415.593
235.019 418.094
255.872 418.154
663.778 418.362
949.548 419.001
972.372 420.407
961.08 420.541
117.044 423.039
1009.81 422.616
33.8742 423.993
189.796 424.84
252.317 424.917
286.906 424.809
321.974 425.08
355.669 425.091
967.336 425.076
568.813 426.03
465.569 427.1
501.321 427.215
647.098 426.962
540.151 427.626
1004.53 427.878
576.245 428.522
654.183 429.378
696.477 429.153
196.499 429.923
1010.9 432.795
563.808 433.944
641.754 434.585
201.169 435.996
195.556 439.767
141.015 441.075
727.991 440.837
831.743 440.948
757.878 442.973
838.617 445.038
881.451 444.424
209.298 445.793
732.909 447.121
849.555 446.701
625.747 449.378
789.855 450.027
222.031 450.872
855.448 450.836
902.159 451.457
295.695 451.457
361.884 453.166
946.169 452.454
383.12 453.848
403.449 453.862
638.834 455.236
495.452 456.017
289.871 456.891
598.688 456.937
299.782 458.341
314.92 457.88
71.2847 459.422
1011.62 458.811
49.8004 460.121
633.613 459.955
490.354 461.517
712.143 461.671
731.748 461.98
1005 461.647
513.523 463.21
528.347 462.857
960.66 466.292
1000.74 466.965
775.203 468.062
631.12 468.551
787.613 469.702
945.541 470.04
712.006 471.377
810.135 471.667
773.634 474.997
673.658 476.489
763.172 476.918
874.893 477.166
646.025 477.828
524.606 479.737
612.182 483.467
744.899 484.961
647.173 486.883
89.2179 487.774
514.908 490.9
780.506 490.852
774.014 493.972
110.169 496.415
798.533 499.52
783.063 501.263
773.542 502.245
821.549 501.864
31.6944 502.556
655.774 502.465
871.826 506.413
748.04 507.227
962.049 507.029
78.7416 511.31
788.512 511.298
801.43 510.889
856.844 511.187
709.985 511.963
957.046 512.384
548.953 512.581
698.885 513.324
854.259 513.093
873.472 514.393
895.509 514.216
847.306 516.97
951.704 517.356
869.067 517.924
879.847 518.316
268.771 518.745
902.752 518.982
30.1765 519.576
51.0352 519.512
185.361 520.548
181.528 528.085
971.357 530.774
314.856 532.669
602.765 534.365
441.029 536.771
548.279 537.03
620.405 540.292
213.307 543.12
638.827 543.184
971.264 542.99
838.383 543.834
733.299 544.593
549.103 545.906
590.02 545.878
627.839 545.837
920.577 548.441
961.104 548.236
218.597 549.257
634.557 549.096
996.82 556.451
107.477 562.518
976.767 564.18
1002.95 563.525
645.134 564.654
920.323 569.768
974.602 571.148
964.288 573.14
527.799 575.501
255.704 578.828
508.23 585.597
527.779 585.586
502.683 590.9
522.222 591.162
385.305 622.754
412.092 622.565
388.175 13.9864
717.441 14.0199
579.026 18.4771
182.586 18.7772
558.979 19.6753
635.02 20.3753
748.763 20.3905
52.9021 23.9963
448.911 24.7441
463.931 24.7594
362.677 25.8014
42.8938 26.5189
577.489 29.3142
752.563 29.5022
470.525 32.1541
560.243 32.4367
428.271 34.1359
50.4538 37.9553
586.864 38.5276
529.787 42.1756
349.164 43.5718
982.178 43.1169
505.633 44.267
482.524 45.6755
338.967 46.5168
459.417 46.9613
436.53 48.2794
589.319 47.841
413.6 49.9084
390.805 51.3356
469.72 51.4103
472.19 51.147
874.457 52.3373
445.26 52.6184
301.287 53.8284
422.513 54.6073
51.1089 56.1454
211 60.1929
802.381 60.4105
631.442 63.9212
535.193 68.8152
589.096 68.9957
757.949 69.657
370.427 77.5378
574.639 79.2516
525.721 79.9492
565.626 83.0087
954.701 83.902
955.095 87.008
378.8 87.7082
780.675 88.809
177.714 92.1863
948.412 94.7348
819.053 98.2511
94.3516 99.8302
667.062 100.87
992.766 105.271
802.686 107.617
501.156 109.404
959.177 109.956
516.079 111.409
604.611 114.088
264.097 116.28
386.139 116.509
675.103 116.222
533.962 117.182
401.59 118.082
371.159 120.439
523.64 120.137
566.676 119.701
509.135 120.995
402.093 122.496
223.55 124.28
994.603 123.74
360.295 124.971
370.811 124.874
393.621 124.617
603.003 126.337
740.261 125.519
945.1 127.052
499.318 129.916
785.198 129.709
349.547 131.107
679.579 132.208
254.314 132.625
404.98 134.51
45.5937 135.296
368.996 136.247
46.4981 137.655
595.396 137.776
654.818 137.845
337.81 139.264
454.516 142.752
521.155 147.31
506.031 148.322
402.438 148.662
47.2823 151.979
377.006 153.853
592.155 154.45
109.828 157.03
422.643 159.246
531.364 160.844
327.743 165.164
402.088 168.36
1004.08 178.155
44.3082 181.848
44.2742 184.917
86.5652 185.371
974.92 186.998
602.002 191.133
807.906 190.946
434.26 192.609
628.494 193.305
639.55 195.917
997.863 196.892
317.683 201.355
599.464 201.758
701.094 203.316
558.643 207.042
491.356 210.29
291.668 211.709
316.873 211.756
419.777 211.749
292.541 213.593
449.664 220.95
817.926 222.157
436.923 223.287
98.957 224.872
278.392 229.441
545.971 230.611
975.221 230.441
993.351 230.225
404.991 232.205
44.5669 239.287
985.008 239.191
126.349 240.29
985.11 241.634
458.291 243.246
975.535 243.936
996.752 243.652
336.993 249.09
516.189 250.372
692.39 249.488
730.126 251.053
584.532 251.244
718.046 252.204
41.6859 253.8
662.034 255.574
883.878 258.858
335.114 261.187
959.454 260.803
240.936 263.252
390.006 262.98
841.445 262.774
33.4383 263.65
736.062 264.112
450.12 264.797
752.408 265.121
764.718 264.933
876.602 266.178
516.991 268.678
390.955 270.265
683.274 271.811
266.945 273.459
364.804 272.693
239.121 273.539
578.533 274.024
206.802 275.236
456.349 275.171
758.316 276.295
683.803 280.947
960.659 285.114
876.177 286.209
453.008 299.211
972.793 299.085
189.46 301.463
981.724 304.853
332.911 308.049
169.561 311.019
688.776 311.25
472.451 311.671
828.859 321.061
1002.21 320.966
446.287 324.516
391.013 326.139
517.935 325.605
363.996 327.452
839.414 327.835
705.331 328.531
489.793 329.507
826.973 330.752
37.1015 333.058
178.053 332.53
212.44 333.028
291.889 333.114
200.615 334.239
633.581 337.079
776.973 338.872
422.561 340.018
489.513 340.402
175.203 341.067
626.16 344.48
224.055 347.52
294.254 347.867
400.528 348.298
887.789 348.517
676.839 352.27
363.362 356.504
517.569 355.823
558.277 356.468
676.578 356.137
391.492 356.593
945.371 356.862
769.446 358.739
238.46 363.993
105.172 368.45
223.529 369.661
366.571 370.912
677.896 372.626
947.617 375.078
815.575 376.058
151.583 379.927
720.018 379.986
955.875 382.563
972.389 382.214
1002.97 383.204
728.941 387.907
670.623 389.435
850.106 390.041
775.412 391.21
35.7024 393.966
263.721 394.042
765.728 394.308
220.361 394.879
107.611 396.111
134.888 396.419
655.036 396.703
781.084 399.362
357.855 401.371
217.939 402.59
240.36 403.406
252.23 403.081
286.988 402.689
322.497 403.081
501.783 403.473
616.699 404.247
972.029 403.426
718.272 404.932
791.587 404.874
139.39 406.162
651.905 406.768
203.573 408.361
267.963 408.385
479.9 409.176
520.844 409.353
313.025 409.722
640.645 410.817
710.68 410.863
291.264 411.815
684.382 412.377
464.776 413.272
979.562 412.584
656.311 414.924
793.083 414.589
334.729 416.284
213.792 417.899
727.315 419.246
595.737 420.898
649.127 423.115
844.485 424.145
204.182 425.082
829.281 424.564
267.136 425.587
338.492 425.997
744.17 426.68
958.784 427.409
742.372 443.283
296.075 449.232
323.081 449.975
393.948 450.53
235.833 452.26
456.501 452.039
508.795 451.783
572.764 452.192
577.384 452.007
591.36 451.855
232.884 452.637
470.387 453.164
527.164 453.062
209.235 453.683
486.162 453.183
497.587 454.912
184.474 455.56
49.9735 457.437
376.835 458.59
410.308 459.211
959.069 458.459
478.557 460.065
95.5072 460.693
464.314 460.719
812.602 461.796
854.754 463.771
30.4631 466.319
763.978 467.925
789.015 469.275
522.65 469.928
964.34 475.463
701.841 477.901
720.952 479.854
953.419 483.109
610.559 484.231
753.875 484.206
647.403 484.999
27.2233 486.857
77.6016 491.145
749.025 493.131
108.368 494.778
594.071 494.786
648.808 494.856
203.869 496.069
548.606 499.273
733.833 498.831
764.178 499.323
32.0997 501.84
587.81 501.202
603.16 500.739
713.174 500.974
22.3987 502.775
793.259 504.591
808.807 504.326
66.812 504.556
203.215 505.673
204.48 505.88
541.67 505.995
734.298 508.883
826.568 509.269
774.701 509.657
908.053 510.193
839.241 510.912
126.152 515.007
914.946 517.296
316.138 518.736
640.575 518.393
712.756 519.17
962.761 519.618
730.058 523.518
63.8601 526.94
539.476 526.616
954.43 526.402
211.498 538.47
603.345 542.915
541.619 551.17
661.899 551.16
679.209 551.94
731.348 552.782
941.243 553.138
927.047 554.737
116.356 555.61
210.571 556.769
504.011 557.508
974.312 558.136
634.665 562.307
956.87 566.821
520.555 568.063
942.448 567.873
624.562 568.675
983.294 571.74
246.312 573.431
730.209 573.577
621.628 579.014
605.62 581.84
401.08 588.971
439.763 589.334
459.83 590.333
374.491 625.185
364.608 626.238
519.849 18.1588
283.868 28.0928
571.442 38.0719
470.699 51.408
603.321 54.1157
50.1111 71.7494
524.775 77.1453
564.067 81.491
331.618 84.9111
892.591 84.5936
380.416 86.0915
50.9589 88.3839
983.368 88.5097
961.684 92.1842
366.9 106.923
574.195 108.311
622.659 112.218
489.748 114.602
635.692 114.976
884.563 117.985
413.935 119.247
993.981 125.882
600.372 149.857
302.076 151.249
453.43 154.92
943.049 154.775
995.195 155.245
957.271 157.722
995.281 157.633
957.538 160.772
439.077 172.437
470.563 171.687
485.226 178.049
947.457 178.387
601.939 189.566
148.468 193.131
852.248 204.77
172.791 208.026
363.184 212.928
459.823 213.357
976.504 214.643
943.313 218.9
977.616 227.595
454.075 230.747
371.879 235.427
951.263 236.807
445.558 241.556
966.55 244.741
465.286 251.828
211.383 259.637
236.807 261.97
949.788 266.861
684.713 267.814
878.166 269.146
652.669 272.661
469.991 274.184
1003.95 275.053
470.036 277.596
501.314 279.2
204.083 290.203
885.378 290.334
886.873 290.84
204.308 292.569
680.707 294.055
951.808 296.298
39.3192 299.747
740.342 303.764
517.838 306.264
718.157 305.664
592.239 307.38
437.199 307.593
335.892 309.499
181.87 315.373
968.192 318.794
972.652 319.353
993.471 326.893
212 327.834
480.697 328.281
212.52 329.421
478.038 330.798
818.5 340.628
588.192 341.968
504.877 346.908
487.027 352.966
250.204 354.209
677.603 354.127
480.336 356.044
687.374 363.236
669.095 364.114
519.082 365.292
137.172 376.4
121.773 376.693
712.844 387.548
791.573 393.196
121.348 395.891
106.26 397.294
981.787 398.512
791.789 403.245
304.228 404.139
520.373 405.357
574.867 404.826
982.038 410.586
225.888 412.203
637.578 411.482
278.348 417.833
474.563 418.807
550.732 420.291
625.412 420.392
568.413 420.267
645.405 420.841
705.052 421.313
746.697 428.348
713.937 431.116
507.534 440.72
432.891 451.01
243.406 453.329
622.523 454.666
730.077 460.233
994.819 465.499
32.1161 468.491
522.493 474.061
898.994 478.71
611.44 494.086
107.121 494.963
964.579 494.842
35.7184 499.995
21.7399 501.445
529.857 501.009
78.7264 514.522
54.6678 515.438
865.85 515.357
742.544 517.03
34.0009 518.555
65.7037 527.834
688.952 541.5
571.456 543.922
560.581 552.659
258.467 581.772
353.78 587.39
498.87 594.36
521.672 594.747
397.542 627.334
40.2293 22.7093
51.8711 39.6052
314.233 70.8252
93.6116 105.451
36.9042 109.524
534.044 111.172
318.893 135.614
123.784 145.992
522.159 150.806
941.176 154.645
940.966 157.7
996.002 191.224
975.45 192.255
959.129 193.549
941.134 194.864
979.102 223.474
98.988 228.931
372.82 234.44
681.676 238.186
330.331 260.865
756.307 264.801
651.611 269.038
454.946 270.529
877.239 272.255
571.977 272.768
441.592 281.191
986.798 288.592
967.869 291.307
435.68 306.826
589.339 309.472
29.2136 309.919
990.48 326.013
181.328 327.985
199.25 336.644
475.683 338.666
700.914 337.847
816.282 337.922
222.118 342.873
455.151 344.317
485.771 355.18
668.054 364.512
984.277 399.42
596.466 405.68
492.534 419.111
964.241 429.191
636.591 432.377
171.907 444.314
216.198 453.502
196.936 456.706
533.518 465.199
758.873 465.971
741.039 468.547
521.876 476.408
756.76 480.214
737.954 482.358
519.041 492.911
37.4663 499.796
612.363 510.159
833.244 509.853
957.698 511.902
796.941 513.958
861.966 516.15
207.091 540.294
727.997 540.911
210.102 543.513
622.226 549.915
929.4 560.057
954.591 560.801
638.135 565.942
248.604 569.987
386.151 616.191
381.878 636.705
41.2913 23.1061
55.8532 24.7204
283.585 28.6756
51.5083 39.602
833.057 47.3002
39.8083 51.2707
299.416 53.5007
50.9191 71.6364
524.343 77.257
563.492 81.0062
331.656 85.5004
381.28 85.2065
51.2042 88.8493
983.226 87.8477
962.479 92.6881
574.353 108.245
37.7677 109.739
619.61 113.311
636.476 114.949
400.686 116.847
488.458 115.643
534.152 116.049
413.977 119.589
523.29 120.367
944.519 126.858
498.324 133.405
598.286 137.801
123.907 144.922
123.481 147.579
47.8085 150.325
600.313 150
453.266 154.852
942.665 154.871
994.715 154.572
588.907 155.707
958.201 156.753
611.595 158.597
941.223 158.541
470.573 171.65
601.734 189
996.26 190.448
316.727 199.798
852.28 204.454
558.061 207.481
643.159 207.441
363.09 212.153
459.709 213.007
409.156 213.793
977.913 215.001
943.129 219.224
978.325 226.018
99.106 229.049
454.075 230.591
544.562 232.214
372.085 235.686
467.66 236.84
682.246 237.463
444.967 241.869
997.41 243.389
699 251.248
466.125 251.582
586.822 251.446
212.248 258.954
330.74 260.676
236.716 262.127
254.154 264.592
949.583 266.411
44.102 268.328
685.097 267.902
878.151 270.768
455.447 272.78
572.466 273.13
651.784 272.307
235.196 275.731
470.077 274.281
501.277 278.947
874.451 286.133
986.47 288.292
203.755 291.14
885.097 289.901
679.665 293.412
951.654 295.512
738.64 304.231
591.826 307.425
717.992 306.611
982.196 306.97
29.1738 310.347
335.926 311.443
968.947 318.002
424.283 326.887
480.649 327.027
991.896 326.341
180.921 328.941
211.918 328.921
332.423 331.231
199.658 335.259
700.585 337.333
817.687 337.553
981.811 337.308
877.427 337.706
221.897 343.074
588.183 342.423
627.442 344.363
296.571 346.517
506.381 346.478
249.706 353.905
486.403 353.672
517.755 365.02
668.743 364.699
679.637 374.002
121.852 376.539
138.155 376.729
105.843 396.561
121.311 396
791.577 396.247
983.248 398.892
791.958 402.224
304.432 404.44
520.488 405.382
574.433 404.727
596.239 406.645
673.987 407.187
507.972 414.438
583.185 416.206
278.206 418.058
474.841 418.77
492.123 418.931
550.541 420.614
567.834 420.852
625.68 420.552
645.425 420.987
704.631 421.745
268.473 428.03
746.688 428.695
963.013 428.66
560.965 430.391
713.774 431.456
637.168 431.499
507.614 440.385
557.586 441.869
432.836 450.972
215.107 453.78
243.513 453.628
621.606 454.334
197.339 456.457
165.597 460.273
182.026 466.762
758.357 466.659
31.8097 468.666
740.905 468.533
522.1 475.131
518.907 492.295
611.996 494.733
965.181 494.859
106.429 495.821
734.296 497.503
36.4834 499.776
550.432 500.054
530.061 502.239
611.57 510.491
54.8628 515.279
796.532 514.064
861.898 515.848
865.508 515.421
34.7725 518.212
65.6134 528.452
242.848 540.487
728.451 541.143
210.407 543.466
623.015 547.057
623.402 549.296
941.162 550.664
540.619 552.461
560.684 552.849
215.999 556.274
930.252 561.052
953.48 559.735
1000.3 562.53
353.637 588.088
498.841 594.858
384.897 617.514
369.227 626.187
397.721 627.242
760.576 31.3502
760.367 33.4604
434.292 41.6654
605.902 47.6482
39.4109 53.467
557.187 81.5968
386.46 84.8932
329.148 90.6522
957.112 90.2534
505.876 109.373
377.262 119.187
550.165 118.978
619.687 119.577
51.5824 131.032
115.293 130.532
364.837 134.312
602.609 134.133
279.588 142.669
939.481 155.209
960.528 159.599
34.7289 166.101
50.4491 183.408
622.252 190.983
986.999 190.629
961.218 193.653
146.732 196.618
536.635 208.489
600.371 207.945
505.628 209.93
379.044 213.263
964.608 218.193
983.985 220.148
965.604 239.332
956.574 247.451
208.613 255.255
582.416 254.209
231.527 263.452
732.017 269.27
873.875 275.872
439.711 280.992
43.0194 298.603
187.054 308.033
976.407 317.694
586.918 326.128
480.92 336.88
475.457 340.167
455.892 350.661
420.031 357.027
484.566 358.555
183.859 366.577
42.1442 388.271
793.927 396.477
127.549 412.901
229.369 414.818
584.37 420.634
44.0492 458.241
736.327 492.615
39.7924 499.719
531.229 508.515
958.38 511.813
629.963 518.554
709.743 524.365
845.169 524.323
193.116 526.235
652.272 533.395
952.776 533.552
652.996 536.379
205.43 540.542
639.009 563.383
532.545 578.482
385.082 614.635
57.4079 34.4494
934.115 75.1392
326.781 90.8896
577.713 126.091
966.249 127.362
494.525 133.355
277.589 141.377
648.334 143.402
387.856 151.633
517.83 151.703
961.692 153.19
965.843 153.366
386.672 156.532
577.969 158.176
472.584 167.34
601.65 212.676
507.33 213.84
968.058 218.721
452.789 221.353
985.207 252.705
257.413 258.727
694.492 257.773
439.132 265.332
958.84 280.35
965.901 279.412
682.144 287.25
165.715 293.821
233.93 295.494
225.839 296.071
186.293 310.067
259.428 320.738
454.4 320.052
295.138 353.253
360.881 365.682
961.234 371.823
145.902 376.684
237.565 382.691
682.466 383.196
800.186 395.119
615.584 454.927
638.472 465.153
717.36 466.315
517.239 485.464
607.489 500.637
533.7 506.479
528.806 513.958
47.437 516.886
655.734 536.227
194.156 546.851
223.972 554.761
542.179 59.0328
516.374 83.8527
611.606 117.599
310.296 144.878
518.195 147.178
573.174 160.666
354.049 162.314
515.207 181.459
624.471 185.2
388.569 185.731
452.863 190.685
456.043 191.212
974.599 194.491
664.702 241.648
478.186 242.78
700.695 260.938
49.4767 262.564
703.304 270.132
432.619 298.595
478.602 300.39
590.686 300.298
946.568 305.375
150.238 376.973
682.359 441.427
611.973 451.102
252.294 451.875
965.573 451.994
43.5228 463.618
42.3076 469.272
978.589 481.154
46.6255 491.452
642.941 512.657
952.505 538.29
615.776 563.402
544.771 50.7552
541.558 58.6173
578.145 125.411
56.2006 133.45
309.652 146.169
518.316 147.167
648.889 146.49
517.292 151.987
962.964 152.477
386.358 155.738
576.225 159.135
473.249 168.076
53.4431 182.817
515.721 182.752
388.418 186.053
624.347 186.207
451.625 190.529
506.927 212.63
600.854 213.556
452.962 221.13
969.626 219.582
430.416 237.027
477.456 241.849
258.32 255.718
695.42 258.014
51.1967 262.542
734.609 271.145
964.797 282.25
227.374 297.147
433.201 299.394
478.634 300.762
260.843 320.847
454.233 320.658
360.33 364.195
962.615 373.618
148.798 376.61
120.559 386.038
683.807 385.23
682.275 441.449
611.863 450.971
640.478 466.607
717.088 465.938
977.35 481.928
515.41 485.279
45.4964 493.931
608.369 501.754
642.332 512.554
193.437 547.44
223.919 554.963
615.295 562.833
645.386 563.163
942.23 581.345
577.036 56.6241
352.257 68.1988
315.938 94.1404
417.862 123.455
485.635 125.465
612.657 146.931
933.521 209.271
613.376 215.94
606.388 222.833
310.254 226.686
453.42 270.222
234.343 286.387
944.041 317.107
447.386 354.804
448.453 360.324
245.369 446.009
641.511 472.8
538.198 516.698
192.287 554.098
541.092 573.026
511.621 602.563
433.804 609.33
511.409 608.111
621.296 85.7368
513.314 91.8357
412.663 168.251
642.141 186.269
935.745 194.929
621.082 223.06
669.651 231.705
352.15 341.45
503.32 485.671
942.469 549.336
267.753 558.875
342.312 602.028
442.211 605.181
670.852 224.986
255.019 234.519
929.292 310.174
645.283 482.006
716.738 480.835
231.255 493.989
