1475
208.819 12.8785
490.475 12.7035
563.739 13.9774
889.728 14.8914
91.7858 15.8709
514.387 16.7281
1008.7 17.2962
862.042 18.036
601.064 18.7637
434.044 20.0895
872.767 20.1454
86.5103 21.8064
886.381 21.8856
208.353 22.8166
445.562 24.5436
377.05 26.0909
706.596 29.4954
653.489 29.9519
849.915 29.8496
444.887 31.4754
872.986 31.1123
208.798 32.0007
640.614 32.5627
262.093 33.1209
462.287 33.8274
487.44 32.7797
430.171 33.9688
838.115 33.4242
79.0876 34.7998
202.604 36.3579
626.653 39.4673
435.974 39.6876
832.617 40.1149
851.778 39.5507
83.8272 41.0333
441.796 41.443
464.918 40.5745
78.1657 45.497
450.588 48.114
441.705 49.2428
914.227 48.3924
421.573 49.6399
879.896 50.4532
638.891 51.5569
647.993 51.0301
506.991 54.2409
903.971 57.2194
206.3 59.442
77.5018 60.2033
456.027 60.4232
888.683 64.9525
82.3095 66.3129
849.493 65.7468
422.127 66.8986
444.115 70.4869
530.22 70.3296
76.9576 70.9563
430.927 71.1359
840.8 70.9634
870.996 71.0101
363.498 71.8705
863.63 72.4117
894.387 72.4441
918.999 72.4633
174.952 73.5856
1011.31 74.1902
374.636 74.8615
489.867 75.6163
483.891 81.4322
1006.66 81.5194
864.228 83.0968
205.611 83.5358
655.525 83.2713
888.373 84.1399
174.467 85.1958
75.5587 86.0533
1012.35 86.7448
392.702 87.8305
778.111 88.8509
80.4873 92.37
387.825 92.9062
904.038 93.7853
412.137 94.9305
74.8114 97.0523
389.979 99.4632
671.044 100.118
893.506 101.395
429.136 102.113
81.0102 102.963
864.381 103.107
418.753 103.876
366.637 106.561
896.154 106.162
889.964 108.977
428.707 109.865
456.466 109.668
410.391 111.917
73.7284 112.982
59.6943 115.598
273.925 115.628
431.068 115.597
519.333 115.565
365.413 117.859
442.108 119.521
388.118 122.048
873.521 124.749
107.877 125.822
897.903 129.263
436.837 131.033
902.326 133.258
196.456 133.738
355.638 133.805
523.564 134.068
392.776 136
894.75 136.472
409.889 138.279
402.637 140.274
865.751 140.824
559.92 142.074
675.591 142.145
530.303 144.516
284.529 145.632
855.074 145.18
424.769 146.117
896.294 147.296
845.91 148.216
409.713 150.288
534.309 152.234
679.936 152.399
878.418 152.609
395.118 154.27
892.306 153.981
655.704 156.412
380.494 158.09
203.102 158.682
781.954 163.505
375.146 164.015
868.18 164.952
873.172 170.089
996.426 170.281
753.43 174.297
899.062 174.776
740.295 176.067
311.001 178.059
548.041 177.704
904.906 178.301
654.94 179.87
668.119 183.214
744.82 184.961
522.795 188.794
886.751 189.431
325.345 189.982
863.661 191.111
870.604 192.789
571.119 194.611
338.948 195.937
767.512 197.938
859.167 197.285
894.52 198.845
158.135 200.06
868.406 199.922
428.02 202.928
900.016 202.958
462.777 203.465
338.881 204.821
450.155 206.205
1005.5 207.363
428.184 210.497
443.827 211.057
900.873 213.173
150.929 214.586
334.782 217.108
354.967 219.296
895.426 219.654
876.896 220.921
198.309 222.531
854.911 222.863
906.623 226.384
900.499 227.172
219.642 227.792
308.596 234.587
901.081 236.699
347.62 244.117
897.286 243.478
860.943 259.926
558.343 263.055
342.682 267.503
879.114 268.468
890.59 274.224
512.522 274.608
674.85 281.4
717.096 282.872
688.095 285.378
392.572 286.831
879.919 286.837
432.749 288.61
607.726 291.978
247.324 295.333
386.904 296.387
600.875 297.164
881.123 297.34
378.981 299.53
401.964 302.577
416.681 303.184
457.979 303.328
434.121 305.611
910.083 311.442
596.421 312.116
373.796 313.459
643.642 313.732
416.492 314.421
698.123 313.72
881.266 314.841
355.619 315.646
652.664 317.021
348.919 320.134
638.253 319.713
411.18 321.015
648.281 322.991
661.635 322.741
671.553 322.469
777.903 323.185
364.964 332.367
450.498 333.176
778.079 333.063
234.078 333.954
846.014 333.933
396.204 335.425
192.073 336.46
665.874 336.242
367.58 341.411
449.714 340.947
877.707 342.214
191.079 347.11
1008.86 349.241
648.513 351.642
271.556 354.534
401.58 356.186
634.631 357.015
659.858 356.615
892.203 360.487
642.849 362.102
654.208 362.243
1009.61 362.616
630.434 363.104
372.793 365.32
360.772 366.314
889.025 369.913
857.676 371.705
884.108 372.236
925.085 372.266
579.691 372.795
851.804 377.496
390.714 378.233
889.541 380.026
431.788 385.244
728.507 385.571
763.091 384.882
268.948 385.821
503.816 386.24
256.308 387.924
810.316 388.227
771.914 389.19
264.475 391.426
488.024 390.785
723.138 390.836
409.54 392.429
450.013 392.593
387.397 393.803
879.761 395.186
366.027 395.915
393.212 399.722
861.571 403.201
538.951 404.02
385.594 404.507
186.976 407.827
397.175 408.48
885.561 408.034
411.951 410.277
259.077 411.53
316.316 414.467
890.99 416.634
880.792 425.115
276.183 429.649
562.878 433.643
702.985 435.844
880.975 435.527
775.881 439.083
887.754 438.793
229.297 440.659
684.205 443.147
701.466 442.641
727.417 444.142
770.985 444.133
668.867 446.501
708.171 447.854
870.077 448.433
233.009 448.667
888.293 449.122
682.932 450.141
548.192 452.667
259.314 454.954
286.816 454.791
654.457 454.729
228.34 455.611
434.729 456.417
541.686 456.27
469.922 457.258
552.42 458.094
237.217 458.681
660.313 459.918
876.399 460.232
268.893 460.805
290.062 461.106
309.632 461.333
462.923 461.348
899.983 462.675
863.911 464.305
243.855 464.846
278.693 465.399
887.902 465.674
253.983 466.903
408.27 466.744
292.132 468.435
377.926 468.057
266.999 468.647
435.592 468.633
522.632 469.305
488.809 470.278
423.752 471.086
476.165 472.447
548.111 471.673
247.968 472.771
284.49 474.922
694.799 475.681
226.511 476.971
278.315 480.531
529.747 480.92
883.933 483.061
526.594 485.075
475.318 485.871
532.952 487.832
889.837 487.546
660.472 492.485
433.085 504.322
890.072 504.049
141.228 505.103
328.121 504.459
370.78 504.269
386.211 504.7
404.828 504.161
420.845 505.161
871.168 506.697
275.661 508.773
883.588 509.331
400.285 510.199
783.707 510.002
356.138 510.689
720.536 511.083
744.638 510.964
753.724 511.793
765.815 511.687
495.779 512.77
695.912 513.248
837.015 513.106
169.598 514.799
758.847 516.062
154.15 521.632
175.828 523.537
167.389 526.466
907.658 526.178
891.333 527.919
575.95 530.879
868.469 532.626
489.368 533.682
524.116 534.117
695.751 534.335
884.831 535.291
138.091 535.651
109.019 537.027
567.811 536.544
682.241 538.988
921.252 538.256
672.132 540.396
763.105 542.919
859.101 543.571
124.013 545.333
893.207 546.973
655.692 548.256
163.147 550.108
527.015 550.593
566.484 552.897
892.466 553.333
876.671 554.502
341.09 555.833
637.585 558.348
532.103 558.655
681.659 559.056
141.796 561.901
681.286 567.377
690.435 567.202
704.809 566.542
725.63 570.214
659.93 571.592
917.258 571.781
696.348 578.089
707.699 578.334
861.878 578.036
820.65 579.554
391.249 583.045
888.131 582.748
340.208 585.194
767.798 584.991
726.657 585.971
752.235 587.455
777.691 586.821
878.252 586.888
637.005 587.491
800.024 587.976
811.386 587.525
906.228 587.465
917.231 587.324
388.176 590.075
783.244 591.314
869.213 591.232
162.939 591.857
766.582 594.011
860.604 595.701
513.563 597.136
917.683 598.347
796.03 599.856
506.629 601.012
634.684 601.33
856.125 602.809
590.876 606.39
927.558 607.004
640.729 607.838
508.256 613.904
422.752 615.295
733.626 616.346
307.662 618.011
876.978 623.285
919.765 622.773
921.116 625.251
929.407 627.172
814.777 627.73
990.727 627.297
856.953 631.149
596.117 632.323
925.251 634.977
213.903 637.364
914.978 636.969
193.015 639.35
992.847 641.524
919.843 641.895
910.279 650.13
1004.84 650.045
918.403 655.381
927.865 656.055
978.067 656.758
860.84 659.597
976.918 664.947
710.285 14.2345
671.418 16.235
79.5737 18.4595
69.8278 20.6761
177.727 20.6967
838.331 24.6603
866.197 25.7269
647.262 27.3691
430.815 28.2722
78.1454 31.8694
618.385 32.4802
856.823 32.2184
446.676 33.7665
453.232 33.6852
640.54 34.8286
912.856 35.0625
700.207 36.2191
660.572 37.2338
384.89 37.94
682.555 40.7523
833.743 43.8839
893.344 43.4762
167.901 44.8938
460.285 45.3052
65.3464 47.0675
502.064 48.1077
852.211 47.854
353.352 49.0178
776.052 49.8953
907.182 50.7021
883.745 52.6565
485.047 53.8621
463.708 54.5599
76.5468 56.9526
434.523 59.2745
633.125 64.9028
867.902 65.645
444.273 66.9469
861.977 72.8175
877.789 77.5745
621.641 80.261
446.343 81.3085
852.792 81.2914
431.074 81.2733
630.308 81.7237
1004.9 82.5541
322.775 87.3282
659.622 92.2793
563.888 92.3116
421.892 96.0439
15.3999 97.8155
444.871 97.5955
884.741 98.1074
24.0875 99.9734
731.349 100.372
562.989 101.023
42.2553 104.403
842.096 104.031
402.303 104.944
380.718 107.337
16.8678 108.354
72.925 111.273
56.8012 112.723
702.88 112.559
465.515 114.282
57.0253 117.03
204.96 117.608
78.4946 119.981
162.661 120.459
455.775 122.087
358.538 123.594
388.594 123.469
93.3543 124.828
51.1652 126.335
467.96 126.95
873.551 127.668
489.186 130.998
905.617 133.05
845.86 134.995
894.517 135.212
384.625 137.324
538.052 137.733
202.783 140.771
888.46 142.085
450.79 143.869
898.826 143.735
684.311 144.917
434.261 148.751
418.718 152.832
403.986 156.849
703.917 159.987
389.333 160.788
909.235 162.679
1003.25 162.737
360.777 168.418
863.06 170.888
346.56 171.998
589.055 172.087
873.461 172.774
1002.96 177.326
419.216 180.234
333.704 182.79
594.714 185.311
688.828 185.874
650.452 186.972
347.812 189.053
496.089 192.759
505.665 192.808
870.295 195.717
159.298 197.315
520.411 198.017
902.012 200.967
876.138 202.116
168.173 203.424
509.211 206
420.038 208.757
199.507 209.606
158.74 211.115
456.679 211.545
342.209 213.319
519.381 215.075
364.136 218.415
374.394 218.117
428.786 219.621
1009.24 220.475
199.622 222.372
847.495 225.531
519.197 231.206
501.861 232.303
198.238 234.11
404.738 233.932
431.819 236.903
407.851 244.785
708.787 244.839
870.64 248.363
880.513 248.005
453.816 251.167
894.147 250.83
319.584 255.645
853.368 260.475
233.359 260.95
233.58 262.644
555.832 263.222
567.71 264.043
370.726 264.648
721.93 276.149
867.882 278.573
489.707 282.341
440.963 288.546
418.178 293.222
574.829 295.093
896.322 295.962
905.765 296.29
246.61 296.628
388.004 296.862
378.637 298.232
873.957 301.286
153.368 302.916
325.186 302.856
583.909 304.603
164.63 305.499
783.217 309.045
407.583 310.056
640.473 311.822
900.923 312.596
872.835 314.417
677.615 314.645
742.799 316.564
776.514 316.746
884.221 318.029
401.807 319.013
511.049 320.318
447.887 323.128
584.389 325.32
294.614 330.841
881.167 334.002
342.281 337.722
587.119 336.661
796.003 338.919
775.723 339.899
403.311 341.996
572.813 342.147
392.507 343.885
786.247 344.107
922.466 345.426
272.206 347.808
923.122 349.319
440.413 352.552
573.033 357.218
892.301 356.308
902.21 356.674
192.542 358.053
415.715 362.161
151.837 363.229
441.124 368.125
450.329 374.25
588.048 375.335
405.571 377.152
884.008 376.987
440.857 380.168
883.035 381.039
911.56 381.752
150.507 381.704
398.889 384.194
729.824 387.841
181.566 390.285
280.255 391.004
877.533 392.675
782.875 394.108
856.543 394.489
913.301 397.547
683.345 397.89
338.566 400.193
722.863 400.872
788.11 405.663
905.245 406.001
394.418 410.935
919.031 412.228
568.438 413.023
877.709 414.869
423.34 416.037
148.778 416.323
569.841 417.264
450.117 418.756
676.724 418.5
489.13 419.712
281.581 422.096
367.751 421.649
871.851 424.554
918.181 424.193
450.828 427.52
571.037 433.824
700.092 433.977
239.588 440.371
856.997 440.495
698.298 443.137
593.743 450.851
855.5 450.361
683.599 451.868
907.725 453.191
475.742 456.066
424.285 462.255
895.276 462.069
298.985 462.662
476.167 464.107
564.911 465.355
435.904 466.296
187.1 467.914
489.233 467.305
463.479 469.248
548.195 468.997
875.638 469.193
520.233 470.462
576.308 470.853
556.583 472.244
318.451 473.453
857.31 472.81
535.152 474.113
698.967 475.98
708.049 475.815
489.279 478.564
469.736 480.117
871.538 480.014
527.476 482.215
243.702 486.943
461.724 486.886
732.078 487.067
867.857 486.746
517.748 487.609
666.525 487.986
579.367 489.974
185.859 493.015
660.111 495.59
287.286 499.964
911.575 500.104
194.142 500.856
303.398 501.201
348.913 502.613
166.388 507.464
425.069 511.331
757.936 530.365
867.794 532.15
875.847 534.025
477.099 535.591
716.714 536.967
449.44 539.275
393.594 543.541
340.782 544.091
916.909 545.5
69.6106 547.996
664.198 547.359
403.171 549.503
924.131 550.875
42.8048 553.412
646.382 561.983
673.084 564.163
689.462 565.223
923.834 566.319
493.981 572.024
646.709 572.005
518.228 573.543
673.367 572.798
893.083 573.274
576.003 577.451
731.161 577.913
908.611 577.655
655.052 580.32
710.471 579.863
887.855 580.887
812.697 584.816
917.059 585.632
927.362 586.637
402.383 588.011
329.842 589.794
819.105 592.415
162.897 600.471
892.74 605.698
941.615 615.128
912.15 617.938
927.446 617.733
431.838 618.927
289.985 623.037
416.224 622.811
907.625 625.159
931.618 627.479
874.276 632.387
820.86 634.614
836.382 635.03
960.756 636.723
207.405 641.301
221.356 642.283
903.095 641.751
973.548 641.783
837.166 651.33
951.97 651.316
814.958 651.757
971.916 652.098
853.588 653.028
966.958 661.136
67.8214 21.8983
836.167 23.0349
179.412 23.9736
893.828 27.7778
212.12 28.2161
894.882 31.0548
880.157 32.4408
419.96 33.5839
638.677 37.0145
832.718 44.2294
650.141 48.0317
856.447 50.0139
424.046 51.9188
76.7563 52.8625
438.466 53.8318
456.267 62.9202
860.673 69.305
585.849 70.3029
446.977 70.7747
620.051 76.752
882.02 76.6987
73.2001 78.926
167.815 79.2297
1002.94 83.7554
872.055 92.3546
23.2867 97.7202
32.6686 106.119
911.828 108.295
415.897 109.256
367.256 112.359
884.6 119.995
164.945 121.183
788.439 123.771
898.555 124.266
85.9142 127.137
406.615 130.252
522.805 132.102
99.1111 133.967
875.956 143.083
163.741 147.452
268.368 153.161
205.872 156.747
449.592 170.592
334.531 181.18
892.533 185.1
336.659 198.781
169.658 202.698
475.854 203.81
878.408 203.525
430.634 204.766
869.506 214.826
360.532 217.748
376.673 220.03
169.265 223.625
890.354 232.349
159.851 232.545
904.205 233.457
360.409 237.413
853.49 248.225
232.183 248.835
453.948 249.712
891.374 252.798
421.926 258.807
318.365 267.601
319.669 267.541
399.645 275.04
890.455 277.842
870.832 279.194
871.176 280.638
157.704 282.918
318.991 291.638
196.886 294.144
883.325 294.661
599.277 298.002
246.219 299.557
892.643 299.506
584.743 303.113
459.26 303.943
156.277 310.685
699.995 312.885
776.724 319.563
399.544 319.636
900.44 321.96
871.063 333.649
856.257 337.877
284.261 346.196
396.307 355.739
584.846 364.343
599.777 363.737
648.884 363.727
267.751 366.106
896.811 370.933
510.728 373.423
575.707 375.771
415.971 380.725
740.496 384.465
428.181 384.674
905.403 389.136
180.238 391.346
161.281 392.177
542.982 394.163
868.586 394.546
915.443 397.753
151.28 400.01
261.779 401.471
888.936 403.753
543.42 406.625
159.731 410.616
853.76 418.39
417.474 421.474
384.15 423.076
576.412 424.141
870.087 428.538
158.578 431.567
572.292 436.022
889.601 436.878
148.255 441.542
249.54 442.342
594.926 448.415
753.431 450.379
157.75 452.026
245.03 454.035
462.297 454.715
672.826 455.411
462.095 456.508
147.562 461.768
488.779 465.052
547.524 466.24
586.47 466.165
258.225 470.121
702.789 475.604
511.126 478.695
571.276 480.401
229.715 482.156
868.874 482.071
657.152 489.932
893.918 500.198
344.439 502.487
894.077 502.518
495.076 507.47
132.508 507.935
142.824 523.943
676.661 530.088
923.731 533.344
414.304 545.26
74.1854 548.2
861.371 553.326
917.885 559.393
138.803 563.105
173.009 590.252
516.589 593.958
882.067 594.575
589.974 603.376
926.17 611.747
502.894 616.746
920.183 625.147
820.937 636.02
940.906 639.993
826.312 645.027
199.01 649.525
994.893 650.055
920.29 654.895
902.037 662.056
181.235 26.2477
213.711 28.7494
662.376 32.7857
837.743 60.0051
999.17 62.6265
872.171 65.6292
74.1504 77.4292
407.472 90.9602
897.979 98.1747
378.901 99.9346
72.005 105.866
914.265 108.35
58.8373 109.646
875.276 111.576
208.91 116.744
886.689 119.949
166.736 121.231
862.902 130.285
538.875 132.278
174.674 135.361
162.297 149.575
210.368 156.663
854.428 185.038
431.789 203.3
891.193 213.094
879.728 225.488
435.346 236.713
440.875 236.439
882.43 243.384
868.741 245.559
892.523 253.298
200.839 254.039
441.063 265.614
882.673 266.049
870.434 275.727
883.827 288.655
314.978 290.868
590.34 301.599
596.44 305.009
324.065 306.42
871.836 308.633
897.148 312.838
578.575 314.898
445.251 319.234
396.906 319.829
419.879 342.222
407.044 343.888
445.601 346.103
898.72 346.737
192.103 381.015
775.909 393.829
720.513 394.903
720.753 397.389
424.325 400.296
415.4 423.701
159.833 432.573
244.115 440.931
189.347 450.708
855.824 470.437
160.902 491.301
857.583 495.209
151.553 508.725
170.87 509.508
144.748 526.54
666.3 542.149
648.936 544.944
71.136 550.568
863.793 572.55
913.143 587.338
765.9 587.587
917.784 595.747
857.006 617.256
67.0348 23.0387
835.988 22.7113
180.32 25.3053
212.508 28.3462
894.382 29.7628
880.86 32.2908
637.807 37.4007
861.281 36.9458
872.064 47.2978
856.182 50.2802
76.2802 52.414
436.677 54.1457
999.883 63.3754
872.243 66.1831
447.01 70.3743
882.326 76.6747
73.8594 78.1979
167.905 79.2329
988.119 79.9532
850.42 82.9925
407.67 90.5219
871.754 93.1952
442.695 97.2915
378.409 100.216
71.8449 106.594
416.28 109.268
874.838 109.175
913.188 108.046
367.704 112.31
875.121 111.636
58.5236 114.286
208.196 116.456
885.489 119.992
357.264 123.753
789.003 124.063
467.466 126.829
522.012 131.806
862.296 130.052
98.5588 133.515
173.584 136.116
875.997 142.158
163.596 147.479
268.812 152.761
206.846 156.307
903.521 164.756
863.744 169.409
204.262 179.562
334.981 182.004
856.173 185.513
335.903 198.676
170.385 202.139
878.541 202.573
475.676 204.424
431.83 205.543
515.472 211.883
891.55 213.213
360.234 217.148
377.458 220.402
878.417 226.63
524.587 231.275
159.823 231.548
499.717 234.925
868.541 245.709
233.037 248.603
453.949 249.459
852.565 247.889
892.183 252.647
352.774 254.513
422.117 258.786
371.418 263.7
440.846 264.332
319.322 266.975
882.328 267.373
359.012 277.904
870.665 280.056
442.523 287.927
316.308 289.736
197.61 293.691
896.191 298.068
246.113 300.171
584.624 302.26
156.236 310.043
871.415 310.051
578.823 314.657
398.199 319.697
510.812 319.624
777.557 320.488
860.561 322.439
408.502 328.389
584.121 328.611
870.657 334.572
341.05 337.415
855.908 337.748
406.703 343.401
419.972 342.222
285.073 346.132
871.019 351.653
396.085 355.199
856.296 353.515
193.788 357.117
584.835 364.205
600.978 363.408
898.334 371.137
510.622 374.736
416.088 380.591
428.232 384.593
905.912 389.611
854.258 390.814
161.757 391.712
179.698 391.963
510.322 391.932
777.909 393.731
720.297 395.875
340.091 399.307
151.573 400.178
261.615 401.093
424.802 400.453
888.819 404.122
543.934 406.384
159.886 410.332
854.166 419.28
416.657 422.165
576.511 424.184
158.409 431.79
147.955 440.867
242.672 440.508
877.574 440.825
190.071 450.551
754.374 450.669
158.002 451.895
246.628 454.03
461.757 456.039
147.751 462.037
488.522 464.911
599.127 464.754
547.363 466.565
598.746 467.966
257.848 469.944
702.549 475.445
510.731 478.62
229.644 481.726
518.465 490.371
576.118 492.629
858.326 494.574
894.242 500.49
881.679 504.257
494.369 507.431
151.703 507.867
169.481 509.231
143.877 528.125
127.76 530.135
923.988 532.76
666.454 542.724
649.707 544.8
414.821 546.106
74.2763 548.215
896.516 548.648
71.4646 550.184
86.3315 550.806
861.338 553.346
917.735 559.543
863.788 572.539
928.831 583.37
767.494 587.024
912.451 587.381
173.533 590.081
329.67 590.502
494.829 595.163
882.552 594.105
926.924 612.419
856.737 617.265
918.626 624.456
836.193 633.723
848.128 641.808
941.202 639.704
826.274 644.865
994.301 650.6
898.347 48.2015
872.715 59.7193
470.723 93.5656
666.239 93.6389
900.226 100.222
985.837 103.662
56.0591 109.809
490.337 113.178
44.1326 116.743
451.669 117.598
538.743 131.388
396.499 142.647
210.647 155.019
908.126 168.273
481.684 170.459
444.066 172.715
307.041 184.801
864.972 201.263
494.205 208.739
512.467 212.062
438.686 237.828
320.673 246.442
848.556 246.147
355.991 253.308
849.483 282.068
460.627 285.055
500.167 302.68
595.761 301.902
475.818 307.33
898.211 308.123
390.89 317.891
856.983 319.892
896.66 319.738
201.143 332.716
912.416 332.6
556.704 336.202
286.297 340.342
448.698 347.902
577.047 349.434
873.817 356.243
851.536 359.61
427.77 367.968
391.149 371.24
273.926 371.511
251.282 373.988
592.122 382.4
888.86 386.197
860.591 389.567
396.411 392.104
174.367 394.243
902.86 414.389
246.908 434.278
246.581 440.174
458.832 450.963
239.055 467.078
878.078 506.105
174.212 510.804
576.296 526.463
161.604 532.633
879.892 539.011
526.784 591.299
884.335 590.954
490.419 593.344
912.584 594.149
581.995 598.495
938.592 602.839
321.505 610.62
889.864 612.646
866.783 631.823
880.489 649.274
923.633 650.652
188.515 36.4538
442.47 62.6143
447.586 66.5278
463.425 84.7489
51.566 105.04
214.17 119.591
68.9499 121.446
211.478 119.941
376.121 122.062
450.996 123.473
94.4996 130.055
904.257 144.579
885.331 159.986
210.984 190.202
844.359 210.779
422.951 218.862
208.226 228.415
514.292 255.517
360.914 276.254
409.838 277.996
520.587 285.741
201.646 298.239
426.649 318.554
866.797 340.723
172.543 361.013
568.438 376.637
294.991 393.002
872.054 407.823
223.747 446.892
457.055 446.759
857.781 462.062
250.013 471.137
877.742 485.063
489.995 500.539
553.844 499.836
179.264 514.012
626.462 520.952
303.157 532.21
929.967 533.831
52.2031 536.556
142.415 546.344
78.4091 549.11
646.969 556.238
863.906 561.036
522.078 569.684
177.916 588.359
529.824 592.319
745.303 596.083
509.378 611.889
988.236 646.62
854.815 41.1301
467.697 84.5985
884.553 89.0074
41.2085 98.8588
835.757 130.851
485.795 140.609
460.597 151.187
516.369 153.953
914.452 158.202
879.183 163.06
914.698 164.872
339.723 176.6
214.026 188.474
875.879 206.63
327.194 211.969
540.533 229.867
327.246 247.192
865.163 265.608
312.857 280.804
604.17 303.779
893.206 310.141
320.365 315.591
174.279 329.441
614.419 359.054
277.433 373.863
594.707 389.258
408.879 393.86
926.466 404.504
202.394 422.314
397.088 424.346
168.067 428.191
872.788 439.165
436.127 501.093
182.873 516.618
117.706 523.897
90.7037 553.692
518.558 566.574
887.925 616.774
959.828 628.964
441.52 62.7151
465.811 84.8478
375.14 120.941
449.951 122.653
836.628 131.105
487.035 139.988
460.999 150.894
516.035 153.852
884.25 160.981
339.9 177.025
211.809 188.606
841.716 210.909
326.574 210.54
328.189 248.09
865.03 265.889
409.849 279.838
500.643 303.131
893.605 309.798
321.26 315.036
428.592 319.959
288.057 338.669
867.863 342.088
203.524 353.371
613.899 359.55
387.722 370.259
567.362 376.134
407.998 391.679
925.885 404.287
872.421 407.545
397.021 423.733
247.605 470.254
877.509 485.5
169.652 487.335
489.201 501.306
553.051 500.481
181.645 515.387
626.219 520.034
119.084 524.982
301.058 532.509
930.205 532.151
51.6304 536.07
142.271 546.574
89.8359 553.862
646.299 556.888
862.645 560.93
520.915 568.822
843.566 583.264
485.234 594.542
745.843 597.046
861.817 609.153
509.541 613.654
889.256 616.53
886.153 89.0903
922.228 98.4133
387.124 118.426
214.1 126.848
908.597 138.132
917.28 153.004
437.695 186.087
545.603 184.62
829.71 213.542
538.278 227.925
875.575 260.904
309.218 281.891
555.181 285.255
211.782 304.372
406.343 343.718
568.347 363.701
286.351 381.329
171.077 421.097
208.881 420.149
888.893 490.757
110.679 520.979
933.763 523.133
516.298 528.404
939.914 578.189
889.314 584.878
486.911 91.1142
129.099 94.8009
872.605 97.9642
84.2697 118.071
501.196 150.834
924.741 158.27
110.827 178.903
310.129 208.474
298.091 280.422
412.869 298.674
445.62 318.47
216.831 350.041
606.895 353.444
886.487 422.528
886.424 497.763
895.481 497.455
941.697 96.2484
939.256 106.219
100.854 184.153
116.507 187.364
871.295 248.764
566.9 290.218
435.273 293.872
125.394 569.985
570.325 585.049
