1293
803.273 10.4407
583.089 12.8969
223.969 14.7515
811.178 15.0998
434.406 15.8286
447.164 16.3832
830.731 15.5134
454.097 18.0163
247.666 19.0265
590.439 19.0879
833.002 19.8235
381.316 21.5628
433.85 22.3047
145.562 24.1812
102.174 25.4783
121.752 26.6044
846.254 26.943
826.763 28.0736
857.37 29.0353
150.537 29.7615
453.637 30.2644
601.44 30.2695
609.996 29.2486
140.46 30.539
126.661 33.0257
432.492 33.3391
1011.44 32.7611
419.752 33.6853
145.336 35.9734
247.979 36.7458
820.733 37.9693
862.929 37.8584
439.923 38.7223
847.07 38.6277
415.931 40.4375
834.06 39.8578
242.195 41.979
853.659 45.1882
822.952 45.5875
858.304 45.876
846.353 46.7714
426.895 51.0476
839.424 51.1233
144.265 52.1634
827.252 51.8844
851.284 55.2627
508.611 56.0592
435.957 60.4646
586.848 60.2252
725.094 59.7543
845.265 60.5922
823.121 62.1364
246.098 63.2811
424.457 62.9105
851.887 64.4824
859.107 64.2526
212.435 66.7369
833.887 66.1437
618.916 69.0721
424.402 71.434
840.131 70.6407
854.306 70.3899
848.353 71.6185
433.89 74.0718
858.936 75.9821
221.361 78.5798
415.077 80.9228
337.871 84.1035
246 85.9095
835.276 85.4646
854.885 87.1051
408.292 88.2692
221.212 89.995
830.13 89.8462
414.175 93.293
860.258 97.4777
434.584 98.5693
414.061 100.695
458.098 101.426
361.859 101.516
431.086 105.349
823.898 106.449
401.017 106.815
848.294 106.711
855.177 109.363
142.106 110.404
436.292 110.117
830.698 111.071
446.972 113.312
425.215 114.358
355.628 114.935
375 115.437
790.567 116.033
244.764 118.062
850.621 118.216
832.868 120.996
533.853 125.212
850.8 128.466
1000.33 127.936
508.191 129.361
637.722 129.414
166.555 131.342
862.756 132.681
1006.31 132.963
238.026 134.369
658.67 134.827
728.366 135.483
392.149 141.38
399.939 142.47
857 141.693
863.403 143.307
831.834 144.115
863.762 144.431
380.433 145.981
388.069 147.01
825.482 149.055
369.065 150.286
691.06 150.097
376.716 151.561
861.957 154.116
830.527 154.511
839.303 155.26
365.462 155.834
616.041 157.973
856.134 158.643
354.485 160.213
825.564 159.779
524.494 160.725
627.413 161.019
343.145 164.515
831.989 165.334
840.056 165.347
851.426 166.087
1008.72 168.232
715.296 171.283
843.942 172.948
852.927 174.548
797.578 177.359
833.728 177.726
857.843 179.563
328.191 179.858
347.309 181.628
827.831 183.014
353.303 187.21
479.763 190.505
348.423 193.056
428.153 193.361
846.528 192.862
865.632 192.978
825.541 194.219
342.019 195.406
858.108 195.351
208.694 198.017
871.769 201.795
858.328 204.757
242.116 205.594
839.27 210.54
865.554 210.669
476.359 215.527
488.019 214.757
241.75 217.658
341.084 218.702
217.299 221.672
663.645 221.725
795.488 223.764
860.16 225.744
240.899 228.831
312.138 228.951
810.383 230.386
877.718 229.549
791.373 232.047
846.397 233.599
855.329 235.473
315.709 237.909
842.639 240.479
870.281 240.717
532.779 244.395
852.259 248.073
339.927 251.272
848.741 256.694
485.056 258.099
842.267 257.542
633.271 258.941
670.865 258.907
469.63 265.721
837.726 267.643
478.288 268.766
575.248 271.545
387.482 272.997
843.173 272.698
568.997 277.22
837.939 277.071
863.103 277.578
410.52 277.844
848.125 280.369
330.162 282.285
382.714 282.452
400.019 283.575
857.56 283.03
685.028 283.826
375.773 284.444
842.406 284.844
279.508 286.007
843.416 285.721
392.971 286.579
438.243 286.997
828.793 287.939
850.404 288.125
723.066 289.306
653.844 290.4
553.773 293.025
822.754 294.034
13.026 294.614
614.651 295.24
845.748 295.274
215.297 297.21
407.328 299.495
417.417 298.977
630.486 300.014
358.743 301.369
610.826 301.021
622.442 300.444
28.7775 302.141
843.969 303.153
353.313 305.928
26.4109 309.793
848.972 312.531
807.084 313.825
19.5583 315.13
433.052 316.251
364.614 316.974
387.328 319.791
845.094 320.378
432.451 323.42
238.006 325.228
822.783 324.959
840.185 325.433
833.259 327.028
849.401 327.405
15.6427 329.363
610.673 329.405
620.176 334.186
236.962 335.296
290.545 334.847
851.9 335.603
413.877 337.179
424.394 337.086
413.391 339.223
605.883 339.896
615.183 340.019
595.759 341.213
289.493 341.373
439.025 341.527
854.813 341.503
409.809 343.232
840.367 345.045
277.224 346.653
13.3927 349.99
487.369 350.893
793.671 350.816
417.248 354.302
841.076 355.107
846.051 356.925
834.368 358.767
711.317 360.219
382.642 361.237
680.738 361.462
396.827 362.107
426.397 361.871
851.075 361.963
869.274 361.827
691.032 362.791
741.365 363.393
841.485 365.179
480.671 365.968
361.21 367.314
675.687 366.954
847.086 369.333
803.984 370.04
813.295 371.418
287.756 372.108
384.883 373.258
433.005 373.04
397.701 374.373
841.834 374.207
377.963 375.793
806.951 377.088
852.119 376.796
213.257 379.239
381.431 381.014
847.355 382.512
854.272 383.879
878.031 385.9
842.02 387.091
420.754 387.601
399.84 391.266
848.241 392.078
439.133 392.409
330.561 396.293
855.27 402.647
367.062 403.574
848.208 405.974
802.229 407.209
813.392 408.959
836.051 409.606
853.157 410.967
657.1 412.521
843.703 413.817
848.969 418.114
656.295 419.33
679.55 420.159
718.347 419.854
266.978 422.48
823.547 422.493
627.5 422.985
843.639 422.852
662.28 424.021
853.734 425.663
641.425 426.345
294.37 429.835
234.318 434.13
856.118 433.504
417.72 434.92
447.363 435.304
455.945 434.595
832.755 435.095
266.071 435.711
620.892 436.749
810.179 438.507
284.534 440.377
316.227 440.481
850.388 440.029
300.471 441.051
308.282 442.385
265.591 443.703
292.942 444.666
484.727 446.492
369.588 446.484
234.176 447.951
506.59 447.953
795.916 447.955
449.655 449.761
495.821 450.736
651.194 451.817
844.813 452.301
297.218 453.183
798.708 455.467
827.187 454.822
850.162 455.839
837.785 458.51
488.809 461.042
855.239 460.467
448.229 462.535
817.49 461.922
494.789 464.047
845.336 463.663
265.785 466.1
850.954 467.925
621.057 469.204
212.429 470.483
845.566 472.77
855.69 475.283
233.108 476.203
309.603 478.484
361.964 479.575
166.468 482.101
858.104 483.128
846.071 483.844
300.156 485.129
729.425 485.512
823.063 484.772
673.743 486.974
695.576 487.023
713.478 487.487
799.46 487.271
171.266 489.764
651.719 489.224
851.617 490.3
707.364 491.935
176.773 497.869
847.131 502.103
529.1 505.852
832.129 505.523
819.32 508.597
652.588 510.287
857.233 510.399
522.303 511.009
839.805 511.159
847.695 513.787
640.464 514.763
852.934 518.157
847.482 522.975
616.801 523.874
488.933 524.735
857.597 525.797
44.5342 526.886
54.4712 526.687
827.824 530.694
601.217 533.549
847.922 533.988
877.609 536.321
619.837 539.525
853.739 539.674
646.9 542.336
659.852 542.092
639.067 543.07
677.459 545.711
640.033 549.442
878.183 549.717
297.113 554.115
344.644 553.728
652.631 553.679
662.424 553.812
800.941 554.941
853.933 556.11
884.574 555.715
872.628 557.44
715.16 560.28
859.61 561.069
599.647 562.273
701.532 563.104
723.95 562.685
743.777 563.924
801.299 563.726
164.287 566.471
848.822 565.484
856.092 567.327
729.076 567.54
476.529 569.194
713.368 569.745
875.045 571.075
469.5 572.917
800.598 572.865
595.062 575.169
538.209 577.982
600.596 582.284
265.427 584.028
906.758 587.264
786.9 598.574
194.918 599.165
854.62 600.891
976.699 601.419
175.555 602.084
752.154 603.431
904.437 603.794
544.84 604.282
790.268 607.512
853.94 608.573
860.573 614.973
757.374 618.139
865.064 621.311
942.725 626.096
851.682 628.252
793.693 636.22
935.263 637.277
844.736 14.1152
620.426 14.5631
640.591 16.8694
681.302 16.7491
432.327 17.5303
723.259 19.9245
94.2706 20.9964
216.216 20.7359
110.751 25.2945
101.445 28.2651
137.696 31.2679
804.27 31.3334
827.912 31.9329
387.986 32.8449
448.622 34.5184
992.735 34.8019
828.119 35.489
597.164 43.9172
362.669 45.09
213.176 52.3083
214.894 52.2807
850.676 53.2668
865.682 52.7473
555.55 53.8795
435.046 56.4528
595.068 61.1195
794.522 63.3022
790.157 70.6466
683.424 73.9784
412.599 79.4391
536.098 84.3916
215.044 84.8549
398.475 85.0311
658.129 87.4361
422.578 87.9428
451.348 91.678
847.055 91.7864
372.739 95.6949
406.011 97.1601
861.663 97.352
841.786 100.558
852.66 100.988
443.769 102.816
352.746 104.243
89.6239 111.327
107.073 114.55
73.116 114.658
59.2166 116.034
62.1624 116.685
375.979 116.738
72.7718 118.144
77.3846 119.115
134.458 118.803
501.11 118.694
641.697 120.181
515.678 121.043
392.399 122.008
642.141 122.961
832.839 122.665
210.235 124.28
123.517 126.233
139.661 126.026
869.456 127.368
167.383 129.49
153.015 130.888
787.017 133.366
114.286 135.217
1006.43 135.258
514.314 137.174
412.723 138.255
244.174 140.503
502.699 141.152
792.917 141.852
856.155 145.485
295.443 151.771
559.497 153.202
246.629 155.359
816.729 158.419
612.857 165.587
824.184 168.177
403.878 169.371
852.311 171.766
499.484 174.461
336.885 175.293
833.781 175.194
477.74 178.079
488.301 181.959
852.063 186.265
453.898 189.171
442.035 190.604
209.133 195.301
833.673 195.001
402.474 198.133
488.157 198.585
850.899 200.795
369.134 208.021
208.777 209.029
357.001 209.042
846.695 210.235
490.66 214.583
709.295 214.391
474.342 216.909
825.267 220.331
394.476 221.313
662.236 220.851
851.991 220.966
357.881 226.889
210.488 228.555
338.673 228.829
802.173 230.246
398.78 231.314
322.729 233.413
433.889 237.119
314.93 239.748
334.072 240.854
835.841 241.229
267.575 241.928
530.572 244.368
329.291 244.168
541.829 245.179
407.751 245.835
827.196 249.332
674.582 251.836
268.298 253.295
268.866 254.793
382.847 254.722
855.584 264.155
855.237 265.558
547.177 275.444
729.273 283.297
849.385 285.642
240.482 286.08
603.081 290.431
723.011 291.033
636.204 292.252
693.002 291.963
838.097 291.59
205.638 294.99
398.758 294.852
538.678 295.539
21.9909 299.703
408.689 299.86
486.833 301.769
209.032 302.695
851.341 302.804
392.874 303.843
541.087 305.087
430.138 306.191
875.527 308.918
722.147 315.243
818.108 316.016
361.471 317.722
732.627 319.3
531.06 321.254
349.546 322.31
409.915 322.756
430.534 323.836
858.292 329.116
595.319 333.056
838.587 337.706
837.806 340.919
16.2269 344.321
544.272 343.882
238.824 345.206
405.203 345.039
802.361 344.829
426.115 349.819
205.031 351.079
847.208 350.713
287.028 351.567
278.028 358.461
299.274 359.659
396.584 360.023
691.419 361.23
407.35 362.325
292.631 362.831
681.971 363.902
345.867 366.155
389.252 366.605
417.522 367.422
204.767 368.261
236.988 368.281
802.498 367.737
728.696 369.108
513.601 373.484
299.034 374.572
228.761 376.019
675.082 377.079
860.985 377.871
389.196 379.807
732.833 381.003
348.725 382.283
205.747 384.951
287.134 386.273
833.594 389.224
212.546 393.736
409.713 396.572
823.682 397.316
470.505 398.926
203.222 401.06
841.269 400.985
299.909 403.32
538.086 402.84
534.229 411.825
673.148 419.244
675.337 419.174
653.518 419.494
833.941 421.215
276.262 421.713
203.457 423.785
823.875 423.58
292.198 428.215
862.869 427.799
674.854 429.26
632.919 431.735
304.234 434.425
519.449 442.424
458.247 444.226
437.396 446.75
236.499 448.45
529.725 447.752
277.605 448.873
496.757 450.834
324.201 452.086
653.711 451.828
661.948 451.757
256.677 456.564
683.225 462.945
627.296 464.277
434.65 464.899
481.76 464.548
225.582 468.923
199.744 469.938
242.564 470.293
814.83 470.294
235.837 474.949
865.244 477.997
344.873 478.696
301.992 484.292
860.387 501.754
831.432 503.112
824.116 511.177
671.559 512.513
297.143 516.211
345.937 516.12
801.343 519.809
873.851 521.575
140.297 522.714
112.779 526.287
82.7377 527.272
166.587 527.185
608.888 537.307
630.926 538.952
828.743 539.172
652.852 546.083
481.772 546.519
608.842 547.08
631.703 547.86
165.687 550.672
683.06 553.198
616.719 555.647
354.316 558.013
287.349 558.857
754.93 560.883
802.806 563.73
867.979 564.631
886.827 564.358
164.508 567.866
760.968 568.485
816.439 568.792
882.995 575.718
870.265 578.026
794.503 579.201
839.486 583.046
601.262 584.673
881.564 586.645
382.624 587.746
365.377 591.126
683.026 590.634
901.781 594.147
884.587 594.826
876.866 596.447
809.965 599.199
853.608 603.997
186.958 604.106
888.128 604.152
970.565 608.429
806.516 609.104
757.752 610.666
771.602 611.042
783.008 613.583
862.047 614.215
928.199 616.875
847.012 619.065
942.028 624.345
752.822 627.377
772.232 627.641
786.87 629.356
953.536 631.384
909.085 632.591
840.662 638.765
925.891 647.864
1001.46 16.4799
612.109 25.6341
449.081 28.3174
224.709 32.2629
250.301 33.6968
990.608 33.6493
436.164 35.0404
816.085 35.5193
854.232 38.5329
417.183 43.5262
428.551 45.3034
90.1984 48.5709
820.833 64.7296
249.355 67.1937
846.208 84.9795
734.769 93.7921
393.121 97.5572
405.688 104.142
468.552 106.466
87.423 108.967
72.3242 112.156
422.838 111.867
58.6827 113.946
440.866 114.719
248.243 117.256
97.8488 118.994
125.11 120.361
38.2961 122.336
119.395 122.952
125.032 123.85
213.031 124.196
220.972 137.597
158.162 139.189
295.247 149.465
211.013 150.811
813.817 156.005
839.227 159.55
318.227 161.802
824.716 181.825
466.399 187.471
466.97 190.915
792.767 196.314
846.321 200.555
356.081 207.443
825.157 214.803
337.401 214.344
494.886 214.719
796.087 219.7
836.9 235.606
350.87 243.967
243.537 246.777
421.533 249.583
368.118 252.028
827.446 251.783
381.736 253.314
424.807 254.638
327.004 256.331
327.47 278.426
827.181 282.534
438.907 287.928
554.506 290.892
411.897 299.74
390.256 303.903
825.04 305.125
827.432 323.842
410.178 324.897
397.867 326.743
387.615 337.765
560.75 341.78
17.0845 347.097
848.306 346.858
484.763 353.395
395.616 357.337
799.108 365.745
723.198 368.398
838.752 369.044
487.44 372.042
214.406 377.971
514.99 384.892
833.522 386.318
796.962 392.14
333.976 397.38
410.02 398.95
404.669 402.446
535.686 413.953
212.844 415.363
202.576 423.382
798.908 425.511
845.084 425.346
703.079 426.22
236.366 432.119
212.623 433.384
202.977 442.789
506.343 443.171
827.23 442.387
656.868 451.707
476.123 455.161
834.265 457.12
480.26 467.678
847.062 475.971
456.132 482.809
170.537 484.542
797.3 497.898
626.659 517.541
822.821 516.747
365.368 518.217
847.682 526.716
174.818 558.518
873.441 563.998
459.498 566.805
534.892 574.694
463.192 587.528
869.697 604.008
762.67 620.878
806.336 621.826
153.809 29.8625
226.53 34.6441
841.424 39.8829
831.695 54.6391
838.401 62.9006
437.759 75.2777
815.956 96.6593
58.3533 108.011
72.2753 110.319
351.899 110.601
859.283 110.968
58.2041 112.258
516.278 117.053
123.598 118.334
123.073 122.019
811.455 153.831
250.137 155.283
822.601 168.763
245.808 178.748
321.368 182.023
497.489 214.528
823.972 216.156
827.664 223.665
349.132 242.714
245.542 247.505
489.535 267.902
850.503 270.429
27.9625 295.179
849.576 299.165
520.63 314.128
385.848 318.324
825.314 327.943
303.079 328.683
562.776 341.787
242.489 344.206
415.755 349.835
831.235 355.964
672.657 371.188
672.928 373.692
411.952 381.175
832.573 408.976
802.713 411.419
214.423 414.954
818.801 457.703
185.709 469.71
870.693 477.73
533.759 480.698
468.342 491.045
468.677 495.611
163.684 504.099
610.552 520.716
714.207 563.065
834.107 570.142
533.659 572.991
878.822 591.501
792.347 593.888
795.786 608.65
783.409 619.138
612.009 25.5019
101.685 32.4943
990.411 33.2286
436.69 34.8881
815.089 35.328
840.307 39.369
143.084 41.9931
868.179 52.528
819.912 64.3298
249.403 66.9354
846.018 84.8329
425.955 87.6178
451.212 90.8231
735.221 94.4299
392.063 97.3372
815.666 96.1431
406.567 103.85
422.901 110.957
58.1234 113.11
63.5893 114.615
440.382 114.573
76.8437 115.994
248.576 117.284
500.31 117.38
97.8631 117.933
38.9892 121.921
119.303 122.316
123.57 122.773
157.538 138.62
296.864 148.896
211.256 149.748
812.122 155.322
249.801 155.445
821.227 168.5
245.769 178.853
824.645 180.924
322.011 181.904
467.207 191.744
484.772 195.262
792.502 197.185
845.79 200.725
496.084 214.245
824.734 215.607
796.003 219.242
827.945 223.776
415.572 225.699
802.065 231.243
434.074 235.834
350.075 243.622
244.419 246.813
421.143 248.922
846.779 248.913
368.074 251.787
327.063 256.329
356.114 266.604
326.649 277.648
827 281.615
332.288 293.783
539.703 295.229
835.227 294.763
848.614 297.658
412.42 300.044
429.055 303.183
388.705 303.565
824.426 305.53
541.148 307.898
801.771 310.028
349.603 322.896
410.389 325.091
827.482 325.195
398.067 326.436
302.971 329.656
387.654 337.038
560.731 341.64
849.593 345.692
415.644 349.726
484.554 354.655
395.578 357.63
536.13 356.082
407.242 362.343
799.143 365.192
722.638 368.393
487.183 371.329
672.91 372.311
226.11 377.995
412.192 381.613
515.105 384.683
796.737 392.88
214.256 394.616
333.494 397.956
213.162 414.712
203.126 422.687
799.675 428.388
213.024 432.944
237.021 432.414
438.063 433.726
553.367 440.981
202.985 442.984
506.157 443.028
826.552 442.537
268.878 447.925
656.676 451.513
818.558 457.311
200.445 466.944
799.966 469.229
186.307 469.739
455.869 482.326
170.982 484.938
798.284 498.667
165.549 503.307
823.291 516.68
365.791 519.052
626.946 518.016
611.459 520.509
175.563 558.12
716.575 564.067
888.507 561.934
805.422 564.549
457.915 566.667
484.59 566.423
834.035 571.043
534.278 574.114
878.756 591.772
791.713 593.616
869.943 603.99
926.582 615.682
782.364 618.141
762.194 620.685
806.677 622.287
859.577 633.572
840.52 640.518
155.137 30.2785
101.146 37.9356
434.155 53.8564
989.661 57.844
370.416 89.6405
811.26 94.7072
474.985 100.492
409.96 102.598
834.309 102.511
370.304 114.694
512.165 115.432
128.561 120.388
110.851 127.113
225.655 137.666
806.473 152.245
457.824 156.841
422.887 160.696
372.556 211.259
790.398 216.764
248.09 224.053
840.242 238.421
400.483 263.532
440.547 269.148
492.03 270.302
228.52 272.133
479.295 284.653
456.846 291.055
854.657 297.82
383.006 302.598
32.2917 328.203
537.565 328.523
802.411 333.275
222.289 349.796
294.794 354.385
385.546 354.338
390.255 354.641
816.57 366.545
386.51 374.011
832.103 413.679
436.832 430.322
797.285 432.496
587.511 446.571
824.857 459.119
183.154 468.304
160.664 503.381
829.122 516.361
32.1255 533.372
452.799 565.176
489.011 564.887
873.309 572.24
899.918 581.262
836.875 590.366
799.936 609.706
910.361 636.678
234.144 39.948
850.059 40.7526
233.995 45.6457
875.328 74.2742
851.19 80.8624
62.5577 106.615
68.0604 107.79
430.685 111.805
129.265 116.963
42.6718 120.559
116.074 126.664
842.555 127.114
153.813 136.462
436.676 137.781
846.71 159.671
341.948 170.283
820.252 171.209
249.289 186.179
229.121 196.566
802.973 216.425
331.483 236.108
385.844 244.895
796.961 252.196
562.007 287.333
246.939 288.523
805.984 288.35
376.552 298.972
331.483 302.468
225.909 323.764
36.0149 332.782
840.437 350.373
377.933 352.798
387.247 403.232
220.045 412.045
435.506 425.023
180.205 464.459
221.565 463.96
417.022 475.974
456.873 475.866
509.73 476.067
801.794 502.055
123.056 512.339
889.08 512.156
832.231 515.844
151.38 530.642
34.099 533.515
805.143 538.294
695.192 571.737
470.428 583.871
954.498 625.094
232.828 50.3642
841.214 74.1404
878.104 74.5169
450.931 77.9177
104.294 101.01
133.115 106.585
414.952 107.913
873.202 122.059
460.835 127.367
437.326 140.201
494.086 140.53
834.905 219.154
846.903 219.19
356.679 261.067
519.104 269.939
809.327 310.87
223.974 318.831
397.918 328.909
245.998 336.641
853.167 351.15
400.575 375.236
251.164 405.799
280.09 452.995
274.258 454.155
177.1 460.787
829.9 462.439
514.371 475.026
182.061 491.683
586.43 493.338
151.761 498.81
890.928 520.527
605.496 531.275
445.136 565.207
233.511 48.0509
450.225 77.7658
851.962 80.7499
66.1164 105.276
415.271 108.132
512.304 112.158
133.465 114.594
428.047 112.557
367.473 115.835
113.786 127.307
461.283 127.222
841.796 127.72
436.444 138.838
494.928 140.8
342.642 168.557
229.481 195.924
801.832 216.014
834.945 217.44
331.112 236.294
799.235 254.291
562.205 286.819
804.074 288.282
330.473 302.99
224.697 321.127
394.448 330.463
402.071 375.557
252.009 406.595
388.367 404.734
178.339 461.975
829.513 461.514
221.629 463.537
417.396 476.705
509.765 476.788
181.712 491.495
587.935 495.645
119.922 508.036
890.452 510.551
831.464 516.14
890.607 520.279
151.445 531.491
446.026 565.511
868.803 572.085
470.368 584.608
954.393 627.517
884.588 61.8967
177.65 105.175
877.287 118.93
522.364 169.809
416.103 174.171
832.809 173.287
172.204 176.197
327.531 203.528
511.762 211.515
819.142 234.82
521.602 265.97
316.633 270.071
484.339 276.961
821.233 312.486
294.883 318.411
575.802 334.813
305.912 364.088
840.292 464.472
524.794 472.736
188.06 492.494
582.958 494.172
147.561 497.809
477.467 502.735
845.292 562.023
855.698 562.388
814.279 590.18
771.796 619.715
90.8405 81.6197
471.137 79.4244
111.854 84.5999
111.867 96.7339
869.781 102.598
884.602 124.407
476.102 137.844
836.031 150.868
162.14 182.955
828.928 236.231
473.889 282.13
829.497 313.715
567.22 333.5
845.784 397.745
847.898 470.928
147.867 550.117
839.392 557.26
521.277 571.218
150.748 187.875
836.803 231.544
394.177 357.261
829.892 397.002
836.432 397.188
522.151 558.51
