1532
24.544 13.115
449.804 12.9563
470.963 13.1218
489.235 13.8512
937.977 13.4387
919.352 15.0048
560.053 16.1747
968.391 17.4822
285.848 18.0978
943.225 18.4319
430.404 18.7789
949.67 18.8365
461.769 19.8472
943.355 19.5843
933.524 20.6846
620.25 22.9755
786.858 23.0016
442.727 24.1087
456.532 24.226
927.05 24.5988
956.094 24.1743
361.002 24.6206
613.428 25.3435
938.972 25.9415
920.201 27.6504
509.297 30.1794
409.332 32.3767
945.682 33.5123
132.586 36.2979
502.813 36.0583
927.706 36.9803
411.471 39.5511
580.049 39.6763
700.643 40.7549
23.2999 42.0504
916.461 41.5988
939.166 45.3638
17.3039 47.229
836.54 47.2281
363.9 50.0179
830.649 51.8429
914.906 52.0221
403.703 54.0715
956.333 55.5392
448.792 56.6446
718.699 57.1024
958.018 57.8521
944.917 62.549
262.006 62.7811
300.609 64.0068
425.855 65.0037
448.413 64.6349
597.606 65.0192
16.5472 65.4881
439.848 66.8372
923.403 68.8178
450.975 69.845
255.527 70.9847
941.069 71.1917
544.922 72.8414
958.248 72.48
465.516 73.8364
275.226 75.2973
406.264 76.4251
952.188 76.3408
942.04 80.6933
588.09 86.317
465.464 86.9477
360.283 88.2975
926.911 89.5542
162 90.5957
424.383 90.0653
708.614 89.935
552.624 90.525
411.177 92.4935
610.244 92.0385
925.067 92.2246
942.763 91.5347
948.968 92.1809
494.737 92.756
430.286 95.3157
421.897 97.4206
600.071 98.7455
904.739 98.7968
592.559 101.259
935.043 101.089
344.16 101.975
723.647 101.989
950.475 103.102
921.054 108.45
642.031 109.83
728.579 112.385
398.614 115.67
348.796 116.718
364.912 123.888
842.211 124.309
803.058 132.192
525.422 133.95
945.051 133.775
168.01 134.864
810.3 135.413
618.121 136.86
796.396 137.265
160.958 138.005
951.514 139.559
700.723 141.208
442.157 141.525
751.824 144.017
715.696 144.685
912.222 145.189
801.532 146.244
325.049 146.731
960.366 147.867
579.449 150.83
540.474 153.922
606.267 156.391
924.342 155.501
364.407 157.566
826.852 159.809
639.268 161.496
117.805 162.706
349.897 161.784
954.58 162.048
454.005 163.916
491.757 164.985
952.357 165.872
343.807 166.642
479.775 167.394
454.319 172.053
937.334 179.06
367.336 181.002
949.136 182.187
956.001 181.901
687.094 186.122
930.352 185.485
357.938 190.534
940.859 191.329
193.405 192.063
322.9 192.416
540.929 194.16
667.918 195.62
930.133 197.99
343.405 199.287
321.463 199.65
955.351 199.54
919.346 204.294
951.456 206.946
935.59 212.596
706.43 214.502
967.682 217.034
940.842 218.08
163.501 224.766
929.787 226.603
354.77 228.256
593.834 228.205
602.691 230.301
663.119 230.667
164.747 237.564
203.691 237.903
437.874 237.756
549.356 239.696
445.919 240.963
914.143 244.89
725.69 246.372
772.27 247.463
546.009 249.864
935.767 251.063
409.395 253.81
960.117 253.771
458.102 256.139
668.969 257.657
691.862 257.643
955.283 258.789
937.913 260.231
643.31 262.982
229.645 264.319
363.851 267.699
395.357 267.821
370.696 269.655
488.97 270.633
422.964 271.3
357.991 272.063
642.786 274.934
691.825 280.565
752.321 279.514
389.697 282.683
438.498 282.735
368.908 284.926
684.936 286.442
840.561 288.246
722.949 288.886
937.208 295.516
841.11 298.47
913.97 298.648
944.637 298.564
481.485 301.511
476.417 302
716.564 303.169
227.391 305.071
214.869 306.293
976.565 306.423
227.716 306.922
163.448 310.032
382.543 311.904
415.392 318.488
697.552 319.314
686.824 319.993
162.557 321.325
433.175 320.796
441.676 324.208
710.512 324.336
681.785 324.947
269.654 327.44
425.411 327.448
229.045 329.459
155.997 330.206
692.087 330.277
704.623 330.585
676.769 331.029
246.351 333.076
630.264 341.902
947.747 345.826
419.938 346.777
429.372 349.248
825.382 351.589
465.961 352.588
787.493 352.989
853.644 352.947
877.424 354.141
860.785 355.073
375.609 358.366
686.98 358.287
781.282 358.13
160.557 360.233
924.176 362.209
957.055 362.214
243.093 363.989
435.346 366.698
419.664 373.161
403.933 374.082
944.252 376.742
431.91 377.881
439.766 378.347
410.647 378.797
929.231 380.854
415.883 383.22
439.834 384.409
760.472 386.225
159.54 386.426
944.902 387.487
976.263 387.668
934.175 393.723
950.016 394.384
965.061 394.546
739.948 400.992
760.823 404.867
613.372 405.595
840.199 406.459
275.544 407.854
682.005 411.091
801.177 411.061
223.18 412.129
365.534 412.102
758.752 411.651
835.262 411.69
498.961 413.28
738.582 412.651
776.353 413.172
787.454 412.786
200.863 414.114
123.825 416.096
722.567 416.858
923.854 415.633
690.052 417.342
711.014 418.071
780.955 418.846
947.494 423.84
707.315 425.118
599.898 425.755
161.594 426.554
936.152 427.453
728.169 428.48
154.257 428.907
216.702 429.244
593.752 429.253
713.221 430.456
604.683 431.177
468.473 432.328
257.993 435.136
276.615 435.062
948.611 434.682
159.148 436.235
501.65 436.669
574.055 436.904
678.705 437.27
926.883 439.171
273.296 441.35
297.86 441.179
416.434 441.231
953.87 441.402
204.828 443.104
219.457 443.188
439.419 443.646
508.277 443.733
933.094 443.985
223.478 445.385
284.692 445.858
404.775 446.006
422.764 446.008
472.527 445.494
534.94 446.155
604.04 446.006
751.973 445.717
348.29 448.27
428.273 448.012
458.082 448.062
519.549 448.094
253.79 448.552
271.537 449.336
300.952 448.817
943.311 448.727
931.376 452.59
248.249 454.695
583.401 455.356
292.103 456.263
675.497 458.115
964.055 457.654
209.955 459.767
347.021 460.27
512.16 459.723
428.722 461.543
457.759 461.376
579.622 460.398
241.131 461.544
519.156 462.333
586.32 462.643
714.116 463.867
800.7 467.063
575.227 468.698
714.746 475.779
850.362 478.332
781 481.243
817.059 480.86
830.244 480.654
754.084 484.139
417.671 485.239
458.6 484.786
473.117 484.685
823.068 485.097
346.374 485.897
812.868 486.047
212.795 486.326
428.388 486.44
551.782 489.58
305.009 490.866
435.093 491.309
289.366 491.541
422.883 491.963
956.489 492.046
965.44 492.12
109.746 492.626
410.673 493.035
185.345 493.642
156.594 496.524
635.409 495.699
368.114 499.693
189.264 501.741
980.271 502.6
638.156 505.733
124.023 509.999
578.467 511.308
739.068 510.663
543.517 511.642
828.245 512.062
728.107 512.637
185.232 517.948
710.214 521.044
929.24 521.653
106.742 525.007
157.546 526.537
733.093 527.025
745.889 527.847
86.6293 529.063
178.66 528.568
739.312 531.118
977.84 534.316
977.625 535.903
764.85 537.867
118.85 539.316
749.3 539.54
139.235 539.964
739.054 539.612
405.114 541.216
788.232 540.931
983.154 541.266
977.481 546.269
892.026 547.455
755.291 549.924
768.104 549.887
548.212 550.837
775.909 550.954
939.84 551.429
984.873 550.706
827.203 552.001
975.513 551.926
810.921 552.971
857.436 553.865
953.383 553.875
845.205 556.085
789.345 557.146
869.609 556.539
816.973 557.797
851.407 560.302
934.36 559.852
877.189 561.414
959.401 560.99
690.812 561.587
833.511 563.72
458.145 567.727
865.711 568.573
929.884 569.399
404.946 572.921
455.602 575.232
163.254 576.347
691.413 576.131
569.589 577.048
985.302 579.967
995.46 579.728
562.983 581.442
698.068 582.328
659.062 583.317
590.087 585.074
186.608 586.411
800.308 586.947
1001.03 586.898
653.704 588.284
994.807 591.477
890.391 596.138
935.953 597.936
1000.29 599.669
502.241 603.925
996.716 608.341
373.67 609.013
990.05 609.399
368.462 613.22
984.525 614.179
993.949 619.068
940.655 626.135
238.359 637.438
425.513 13.7032
970.155 18.0884
17.2875 19.335
285.698 19.7675
457.286 20.255
673.793 20.3915
133.65 23.6641
910.934 24.1217
24.6796 26.3463
556.082 25.7161
963.894 27.2781
922.176 29.1043
466.145 31.3326
16.1151 34.2945
338.54 33.7091
170.793 35.5375
928.605 36.2325
661.226 36.6102
670.486 38.554
313.061 40.657
1006.77 47.3178
15.9385 48.6164
595.819 48.9801
703.844 49.2686
441.154 51.197
468.678 51.4958
24.1397 54.454
120.907 56.0199
417.905 58.0521
594.788 57.9393
784.623 58.5008
935.704 59.5779
376.975 60.7401
440.212 62.304
476.023 62.5762
15.0747 63.4642
916.535 64.4652
392.06 64.9369
481.798 65.3005
923.206 67.3784
948.608 68.4437
22.0367 72.5399
170.137 72.3038
753.382 72.0788
375.524 73.8305
890.966 73.9737
119.778 75.4895
56.0029 78.6565
405.984 77.7528
39.7746 79.2782
369.323 82.7881
523.635 85.3913
949.58 85.913
509.422 88.228
401.489 93.9251
567.049 96.3814
168.678 97.9499
926.328 102.162
451.318 103.173
558.02 103.003
268.7 104.233
733.274 104.67
915.948 105.103
919.083 104.642
950.435 104.518
461.273 105.648
268.985 107.701
433.894 107.264
443.649 109.896
415.83 111.933
426.33 114.141
701.518 116.505
189.187 117.674
408.441 118.327
755.761 120.456
391.538 122.432
907.033 125.214
326.216 126.287
374.273 126.597
540.712 127.128
953.044 126.665
357.128 130.524
625.806 132.88
916.656 134.816
324.089 137.453
739.144 137.129
927.321 137.276
580.209 138.437
633.2 146.573
739.113 147.036
695.64 148.572
562.275 149.603
573.9 154.652
530.905 155.528
119.554 159.69
560.033 160.366
466.257 162.982
930.003 166.125
954.84 165.993
546.983 167.092
930.071 167.696
445.773 169.308
473.039 171.472
167.119 172.737
119.364 173.999
912.641 174.071
924.013 176.66
389.098 180.295
548.937 180.794
453.882 182.358
167.689 186.546
130.187 188.681
342.102 189.582
320.736 194.315
557.748 194.116
948.732 196.32
356.783 196.601
472.787 197.223
425.294 198.058
168.921 199.924
459.595 200.148
763.32 208.32
384.127 209.157
927.376 208.957
427.061 209.413
303.594 212.896
926.365 212.339
483.795 214.957
915.863 214.502
926.952 216.576
319.651 222.18
452.678 227.188
335.882 229.003
603.49 229.434
384.931 230.044
550.042 229.72
935.28 234.658
775.939 240.04
960.63 239.853
951.671 240.973
520.665 248.344
934.058 252.608
466.938 256.426
954.242 257.108
236.852 258.581
650.274 258.383
437.338 259.758
325.771 261.147
613.128 261.417
404.235 264.353
928.649 264.643
945.409 265.054
228.002 265.822
329.496 271.372
439.939 270.803
623.842 271.767
116.437 273.814
509.432 274.033
846.237 273.933
128.518 276.913
689.011 278.071
729.074 280.667
939.565 281.293
621.91 281.582
801.711 281.835
839.04 281.715
700.813 283.028
964.217 285.25
423.057 287.72
923.178 287.808
547.146 289.17
355.36 289.605
695.844 290.394
433.158 290.218
710.903 290.669
477.337 292.468
637.879 292.745
380.009 302.298
478.724 302.435
615.253 302.606
640.075 304.197
860.183 304.144
838.184 305.849
944.541 305.672
968.109 306.43
479.235 310.16
625.296 310.528
424.812 312.353
917.086 316.168
269.179 320.185
957.39 320.629
931.782 324.016
621.861 326.212
489.882 330.074
939.888 330.378
677.883 332.837
439.483 333.711
922.397 334.126
389.199 337.423
115.875 338.065
271.986 338.074
375.038 338.81
481.446 345.6
251.715 347.559
929.385 350.14
963.607 354.303
269.69 354.5
788.65 355.258
423.274 356.622
115.559 359.046
847.694 360.382
972.105 360.285
260.34 360.603
921.982 361.094
480.985 364.345
278.105 366.457
412.954 365.992
737.844 366.108
252.574 367.186
679.928 366.876
782.049 368.253
382.421 369.624
962.172 369.456
853.969 372.333
974.056 376.788
951.712 378.566
250.703 380.458
736.486 380.745
422.201 384.95
731 387.429
619.911 388.484
974.203 388.389
247.343 389.054
452.751 389.774
320.335 390.888
482.042 392.592
523.459 392.631
383.426 397.326
115.784 398.106
115.77 399.776
281.511 400.023
483.944 401.795
758.496 403.08
947.039 403.417
621.331 405.545
683.525 411.781
676.199 416.114
691.518 419.219
212.512 420.985
223.66 420.622
738.632 421.625
610.066 422.767
650.826 422.708
954.679 425.931
978.325 430.013
513.479 431.001
290.425 433.883
201.194 437.043
212.059 437.006
222.695 437.993
552.11 438.311
591.811 437.7
623.663 438.078
458.352 438.854
517.661 439.566
251.578 441.374
322.296 440.895
415.535 441.145
309.709 442.851
603.791 443.136
636.548 443.586
505.558 445.233
571.143 444.772
612.996 445.432
242.253 446.849
521.812 448.49
588.177 448.34
931.288 448.287
950.849 450.353
966.794 449.608
331.684 453.03
291.913 453.911
535.532 454.607
513.075 456.257
948.093 455.565
580.731 456.815
793.839 456.588
720.666 458.955
285.067 461.647
568.729 462.232
503.977 463.001
640.505 463.329
941.089 466.024
956.999 474.216
723.095 477.767
969.426 478.382
806.436 479.078
299.911 482.219
318.403 483.488
399.363 484.094
440.006 484.13
348.344 484.977
929.432 485.697
109.04 489.246
492.12 490.199
964.073 490.875
327.528 491.824
383.434 492.177
101.877 495.654
941.623 495.662
777.916 496.837
931.076 499.077
822.918 499.965
754.559 505.089
777.031 507.652
937.881 508.894
976.384 510.218
726.547 511.272
197.299 511.793
629.034 512.093
154.728 512.869
845.011 514.65
983.955 515.288
511.032 519.182
945.965 520.307
149.388 525.448
459.722 526.194
404.271 528.843
581.739 528.416
984.359 530.193
470.343 531.683
947.473 535.458
588.496 536.242
700.061 535.431
91.6115 536.585
730.087 536.867
155.665 540.168
968.739 541.795
146.222 544.725
700.141 545.556
715.132 545.173
730.56 545.565
124.746 547.383
740.71 547.164
173.969 547.566
793.879 548.811
976.306 549.154
771.71 551.171
573.156 552.317
883.646 552.684
639.491 554.488
117.389 555.54
890.603 560.209
237.612 568.875
554.579 578.284
996.872 578.027
930.24 586.49
605.654 587.121
653.684 590.189
993.927 590.166
953.821 598.284
493.775 600.077
897.069 602.292
252.191 602.259
927.941 603.402
487.737 608.94
351.887 615.08
368.65 615.141
991.613 617.225
915.114 618.802
890.706 620.232
932.836 619.877
501.826 625.069
251.56 627.768
271.907 629.864
261.143 632.999
270.318 639.674
470.068 16.9619
972.461 16.7428
899.503 18.9318
461.447 23.6398
619.256 25.7884
911.828 25.757
124.615 31.8379
470.746 31.8259
659.793 32.1629
172.667 33.1722
450.989 40.689
924.561 47.156
933.122 59.8176
430.556 61.5985
492.536 70.2479
38.7995 77.1308
482.056 77.7661
406.922 79.5176
496.85 82.8683
848.284 83.389
46.6197 89.2899
915.324 90.9874
567.389 95.925
247.847 113.604
549.486 114.589
172.973 115.217
169.999 116.002
841.353 121.308
477.013 129.552
158.669 133.59
338.384 142.603
169.519 145.549
355.371 149.636
554.992 151.536
158.537 157.294
919.104 162.259
130.595 165.644
168.74 170.174
911.009 174.613
946.059 179.909
377.896 180.82
131.339 187.365
930.877 188.211
338.951 190.573
560.093 194.722
946.742 195.232
942.216 196.494
120.971 197.516
958.203 197.56
316.197 208.059
208.08 215.113
963.558 216.055
944.792 218.647
441.811 223.655
550.551 228.17
590.443 228.183
211.421 229.092
947.099 239.148
417.5 241.754
926.343 244.134
950.109 262.707
167.124 264.104
394.394 266.741
624.587 268.68
965.992 269.392
926.966 273.271
940.427 275.088
429.597 278.859
632.785 281.41
839.19 284.301
546.061 287.447
421.948 288.751
964.066 288.718
129.226 295.225
441.945 296.625
431.287 297.759
927.281 300.746
849.501 308.043
347.37 308.832
850.793 309.149
955.581 309.725
413.751 313.546
282.878 318.827
468.006 321.977
700.441 331.316
164.97 332.812
636.321 332.647
265.292 340.142
549.054 343.482
468.946 351.471
800.613 351.486
439.549 353.337
944.21 353.832
452.634 355.942
162.997 358.702
346.998 359.135
919.229 359.625
585.533 365.496
152.852 368.166
125.234 369.388
453.511 370.087
128.169 370.101
346.692 375.36
549.047 377.201
117.154 379.034
250.766 378.602
126.26 389.657
923.178 389.973
452.661 392.17
629.317 395.368
755.812 400.952
622.259 407.692
937.323 410.658
252.217 411.319
815.753 418.483
651.413 420.089
236.461 421.643
115.035 423.468
727.308 425.66
977.035 427.906
501.039 429.679
125.986 434.639
647.429 438.519
535.229 440.337
472.499 441.063
761.97 445.512
216.064 449.304
258.758 451.543
561.239 453.88
631.523 454.058
497.028 454.585
511.36 454.755
710.452 460.99
927.585 463.65
243.49 469.366
372.722 483.931
550.057 484.79
930.6 487.498
943.555 497.925
125.334 505.297
111.656 512.322
126.454 523.819
161.6 524.226
976.98 523.699
382.556 530.417
934.925 536.324
168.949 536.793
185.412 537.431
947.248 540.074
31.5936 544.968
832.387 552.439
972.292 551.516
709.158 554.728
835.724 556.758
187.213 561.016
471.043 572.9
571.678 573.42
394.921 578.101
657.766 580.138
174.971 584.508
561.823 597.373
913.91 602.095
897.286 604.708
653.654 611.52
252.311 625.82
976.976 626.781
261.945 630.384
908.59 30.0765
451.58 39.0455
423.741 43.6665
901.79 43.322
949.362 59.7317
912.777 61.8045
377.585 67.8326
926.7 73.1422
30.6385 80.4083
365.396 80.1453
938.643 80.5883
132.245 91.7697
567.292 91.9738
928.564 96.855
121.034 106.9
249.516 111.358
943.979 147.89
908.355 148.793
530.414 149.654
157.743 159.009
505.684 166.143
338.492 187.381
471.189 199.201
924.989 202.359
962.052 215.846
167.125 220.62
118.362 250.851
938.899 254.098
639.242 265.662
228.538 270.568
926.401 271.544
953.076 277.837
118.207 281.263
918.546 287.421
968.464 292.772
636.778 298.373
636.159 301.671
955.8 312.686
429.639 314.588
931.614 316.124
623.524 323.639
417.833 326.969
549.306 346.486
779.577 365.379
928.3 373.975
452.157 393.69
404.947 398.895
127.044 413.444
500.643 431.307
945.966 431.377
163.496 432.219
164.774 432.528
921.423 436.241
216.048 450.658
461.907 451.764
570.875 465.841
937.497 473.888
166.253 489.22
929.892 490.106
379.413 495.315
192.206 498.406
938.933 507.105
722.039 515.586
482.146 528.008
382.315 533.625
51.3293 543.778
992.353 567.783
902.157 611.661
514.709 614.182
252.621 622.858
249.316 648.523
460.499 23.0463
911.951 25.1086
124.661 31.3607
470.602 31.3756
908.75 29.754
173.57 33.0968
933.798 36.509
451.29 39.7438
901.885 42.8522
424.972 43.4866
512.621 49.2405
924.366 47.6342
469.124 52.6062
932.951 59.3458
430.711 62.0829
377.525 68.0873
493.282 69.8559
172.702 71.8109
926.691 73.0902
365.769 80.1231
937.317 80.4406
496.395 82.8797
848.672 83.9088
46.2365 88.5425
131.547 91.7499
133.748 92.1925
915.188 91.6358
928.459 95.6519
123.033 105.629
248.697 111.585
173.859 114.678
841.702 120.94
906.013 125.687
957.301 126.651
476.334 130.021
339.084 141.971
910.292 149.555
157.995 158.348
340.248 158.117
919.135 162.611
130.69 164.765
505.845 165.508
443.097 172.002
119.436 174.424
349.707 175.29
910.368 174.617
391.787 182.274
454.017 185.167
131.518 187.578
916.138 189.721
561.081 194.833
942.536 196.473
121.284 197.494
958.562 198.807
925.046 203.653
427.098 209.251
208.764 214.853
913.09 214.214
962.41 216.893
946.362 218.57
167.418 220.753
212.062 228.451
551.19 227.869
936.435 231.323
321.293 233.509
912.022 240.677
926.254 245.146
119.751 251.571
938.516 254.292
950.158 262.495
168.084 264.176
641.054 264.751
394.222 266.577
227.74 269.027
625.125 268.198
926.669 272.855
939.446 276.674
428.959 278.092
953.729 277.743
633.024 281.564
119.632 281.77
839.354 284.917
420.152 289.297
546.428 287.905
919.844 287.637
968.469 292.758
637.04 295.854
430.671 298.187
927.689 300.526
849.17 307.934
955.743 310.435
413.741 313.753
428.934 314.652
444.191 313.892
282.932 318.659
916.788 317.828
468.395 321.835
944.621 323.058
417.908 326.913
918.998 331.13
165.627 332.355
636.216 332.533
265.355 340.496
549.078 344.787
928.954 346.671
247.566 348.074
801.049 351.155
439.547 353.238
944.534 353.843
452.656 355.68
163.747 359.059
346.135 359.709
585.623 365.395
285.536 366.77
779.835 365.811
152.256 368.851
736.175 367.95
128.144 369.851
346.998 374.967
452.204 374.473
927.749 373.368
117.11 379.304
250.562 378.185
585.571 378.427
923.083 389.375
125.839 389.92
452.42 392.636
629.694 395.125
404.679 397.993
125.391 411.366
251.388 411.628
816.568 418.751
226.174 420.571
236.358 421.452
115.053 423.7
976.763 427.736
163.532 431.57
501.17 431.921
125.882 434.555
534.915 440.701
603.587 440.979
115.938 445.903
761.701 445.048
215.959 449.907
258.284 451.497
496.644 454.567
561.035 454.045
631.101 454.141
710.572 461.579
570.668 463.678
927.193 463.341
570.698 465.477
637.93 466.421
937.697 473.783
372.455 483.906
548.669 484.562
165.511 488.281
930.369 487.641
191.336 497.27
944.088 498.625
113.096 513.591
721.487 515.39
147.063 523.628
162.702 523.786
977.003 523.742
482.158 527.194
382.553 531.871
700.201 533.866
168.947 536.438
185.906 536.683
934.624 537.231
163.285 538.766
947.469 539.765
32.5884 544.633
51.651 544.008
986.782 547.945
972.02 551.229
572.419 552.981
945.858 559.427
186.442 563.755
993.082 566.364
470.11 573.044
572.583 572.77
550.601 576.409
395.212 578.478
190.533 583.404
174.541 584.717
913.73 601.647
903.292 612.877
512.61 614.106
977.117 626.301
243.087 635.307
268.854 639.426
475.514 32.1812
423.319 41.047
898.212 47.3093
390.224 50.538
711.987 51.778
392.51 54.7792
951.033 60.5273
478.657 72.5704
938.746 121.663
918.526 126.625
471.514 131.791
959.423 132.387
171.9 141.327
907.232 148.734
336.937 160.589
550.129 173.258
531.101 198.945
465.52 200.91
468.345 200.995
320.602 214.609
368.911 218.046
442.493 220.786
922.082 228.724
469.729 231.509
372.308 245.368
553.089 247.542
909.821 245.873
153.552 249.533
910.443 252.275
469.286 255.012
508.085 274.73
626.927 285.698
937.988 285.762
413.363 287.474
928.39 307.457
348.504 310.82
415.245 320.311
658.874 332.788
242.251 347.853
643.058 351.596
915.815 357.974
546.974 361.661
941.385 363.077
943.608 362.256
931.812 373.821
959.868 377.498
934.23 409.369
230.394 420.218
960.977 420.86
274.455 424.615
922.85 431.049
937.339 449.124
591.394 453.927
244.458 471.947
965.884 474.063
113.867 519.391
166.218 521.38
382.327 538.21
178.66 553.592
945.461 556.527
970.879 557.319
547.002 574.985
990.502 583.989
944.715 597.39
929.099 611.089
957.795 615.293
262.484 637.401
262.409 639.975
480.042 33.8865
517.599 68.0203
892.969 91.9003
522.478 94.7237
414.558 100.077
178.772 112.221
511.043 129.088
964.102 131.834
940.731 151.841
333.363 162.202
527.845 169.799
441.98 175.295
468.453 195.394
324.111 212.345
550.434 220.103
429.478 242.906
151.101 249.578
493.256 250.026
555.551 251.431
906.051 250.814
955.899 269.445
427.243 270.472
533.538 271.377
955.992 272.249
407.872 282.784
450.648 286.674
409.412 288.003
604.572 306.501
284.918 310.786
627.018 317.602
169.441 328.131
661.372 331.278
138.15 337.85
547.529 337.367
453.55 340.775
412.251 343.021
269.595 348.817
424.69 364.941
295.161 368.716
350.917 378.147
421.929 395.528
658.994 416.161
249.096 454.082
611.143 474.157
545.216 479.036
166.449 495.597
682.089 494.261
988.316 497.721
639.412 502.338
364.231 515.723
700.611 528.361
178.612 557.918
811.543 566.857
585.898 571.146
543.255 574.148
932.72 576.637
959.058 579.706
199.368 582.516
386.403 599.147
927.32 59.3873
927.573 65.9053
935.191 68.6934
412.42 73.482
384.868 78.5923
889.475 90.9583
489.822 108.329
544.996 112.605
930.809 125.576
180.676 150.848
331.172 165.834
330.527 172.652
893.419 176.345
970.24 180.66
970.493 184.966
576.02 194.132
927.179 197.214
936.734 207.291
937.146 211.274
937.774 214.15
430.146 245.71
323.431 283.708
273.841 347.366
615.979 347.414
431.221 363.042
982.902 368.853
136.686 393.784
421.592 399.053
533.016 476.977
203.321 478.149
133 504.62
201.057 507.057
86.1104 514.32
137.556 518.681
112.308 536.484
62.0157 544.429
576.506 546.601
567.381 592.815
360.516 628.534
519.347 66.1408
412.325 73.2276
569.001 87.3056
891.19 90.7397
414.929 101.284
489.651 110.096
937.051 122.826
511.525 129.536
965.189 132.837
527.936 169.1
897.715 176.157
446.68 179.945
969.653 183.232
549.748 218.931
444.879 222.253
429.908 244.163
150.241 249.249
494.05 249.09
555.115 252.725
533.331 271.288
406.874 283
451.218 283.638
451.475 287.507
285.392 310.18
627.196 317.56
548.775 336.792
410.097 342.35
453.876 340.496
272.406 347.094
645.605 357.479
431.471 363.163
421.809 397.781
657.672 414.532
611.411 474.943
535.068 477.713
541.599 478.007
681.831 494.286
637.77 502.292
200.217 507.84
87.7556 516.047
362.468 516.684
137.912 519.849
700.325 529.536
112.33 536.549
65.1198 545.238
577.144 547.511
177.689 560.06
811.495 567.145
587.731 570.591
201.947 581.637
959.115 580.447
567.72 594.534
386.267 598.965
361.39 624.994
916.256 631.357
921.748 65.3718
939.998 69.0194
959.234 98.3172
927.539 125.808
347.274 134.725
465.207 144.508
329.129 172.778
886.788 177.306
572.422 190.086
928.798 194.122
333.401 214.233
933.361 228.229
313.963 247.949
559.529 259.853
323.425 285.154
144.608 304.761
428.83 314.428
937.86 317.243
180.715 321.851
615.151 344.616
141.092 401.964
947.131 406.111
234.618 456.4
250.387 455.927
951.614 466.754
202.954 474.093
175.198 504.1
569.46 505.118
79.8014 510.31
61.4578 544.264
169.577 602.234
222.113 618.171
529.339 108.404
578.159 141.644
313.595 171.873
925.656 212.464
939.66 235.748
302.182 247.426
944.066 317.621
182.896 344.647
282.654 354.982
186.162 395.178
951.962 398.8
138.291 494.188
72.27 507.136
196.562 509.491
951.786 538.07
394.064 593.662
943.288 597.357
917.715 211.115
609.213 254.493
436.234 265.005
164.942 581.7
917.037 594.902
