feature_evaluation_data/dense/herz_jesu/0002-small.png
919.8266666666666 0.0 506.89666666666665
0.0 921.8365624999999 335.7672021484375
0 0 1 
0.172591 0.984984 0.00429789 -5.23479 
0.125561 -0.0263284 0.991737 -10.1829 
0.976958 -0.170625 -0.128219 0.285673 

feature_evaluation_data/dense/herz_jesu/0003-small.png
919.8266666666666 0.0 506.89666666666665
0.0 921.8365624999999 335.7672021484375
0 0 1 
0.267665 0.963503 0.00428434 -5.67296 
0.106626 -0.0340398 0.993716 -8.26979 
0.957594 -0.265526 -0.111846 0.354114 