C:\Users\user\Documents\Research\FeatureCorrespondenes\data\origin\herzjesu\0005.png
2759.48 0.0 1520.69
0.0 2764.16 1006.81
0.0 0.0 1.0
0.44845 0.893807 -0.00146672 -4.05799
0.222462 -0.110026 0.968713 -2.77303
0.865681 -0.434746 -0.248179 0.600184

C:\Users\user\Documents\Research\FeatureCorrespondenes\data\origin\herzjesu\0006.png
2759.48 0.0 1520.69
0.0 2764.16 1006.81
0.0 0.0 1.0
0.508394 0.8611 -0.00651118 -3.38936
0.205159 -0.113776 0.972093 -0.132223
0.836328 -0.495542 -0.234505 0.897199
