feature_evaluation_data/dense/herz_jesu/0000-small.png
919.8266666666666 0.0 506.89666666666665
0.0 921.8365624999999 335.7672021484375
0 0 1 
-0.0552 0.998433 -0.00921322 -6.71999 
0.132982 0.0164966 0.990981 -14.2551 
0.98958 0.0534769 -0.133684 0.279539 

feature_evaluation_data/dense/herz_jesu/0002-small.png
919.8266666666666 0.0 506.89666666666665
0.0 921.8365624999999 335.7672021484375
0 0 1 
0.172591 0.984984 0.00429789 -5.23479 
0.125561 -0.0263284 0.991737 -10.1829 
0.976958 -0.170625 -0.128219 0.285673