C:\Users\user\Documents\Research\FeatureCorrespondenes\data\origin\herzjesu\0000.png
2759.48 0.0 1520.69
0.0 2764.16 1006.81
0.0 0.0 1.0
-0.0552 0.998433 -0.00921322 -6.71999
0.132982 0.0164966 0.990981 -14.2551
0.98958 0.0534769 -0.133684 0.279539

C:\Users\user\Documents\Research\FeatureCorrespondenes\data\origin\herzjesu\0001.png
2759.48 0.0 1520.69
0.0 2764.16 1006.81
0.0 0.0 1.0
0.00320929 0.999994 0.000997781 -4.23231
0.111242 -0.0013486 0.993792 -12.8649
0.993788 -0.00307837 -0.111246 0.0678932
