C:\Users\user\Documents\Research\FeatureCorrespondenes\data\origin\fountain\0007.png
2759.48 0.0 1520.69
0.0 2764.16 1006.81
0.0 0.0 1.0
0.995535 0.0943815 -0.00170578 -17.6302
0.003721 -0.02118 0.999769 -3.36186
0.0943235 -0.995311 -0.0214366 0.0325247

C:\Users\user\Documents\Research\FeatureCorrespondenes\data\origin\fountain\0005.png
2759.48 0.0 1520.69
0.0 2764.16 1006.81
0.0 0.0 1.0
0.962742 -0.270399 0.00344709 -14.1604
-0.0160548 -0.0444283 0.998884 -3.32084
-0.269944 -0.961723 -0.0471142 0.0862032
