C:\Users\user\Documents\Research\FeatureCorrespondenes\data\origin\fountain\0004.png
2759.48 0.0 1520.69
0.0 2764.16 1006.81
0.0 0.0 1.0
0.890856 -0.454283 -0.00158434 -12.404
-0.0211638 -0.0449857 0.998763 -3.81315
-0.453793 -0.889721 -0.0496901 0.110559

C:\Users\user\Documents\Research\FeatureCorrespondenes\data\origin\fountain\0002.png
2759.48 0.0 1520.69
0.0 2764.16 1006.81
0.0 0.0 1.0
0.666779 -0.74495 0.021334 -9.46627
-0.0831384 -0.0459057 0.99548 -5.58174
-0.740603 -0.665539 -0.0925429 0.147736
