feature_evaluation_data/dense/fountain/left_0003-small.png
919.8266666666666 0.0 506.89666666666665
0.0 921.8365624999999 335.7672021484375
0 0 1 
0.795163 -0.606377 -0.00477103 -10.8142 
-0.050195 -0.0736593 0.996019 -4.53704 
-0.604314 -0.791759 -0.0890082 0.122293

feature_evaluation_data/dense/fountain/right_0001-small.png
919.8266666666666 0.0 506.89666666666665
0.0 921.8365624999999 335.7672021484375
0 0 1 
0.582226 -0.813027 -0.000148752 -8.31326 
-0.0983866 -0.0706383 0.992638 -6.3181 
-0.807052 -0.577925 -0.121118 0.16107 