feature_evaluation_data/dense/herz_jesu/0003-small.png
919.8266666666666 0.0 506.89666666666665
0.0 921.8365624999999 335.7672021484375
0 0 1 
0.267665 0.963503 0.00428434 -5.67296 
0.106626 -0.0340398 0.993716 -8.26979 
0.957594 -0.265526 -0.111846 0.354114 

feature_evaluation_data/dense/herz_jesu/0004-small.png
919.8266666666666 0.0 506.89666666666665
0.0 921.8365624999999 335.7672021484375
0 0 1 
0.359338 0.933185 -0.00641675 -4.58094 
0.176807 -0.0613277 0.982333 -5.84533 
0.916305 -0.354124 -0.187031 0.298433 