C:\Users\user\Documents\Research\FeatureCorrespondenes\data\origin\fountain\0004.png
2759.48 0.0 1520.69
0.0 2764.16 1006.81
0.0 0.0 1.0
0.890856 -0.454283 -0.00158434 -12.404
-0.0211638 -0.0449857 0.998763 -3.81315
-0.453793 -0.889721 -0.0496901 0.110559

C:\Users\user\Documents\Research\FeatureCorrespondenes\data\origin\fountain\0003.png
2759.48 0.0 1520.69
0.0 2764.16 1006.81
0.0 0.0 1.0
0.795163 -0.606377 -0.00477103 -10.8142
-0.050195 -0.0736593 0.996019 -4.53704
-0.604314 -0.791759 -0.0890082 0.122293
