C:\Users\user\Documents\Research\FeatureCorrespondenes\data\origin\fountain\0002.png
2759.48 0.0 1520.69
0.0 2764.16 1006.81
0.0 0.0 1.0
0.666779 -0.74495 0.021334 -9.46627
-0.0831384 -0.0459057 0.99548 -5.58174
-0.740603 -0.665539 -0.0925429 0.147736

C:\Users\user\Documents\Research\FeatureCorrespondenes\data\origin\fountain\0001.png
2759.48 0.0 1520.69
0.0 2764.16 1006.81
0.0 0.0 1.0
0.582226 -0.813027 -0.000148752 -8.31326
-0.0983866 -0.0706383 0.992638 -6.3181
-0.807052 -0.577925 -0.121118 0.16107
