feature_evaluation_data/dense/fountain/left_0003-small.png
919.8266666666666 0.0 506.89666666666665
0.0 921.8365624999999 335.7672021484375
0 0 1 
0.795163 -0.606377 -0.00477103 -10.8142 
-0.050195 -0.0736593 0.996019 -4.53704 
-0.604314 -0.791759 -0.0890082 0.122293 

feature_evaluation_data/dense/fountain/right_0002-small.png
919.8266666666666 0.0 506.89666666666665
0.0 921.8365624999999 335.7672021484375
0 0 1 
0.666779 -0.74495 0.021334 -9.46627 
-0.0831384 -0.0459057 0.99548 -5.58174 
-0.740603 -0.665539 -0.0925429 0.147736 