C:\Users\user\Documents\Research\FeatureCorrespondenes\data\origin\castle\0011.png
2759.48 0.0 1520.69
0.0 2764.16 1006.81
0.0 0.0 1.0
-0.194639 -0.980869 0.00353191 24.8213
-0.169858 0.0372518 0.984764 -13.7242
-0.966056 0.191073 -0.173859 0.596135

C:\Users\user\Documents\Research\FeatureCorrespondenes\data\origin\castle\0012.png
2759.48 0.0 1520.69
0.0 2764.16 1006.81
0.0 0.0 1.0
-0.640069 -0.768299 -0.00524624 22.5565
-0.144444 0.113624 0.982968 -22.4049
-0.754617 0.629925 -0.183704 0.637345
