C:\Users\user\Documents\Research\FeatureCorrespondenes\data\origin\fountain\0010.png
2759.48 0.0 1520.69
0.0 2764.16 1006.81
0.0 0.0 1.0
0.70735 0.706534 0.0215749 -21.9937
0.0218279 -0.0523403 0.998391 -5.82033
0.706526 -0.705741 -0.0524451 -0.0463931

C:\Users\user\Documents\Research\FeatureCorrespondenes\data\origin\fountain\0008.png
2759.48 0.0 1520.69
0.0 2764.16 1006.81
0.0 0.0 1.0
0.928942 0.370116 0.00895096 -19.6309
0.000956298 -0.0265758 0.999646 -3.81958
0.370223 -0.928605 -0.0250414 -0.00781603
