C:\Users\user\Documents\Research\FeatureCorrespondenes\data\origin\castle\0005.png
2759.48 0.0 1520.69
0.0 2764.16 1006.81
0.0 0.0 1.0
0.999554 0.0256577 0.0152526 5.93738
-0.00963004 -0.206467 0.978406 9.05511
0.0282528 -0.978117 -0.206128 0.299889

C:\Users\user\Documents\Research\FeatureCorrespondenes\data\origin\castle\0007.png
2759.48 0.0 1520.69
0.0 2764.16 1006.81
0.0 0.0 1.0
0.911878 -0.410414 0.00628898 22.3953
-0.0936752 -0.193166 0.976684 6.95588
-0.39963 -0.891205 -0.214589 0.540451
