C:\Users\user\Documents\Research\FeatureCorrespondenes\data\origin\castle\0006.png
2759.48 0.0 1520.69
0.0 2764.16 1006.81
0.0 0.0 1.0
0.986744 -0.162221 0.00459356 13.1591
-0.0333958 -0.175275 0.983953 8.01508
-0.158813 -0.971063 -0.178369 0.468933

C:\Users\user\Documents\Research\FeatureCorrespondenes\data\origin\castle\0007.png
2759.48 0.0 1520.69
0.0 2764.16 1006.81
0.0 0.0 1.0
0.911878 -0.410414 0.00628898 22.3953
-0.0936752 -0.193166 0.976684 6.95588
-0.39963 -0.891205 -0.214589 0.540451
