C:\Users\user\Documents\Research\FeatureCorrespondenes\data\origin\herzjesu\0001.png
2759.48 0.0 1520.69
0.0 2764.16 1006.81
0.0 0.0 1.0
0.00320929 0.999994 0.000997781 -4.23231
0.111242 -0.0013486 0.993792 -12.8649
0.993788 -0.00307837 -0.111246 0.0678932

C:\Users\user\Documents\Research\FeatureCorrespondenes\data\origin\herzjesu\0003.png
2759.48 0.0 1520.69
0.0 2764.16 1006.81
0.0 0.0 1.0
0.267665 0.963503 0.00428434 -5.67296
0.106626 -0.0340398 0.993716 -8.26979
0.957594 -0.265526 -0.111846 0.354114
