C:\Users\user\Documents\Research\FeatureCorrespondenes\data\origin\fountain\0007.png
2759.48 0.0 1520.69
0.0 2764.16 1006.81
0.0 0.0 1.0
0.995535 0.0943815 -0.00170578 -17.6302
0.003721 -0.02118 0.999769 -3.36186
0.0943235 -0.995311 -0.0214366 0.0325247

C:\Users\user\Documents\Research\FeatureCorrespondenes\data\origin\fountain\0006.png
2759.48 0.0 1520.69
0.0 2764.16 1006.81
0.0 0.0 1.0
0.994915 -0.100715 0.00117536 -15.8818
-0.00462005 -0.0339759 0.999412 -3.15083
-0.100616 -0.994335 -0.0342684 0.0592619
