C:\Users\user\Documents\Research\FeatureCorrespondenes\data\origin\fountain\0010.png
2759.48 0.0 1520.69
0.0 2764.16 1006.81
0.0 0.0 1.0
0.70735 0.706534 0.0215749 -21.9937
0.0218279 -0.0523403 0.998391 -5.82033
0.706526 -0.705741 -0.0524451 -0.0463931

C:\Users\user\Documents\Research\FeatureCorrespondenes\data\origin\fountain\0009.png
2759.48 0.0 1520.69
0.0 2764.16 1006.81
0.0 0.0 1.0
0.84137 0.540262 0.0145864 -20.9553
0.00860137 -0.0403709 0.999148 -4.61897
0.540391 -0.840528 -0.0386139 -0.0303931
