C:\Users\user\Documents\Research\FeatureCorrespondenes\data\origin\castle\0006.png
2759.48 0.0 1520.69
0.0 2764.16 1006.81
0.0 0.0 1.0
0.986744 -0.162221 0.00459356 13.1591
-0.0333958 -0.175275 0.983953 8.01508
-0.158813 -0.971063 -0.178369 0.468933

C:\Users\user\Documents\Research\FeatureCorrespondenes\data\origin\castle\0008.png
2759.48 0.0 1520.69
0.0 2764.16 1006.81
0.0 0.0 1.0
0.648895 -0.760864 -0.00460934 26.1217
-0.153956 -0.137228 0.978502 3.87574
-0.745139 -0.634236 -0.206186 0.519044
