feature_evaluation_data/dense/fountain/left_0004-small.png
919.8266666666666 0.0 506.89666666666665
0.0 921.8365624999999 335.7672021484375
0 0 1 
0.890856 -0.454283 -0.00158434 -12.404 
-0.0211638 -0.0449857 0.998763 -3.81315 
-0.453793 -0.889721 -0.0496901 0.110559 

feature_evaluation_data/dense/fountain/right_0002-small.png
919.8266666666666 0.0 506.89666666666665
0.0 921.8365624999999 335.7672021484375
0 0 1 
0.666779 -0.74495 0.021334 -9.46627 
-0.0831384 -0.0459057 0.99548 -5.58174 
-0.740603 -0.665539 -0.0925429 0.147736 