C:\Users\user\Documents\Research\FeatureCorrespondenes\data\origin\fountain\0002.png
2759.48 0.0 1520.69
0.0 2764.16 1006.81
0.0 0.0 1.0
0.666779 -0.74495 0.021334 -9.46627
-0.0831384 -0.0459057 0.99548 -5.58174
-0.740603 -0.665539 -0.0925429 0.147736

C:\Users\user\Documents\Research\FeatureCorrespondenes\data\origin\fountain\0000.png
2759.48 0.0 1520.69
0.0 2764.16 1006.81
0.0 0.0 1.0
0.450927 -0.892535 0.00679989 -7.28137
-0.0945642 -0.0401974 0.994707 -7.57667
-0.887537 -0.449183 -0.102528 0.204446
